0 0.05371 0.51709 0.10742 0.08496
0 0.02832 0.38574 0.05664 0.07812
0 0.87451 0.53809 0.15527 0.10742
0 0.70947 0.29346 0.09277 0.08301
0 0.34814 0.72705 0.12207 0.09082
0 0.62695 0.77588 0.08008 0.07715
0 0.41211 0.06592 0.13477 0.12988
0 0.4292 0.90869 0.12012 0.10254
0 0.39844 0.23096 0.08789 0.05762
0 0.47705 0.22949 0.08496 0.07422
0 0.47998 0.22949 0.08496 0.08008
0 0.23828 0.45752 0.11523 0.08496
0 0.52197 0.32666 0.10059 0.08496
0 0.35352 0.21191 0.07422 0.05664
0 0.18945 0.32959 0.07422 0.06934
0 0.50342 0.70605 0.1377 0.11719
0 0.94873 0.60986 0.10254 0.08496
0 0.31982 0.17627 0.05371 0.05176
0 0.32764 0.49707 0.06348 0.08008
