0 0.91943 0.72119 0.09277 0.09082
0 0.82324 0.71045 0.07227 0.08496
0 0.87939 0.29736 0.09473 0.09473
0 0.76465 0.9624 0.08984 0.0752
0 0.69678 0.87891 0.06738 0.07227
0 0.09473 0.18799 0.08984 0.10254
0 0.33594 0.40137 0.08789 0.07812
0 0.16943 0.13086 0.0752 0.08789
0 0.31592 0.61426 0.09277 0.07031
0 0.32422 0.52979 0.11523 0.09473
0 0.19482 0.3457 0.09473 0.10742
0 0.64258 0.77637 0.0625 0.08008
0 0.61426 0.74268 0.0625 0.08301
0 0.6792 0.02979 0.06738 0.05957
0 0.22705 0.14941 0.06543 0.0957
0 0.87451 0.54199 0.12988 0.13477
0 0.1123 0.36133 0.04492 0.0625
0 0.97949 0.17383 0.04102 0.06836
0 0.78857 0.59229 0.1123 0.12012
0 0.76514 0.11963 0.06738 0.04785
0 0.87451 0.09863 0.05957 0.0625
0 0.77441 0.05957 0.06445 0.05273
0 0.33203 0.03711 0.06445 0.07031
