0 0.20947 0.16553 0.14941 0.09863
0 0.52539 0.27246 0.08984 0.08008
0 0.42432 0.86914 0.12012 0.10742
0 0.90039 0.13721 0.09766 0.09082
0 0.14404 0.63232 0.15527 0.18652
0 0.31299 0.90967 0.12012 0.11035
0 0.4458 0.79443 0.13965 0.09668
0 0.51025 0.92529 0.09473 0.10059
0 0.93799 0.40967 0.1123 0.2041
0 0.04736 0.1416 0.09473 0.23242
0 0.12549 0.41309 0.23145 0.10352
0 0.03125 0.24707 0.0625 0.08594
0 0.4043 0.98633 0.11914 0.02734
0 0.15527 0.52246 0.15234 0.16992
0 0.63721 0.9585 0.12402 0.08301
0 0.30713 0.97168 0.09863 0.05664
0 0.86572 0.5293 0.18652 0.11133
0 0.75635 0.79395 0.1377 0.18359
0 0.5 0.18896 0.11914 0.13379
0 0.84375 0.32422 0.16797 0.14648
0 0.4834 0.64502 0.10547 0.15332
0 0.15137 0.09912 0.18945 0.0791
0 0.98291 0.34619 0.03418 0.18066
0 0.62744 0.64014 0.12988 0.18262
0 0.22461 0.98682 0.10547 0.02637
0 0.12695 0.96631 0.19922 0.06738
0 0.18652 0.25391 0.19922 0.14258
0 0.20801 0.28711 0.21289 0.08594
0 0.23486 0.34961 0.16895 0.10352
