0 0.43701 0.58496 0.09082 0.08008
0 0.04834 0.23047 0.07324 0.09766
0 0.94189 0.49707 0.10449 0.10938
0 0.03711 0.05518 0.0625 0.07715
0 0.7998 0.19189 0.08984 0.09473
0 0.60547 0.96484 0.13477 0.07031
0 0.85596 0.56982 0.08691 0.09473
0 0.24072 0.14209 0.07324 0.18457
0 0.29199 0.521 0.07031 0.06738
0 0.37598 0.16064 0.10742 0.12793
0 0.85938 0.48047 0.06055 0.10742
0 0.17725 0.55322 0.06543 0.09277
0 0.86426 0.79834 0.11523 0.08301
0 0.95166 0.71191 0.08496 0.11523
0 0.10449 0.44824 0.06445 0.08789
0 0.29834 0.4082 0.05762 0.0918
0 0.17334 0.7959 0.07324 0.08203
0 0.94434 0.3584 0.08984 0.07812
0 0.40479 0.44189 0.08496 0.06934
0 0.31934 0.7207 0.06445 0.07227
0 0.22949 0.75586 0.06055 0.09766
0 0.81104 0.31445 0.05762 0.06055
0 0.37598 0.51318 0.08789 0.07324
0 0.75684 0.02588 0.06445 0.04785
0 0.91309 0.28711 0.07227 0.06055
0 0.75586 0.57373 0.0625 0.10254
0 0.63574 0.24219 0.08203 0.08008
0 0.25586 0.33691 0.0625 0.10547
0 0.16699 0.15479 0.08008 0.12988
0 0.11865 0.30713 0.05762 0.06934
0 0.33984 0.44727 0.05469 0.05469
