0 0.81592 0.82959 0.08105 0.05762
0 0.59961 0.05566 0.09375 0.04883
0 0.48535 0.61084 0.07031 0.07129
0 0.78955 0.16895 0.09863 0.07422
0 0.81836 0.0874 0.06641 0.06934
0 0.39648 0.90137 0.08789 0.04883
0 0.45898 0.21143 0.09766 0.0752
0 0.71973 0.10498 0.0957 0.05371
0 0.97363 0.17529 0.05273 0.04785
0 0.25391 0.8291 0.0918 0.06445
0 0.06982 0.34473 0.08691 0.04492
0 0.70557 0.6333 0.08496 0.0498
0 0.45996 0.25244 0.10742 0.07715
0 0.1084 0.66846 0.07617 0.06152
0 0.47559 0.10742 0.07812 0.05273
0 0.2832 0.13184 0.11133 0.04688
0 0.86377 0.03711 0.10254 0.05078
0 0.0791 0.01514 0.09766 0.03027
0 0.80859 0.50049 0.04297 0.06543
0 0.55762 0.23193 0.08398 0.0498
0 0.36523 0.83496 0.13086 0.05664
0 0.35156 0.38135 0.08398 0.04785
0 0.88477 0.38135 0.07812 0.03613
0 0.24658 0.71631 0.08301 0.04785
0 0.33252 0.45068 0.09863 0.04395
0 0.9751 0.7915 0.0498 0.03418
0 0.47412 0.56982 0.0752 0.03613
0 0.86133 0.4873 0.07031 0.03711
0 0.25391 0.3125 0.08203 0.04297
0 0.14551 0.61035 0.09766 0.03516
0 0.34229 0.03223 0.08301 0.05664
0 0.20557 0.24512 0.08105 0.04492
0 0.6582 0.40283 0.10938 0.04004
0 0.23047 0.42871 0.10742 0.03711
0 0.6709 0.81641 0.06836 0.04102
0 0.67139 0.02197 0.06152 0.04004
0 0.16895 0.36816 0.07422 0.04883
0 0.21289 0.8667 0.0957 0.04199
0 0.30518 0.51416 0.10449 0.04004
0 0.25244 0.54199 0.06934 0.03516
0 0.83154 0.73877 0.0791 0.04004
0 0.35107 0.33643 0.06934 0.03027
0 0.26367 0.36719 0.05273 0.02539
0 0.48535 0.87256 0.07031 0.0459
0 0.53125 0.73242 0.13086 0.03516
0 0.02734 0.06396 0.05469 0.0459
0 0.6875 0.69629 0.0957 0.05664
0 0.92773 0.72119 0.08008 0.03418
0 0.41113 0.80762 0.10352 0.03711
0 0.45898 0.45068 0.09961 0.04199
0 0.6001 0.78809 0.06738 0.02734
0 0.95215 0.09277 0.04883 0.02734
0 0.25146 0.27979 0.08496 0.03027
0 0.05859 0.43164 0.0957 0.03711
0 0.72168 0.29346 0.05469 0.04199
0 0.19336 0.70361 0.0625 0.04004
0 0.26416 0.77441 0.08105 0.0293
0 0.93848 0.64893 0.06836 0.04004
0 0.98193 0.91797 0.03418 0.0332
0 0.05908 0.66699 0.08887 0.03125
0 0.84912 0.91016 0.08887 0.03906
0 0.14551 0.83691 0.07617 0.04102
0 0.05859 0.17773 0.09961 0.04102
0 0.03271 0.89502 0.06543 0.03418
0 0.27148 0.02686 0.10742 0.05371
0 0.98145 0.5376 0.03711 0.04395
0 0.78613 0.18896 0.0957 0.04199
0 0.94678 0.2334 0.06738 0.01758
0 0.36572 0.36328 0.07324 0.03125
0 0.72363 0.85059 0.10742 0.04688
0 0.47607 0.95996 0.09863 0.03906
0 0.03271 0.93604 0.06543 0.0459
0 0.47021 0.82324 0.05957 0.02344
