0 0.88672 0.5918 0.06836 0.08594
0 0.96094 0.04883 0.05078 0.08789
0 0.68164 0.75586 0.09961 0.05859
0 0.59131 0.39795 0.0459 0.11426
0 0.87207 0.03906 0.06836 0.07617
0 0.42969 0.54736 0.09961 0.04785
0 0.28857 0.77979 0.09277 0.10449
0 0.70605 0.39844 0.06445 0.10156
0 0.6543 0.96973 0.06641 0.06055
0 0.74707 0.15039 0.0957 0.13086
0 0.58203 0.1543 0.08203 0.08008
0 0.51514 0.09961 0.05566 0.03906
0 0.20312 0.6416 0.11914 0.06836
0 0.27588 0.35449 0.10449 0.08594
0 0.625 0.32178 0.07227 0.09082
0 0.10205 0.15625 0.10449 0.06445
0 0.39746 0.29834 0.07031 0.09277
0 0.85498 0.41797 0.10059 0.08008
0 0.25293 0.38037 0.10156 0.07715
0 0.71387 0.45898 0.10156 0.08398
0 0.90723 0.31885 0.05859 0.11426
0 0.53076 0.97754 0.08887 0.04492
0 0.7793 0.31592 0.13086 0.08105
0 0.5376 0.50781 0.06543 0.05859
0 0.16895 0.66504 0.0918 0.08398
0 0.95605 0.97119 0.08203 0.05762
0 0.15918 0.84717 0.09961 0.04004
0 0.04346 0.44043 0.08691 0.08398
0 0.62891 0.09912 0.10938 0.0791
0 0.7749 0.44238 0.05762 0.06445
0 0.25732 0.84717 0.06543 0.0459
0 0.28857 0.09766 0.07715 0.06055
0 0.07568 0.74023 0.10059 0.07227
0 0.79346 0.56592 0.06543 0.03613
0 0.43994 0.81201 0.08691 0.05176
0 0.47119 0.11768 0.05762 0.06934
0 0.22607 0.25879 0.10449 0.12891
0 0.37646 0.6665 0.12793 0.0459
0 0.73145 0.87061 0.05078 0.05176
0 0.07715 0.09424 0.1543 0.11426
0 0.1377 0.96924 0.09766 0.04004
0 0.47168 0.97461 0.04297 0.05078
0 0.16064 0.71777 0.1709 0.05273
0 0.54248 0.77881 0.09668 0.03809
0 0.4248 0.37402 0.08203 0.05664
0 0.62744 0.86279 0.05762 0.04395
0 0.88525 0.01904 0.03613 0.03809
0 0.58545 0.73389 0.05762 0.04395
0 0.8042 0.25928 0.04395 0.03223
0 0.50586 0.86133 0.06055 0.0293
0 0.41797 0.94092 0.10938 0.05176
0 0.85645 0.98975 0.06836 0.02051
0 0.54346 0.59326 0.08301 0.03613
0 0.24902 0.02393 0.05078 0.04785
0 0.54932 0.17285 0.08691 0.07812
0 0.61572 0.79053 0.11621 0.05762
0 0.16748 0.46289 0.05371 0.03711
0 0.88232 0.76025 0.08105 0.07715
0 0.36328 0.33057 0.0957 0.05371
0 0.20312 0.07568 0.1543 0.14355
0 0.13135 0.09717 0.04785 0.06738
0 0.104 0.02246 0.06934 0.04492
0 0.49658 0.83838 0.05762 0.02832
