0 0.03027 0.96387 0.06055 0.06641
0 0.69824 0.07178 0.06445 0.09863
0 0.79883 0.38379 0.09766 0.13477
0 0.93262 0.49414 0.04492 0.0957
0 0.38818 0.03955 0.06348 0.07715
0 0.23682 0.77686 0.06934 0.06348
0 0.66895 0.44189 0.05078 0.08301
0 0.44971 0.86084 0.06934 0.0752
0 0.75342 0.43506 0.06543 0.0791
0 0.53418 0.13574 0.08203 0.08789
0 0.31641 0.47705 0.05469 0.08301
0 0.38623 0.51025 0.04199 0.09863
0 0.49268 0.72021 0.06152 0.06738
0 0.24316 0.85254 0.08398 0.05078
0 0.10352 0.42285 0.07227 0.06836
0 0.28809 0.2959 0.12695 0.0332
0 0.22656 0.54785 0.08789 0.06055
0 0.68604 0.52197 0.03418 0.06348
0 0.92773 0.75146 0.05469 0.0752
0 0.69727 0.75342 0.05469 0.05762
0 0.41455 0.68555 0.05176 0.07422
0 0.81006 0.80469 0.04199 0.07422
0 0.7334 0.49365 0.03125 0.09473
0 0.10254 0.02051 0.07031 0.04102
0 0.31982 0.80762 0.04004 0.07422
0 0.40527 0.19141 0.07617 0.04492
0 0.65283 0.97363 0.08301 0.05273
0 0.92969 0.20117 0.0332 0.07617
0 0.00635 0.4668 0.0127 0.05273
0 0.96875 0.88867 0.0625 0.05859
0 0.82227 0.021 0.04492 0.04004
0 0.0835 0.8125 0.05957 0.05078
0 0.96826 0.15088 0.06348 0.05176
0 0.25 0.45361 0.0293 0.06543
0 0.22607 0.94922 0.04199 0.0332
0 0.3667 0.23779 0.0498 0.04395
0 0.62012 0.75684 0.05469 0.05664
0 0.73291 0.16504 0.0459 0.06445
0 0.6748 0.21191 0.0332 0.07617
0 0.49268 0.92139 0.04785 0.05176
0 0.48047 0.75488 0.04688 0.0625
0 0.55029 0.83447 0.0459 0.02637
0 0.2085 0.79395 0.04395 0.04492
0 0.79834 0.21094 0.02637 0.07617
0 0.16162 0.55957 0.07324 0.04297
0 0.19531 0.31934 0.07812 0.05078
0 0.68115 0.44336 0.04785 0.08594
0 0.50635 0.06494 0.09277 0.11426
0 0.77588 0.17578 0.12012 0.06641
0 0.40576 0.4541 0.05957 0.04102
0 0.49072 0.53809 0.07129 0.02344
0 0.65625 0.84375 0.06641 0.05273
0 0.85205 0.91162 0.05566 0.06738
0 0.76318 0.875 0.04199 0.03711
0 0.02246 0.79297 0.04492 0.0625
