0 0.02539 0.0498 0.05078 0.03906
0 0.86377 0.04541 0.04199 0.05566
0 0.91748 0.05029 0.0459 0.03223
0 0.76953 0.18555 0.0625 0.0332
0 0.68359 0.13623 0.04102 0.03027
0 0.74561 0.04004 0.03809 0.04102
0 0.42285 0.02295 0.07617 0.0459
0 0.16357 0.15137 0.05957 0.05078
0 0.11084 0.20508 0.04785 0.04492
0 0.95361 0.39697 0.03613 0.02832
0 0.96729 0.43018 0.03809 0.02832
0 0.86426 0.46436 0.04492 0.06738
0 0.89502 0.31445 0.02832 0.0293
0 0.76611 0.48193 0.0498 0.06543
0 0.69092 0.41748 0.04395 0.04785
0 0.76562 0.26465 0.04883 0.04297
0 0.60303 0.2373 0.06543 0.03711
0 0.49658 0.32422 0.09863 0.05664
0 0.32861 0.26855 0.11816 0.05664
0 0.31982 0.53711 0.05176 0.04297
0 0.57959 0.62695 0.07129 0.03516
0 0.02539 0.29443 0.05078 0.04785
0 0.03418 0.3125 0.05273 0.01953
0 0.07031 0.31543 0.05664 0.04102
0 0.08203 0.49707 0.08984 0.04492
0 0.02148 0.60303 0.04297 0.05957
0 0.06348 0.66113 0.08984 0.04297
0 0.04688 0.7793 0.03906 0.04688
0 0.14453 0.79199 0.04297 0.08008
0 0.2251 0.77393 0.06934 0.0459
0 0.28857 0.79346 0.06934 0.10449
0 0.05518 0.90527 0.07129 0.05273
0 0.12549 0.95703 0.11816 0.08594
0 0.33984 0.94727 0.06641 0.04297
0 0.52002 0.94141 0.05371 0.09375
0 0.4541 0.95654 0.06445 0.04199
0 0.41455 0.83154 0.0498 0.02832
0 0.37256 0.73975 0.0498 0.0498
0 0.50049 0.70801 0.06348 0.05273
0 0.60645 0.73291 0.06445 0.03809
0 0.7041 0.74072 0.04883 0.03809
0 0.68018 0.86621 0.03613 0.04688
0 0.59668 0.81445 0.0332 0.02734
0 0.84814 0.71973 0.04785 0.05078
0 0.78906 0.97803 0.05273 0.04395
0 0.86865 0.84082 0.0498 0.10742
0 0.95117 0.92822 0.03125 0.04199
0 0.66016 0.70752 0.03906 0.03223
