0 0.96729 0.51318 0.06543 0.09277
0 0.56836 0.64941 0.08203 0.10547
0 0.45996 0.46826 0.10938 0.08301
0 0.74316 0.18799 0.17773 0.09277
0 0.66357 0.85205 0.07715 0.0791
0 0.91699 0.6167 0.07031 0.0752
0 0.43213 0.37451 0.0752 0.06934
0 0.28369 0.61182 0.10254 0.10449
0 0.30078 0.97607 0.0918 0.04785
0 0.68115 0.94824 0.05762 0.0625
0 0.52393 0.0708 0.07129 0.10449
0 0.43457 0.95996 0.07422 0.08008
0 0.31445 0.8335 0.11523 0.20801
0 0.30225 0.36475 0.09473 0.15527
0 0.77832 0.68848 0.07227 0.08203
0 0.14209 0.14844 0.09082 0.09766
0 0.97852 0.95166 0.04297 0.0498
0 0.2334 0.68701 0.12305 0.10449
0 0.75049 0.31299 0.07715 0.1123
0 0.8457 0.97363 0.0625 0.05273
0 0.7168 0.47803 0.10547 0.12793
0 0.83447 0.29297 0.09082 0.07227
0 0.50195 0.31299 0.07422 0.07715
0 0.21191 0.46973 0.11523 0.125
0 0.81201 0.42334 0.06934 0.07324
0 0.39551 0.65234 0.08789 0.17969
0 0.07568 0.45947 0.07324 0.11035
0 0.52344 0.18848 0.09766 0.13281
0 0.75342 0.9585 0.09277 0.08301
0 0.86572 0.45801 0.06738 0.13281
0 0.52588 0.85449 0.09277 0.15039
0 0.16113 0.3418 0.17773 0.15039
0 0.29688 0.08691 0.11523 0.16992
0 0.86426 0.74854 0.07031 0.06738
0 0.51318 0.74316 0.08301 0.08203
0 0.04736 0.77588 0.0498 0.06738
0 0.31543 0.53223 0.07227 0.10547
0 0.86572 0.90918 0.12793 0.08008
0 0.94922 0.74268 0.0957 0.1123
0 0.36719 0.1958 0.13477 0.18262
0 0.06982 0.9707 0.04395 0.05664
0 0.83838 0.80322 0.07715 0.07324
0 0.58691 0.7832 0.0957 0.08789
0 0.96191 0.86768 0.04883 0.11816
0 0.60596 0.9043 0.05762 0.08008
0 0.89453 0.27979 0.07422 0.09473
0 0.44824 0.74219 0.05664 0.08008
0 0.74121 0.11621 0.14453 0.10547
0 0.04834 0.04443 0.09277 0.08496
0 0.70996 0.10449 0.08008 0.10938
0 0.10938 0.35205 0.08008 0.13965
0 0.46094 0.07715 0.08203 0.06055
0 0.83203 0.58936 0.07031 0.05957
0 0.0166 0.69092 0.0293 0.07129
0 0.0293 0.30078 0.05469 0.08203
0 0.18994 0.0459 0.08496 0.08789
0 0.68311 0.56104 0.04785 0.05762
0 0.40479 0.86182 0.06543 0.11035
0 0.34863 0.81104 0.05273 0.10254
0 0.56445 0.37793 0.06445 0.05273
0 0.31201 0.25684 0.06543 0.08008
0 0.01953 0.5957 0.03516 0.03711
0 0.40576 0.09814 0.06738 0.09277
