0 0.77686 0.17432 0.12598 0.05957
0 0.76367 0.64697 0.06055 0.06543
0 0.68604 0.29932 0.1123 0.08496
0 0.62451 0.89648 0.08496 0.06445
0 0.92432 0.14893 0.09277 0.10645
0 0.8623 0.93311 0.13867 0.05762
0 0.43848 0.0957 0.0625 0.11719
0 0.88721 0.53076 0.10449 0.07324
0 0.8999 0.65625 0.05957 0.05078
0 0.70068 0.53809 0.12793 0.09766
0 0.53809 0.61328 0.09766 0.07227
0 0.32178 0.56592 0.0752 0.08301
0 0.4585 0.31543 0.05762 0.05273
0 0.39453 0.96094 0.05273 0.07617
0 0.81006 0.7627 0.09277 0.0625
0 0.56396 0.73389 0.06543 0.08691
0 0.60303 0.78955 0.06738 0.0791
0 0.64697 0.46191 0.09082 0.10938
0 0.51562 0.25928 0.12695 0.09473
0 0.81689 0.85205 0.14941 0.05957
0 0.67334 0.40186 0.07715 0.12988
0 0.63477 0.58936 0.08984 0.08496
0 0.49316 0.03809 0.07422 0.07422
0 0.56006 0.02393 0.0752 0.04785
0 0.7915 0.04346 0.05957 0.08691
0 0.54053 0.29834 0.07715 0.08301
0 0.63232 0.81299 0.07715 0.09668
0 0.81104 0.77002 0.1123 0.0752
0 0.82324 0.81348 0.07227 0.04297
0 0.87549 0.85596 0.1377 0.03809
