0 0.55859 0.50586 0.0625 0.10156
0 0.07617 0.51562 0.06055 0.09375
0 0.53955 0.67383 0.09668 0.12109
0 0.35059 0.15332 0.08008 0.06836
0 0.18701 0.51807 0.12012 0.08301
0 0.46484 0.80127 0.08008 0.1084
0 0.35498 0.48828 0.07324 0.08594
0 0.42041 0.2627 0.05762 0.07812
0 0.8291 0.82275 0.04492 0.08105
0 0.52686 0.25098 0.05762 0.0918
0 0.07031 0.42334 0.13086 0.12012
0 0.25049 0.45947 0.03613 0.08496
0 0.68848 0.13574 0.08398 0.11719
0 0.14746 0.31592 0.11914 0.14941
0 0.38477 0.25684 0.07812 0.09375
0 0.80664 0.31592 0.07031 0.08105
0 0.646 0.94434 0.06152 0.05469
0 0.84033 0.58887 0.06348 0.11719
0 0.01318 0.77295 0.02637 0.07129
0 0.54688 0.96973 0.02539 0.06055
0 0.19727 0.04541 0.07031 0.07324
0 0.49902 0.95996 0.02539 0.07617
0 0.66943 0.30908 0.02832 0.06152
0 0.29004 0.12354 0.02344 0.09277
0 0.15479 0.96289 0.02637 0.07422
0 0.50635 0.29932 0.04004 0.06348
0 0.76562 0.58154 0.0918 0.0791
0 0.40527 0.89062 0.18359 0.06445
0 0.90283 0.2627 0.02441 0.07812
0 0.56348 0.8457 0.07422 0.1582
0 0.3457 0.57227 0.16211 0.08203
0 0.53174 0.08057 0.03027 0.11426
0 0.01465 0.8877 0.0293 0.12305
0 0.95054 0.45723 0.04541 0.16758
0 0.25391 0.38281 0.07227 0.09961
0 0.28418 0.60791 0.06836 0.05762
0 0.05713 0.36963 0.03613 0.07324
0 0.37451 0.31934 0.15137 0.04883
0 0.67773 0.78564 0.10938 0.08105
0 0.28271 0.17822 0.07715 0.0498
0 0.73535 0.50049 0.08594 0.09473
0 0.18896 0.09033 0.03613 0.1416
0 0.03662 0.95996 0.05371 0.07617
0 0.27979 0.97949 0.07324 0.03711
0 0.86035 0.14795 0.04688 0.07715
0 0.05957 0.92871 0.06445 0.02734
0 0.37158 0.21826 0.06348 0.06152
0 0.82715 0.97314 0.04688 0.02246
0 0.01367 0.96289 0.02734 0.07422
0 0.93018 0.81201 0.03809 0.08105
0 0.80908 0.43799 0.03223 0.05371
0 0.91357 0.94434 0.02832 0.05469
0 0.54199 0.87744 0.08398 0.09277
0 0.70459 0.60645 0.03613 0.0625
0 0.24561 0.98096 0.02832 0.03809
0 0.98193 0.84912 0.03613 0.02637
0 0.76416 0.81592 0.04785 0.06348
0 0.66309 0.67041 0.04102 0.14941
0 0.26709 0.54346 0.07324 0.09082
0 0.08984 0.3999 0.05273 0.03809
0 0.67285 0.51514 0.03125 0.06152
0 0.15771 0.98242 0.10254 0.03125
0 0.33936 0.98193 0.05371 0.03223
0 0.25098 0.95166 0.07031 0.03418
0 0.54736 0.81934 0.0752 0.03906
0 0.91016 0.80225 0.03906 0.05566
0 0.55908 0.69629 0.04395 0.08398
0 0.27197 0.17578 0.08691 0.08008
0 0.68359 0.6167 0.03516 0.0791
0 0.61035 0.5542 0.0332 0.0459
0 0.64111 0.58105 0.0459 0.15039
0 0.81494 0.86963 0.09863 0.03027
0 0.77881 0.87598 0.03613 0.05664
0 0.69775 0.1875 0.04395 0.05664
