0 0.31006 0.42725 0.11426 0.12402
0 0.37891 0.51221 0.08789 0.25488
0 0.74707 0.27197 0.10742 0.11035
0 0.46338 0.30127 0.07324 0.2998
0 0.06982 0.56934 0.11426 0.12695
0 0.82031 0.26758 0.10742 0.15625
0 0.06104 0.67627 0.10254 0.16699
0 0.69141 0.00098 0.12695 0.00195
0 0.88037 0.40332 0.15527 0.08398
0 0.20752 0.60156 0.06738 0.06445
0 0.50781 0.42871 0.06641 0.19531
0 0.43311 0.55713 0.03809 0.04199
0 0.19189 0.66406 0.04785 0.03906
0 0.39893 0.16113 0.05566 0.06445
0 0.54834 0.09229 0.08691 0.06738
