0 0.04443 0.66455 0.08887 0.0752
0 0.62109 0.83691 0.0957 0.10156
0 0.63379 0.68652 0.11133 0.12305
0 0.0415 0.38135 0.07324 0.13574
0 0.54688 0.75537 0.08984 0.11426
0 0.20361 0.68994 0.0791 0.11621
0 0.61133 0.44873 0.09766 0.1123
0 0.87256 0.38672 0.10254 0.14258
0 0.22461 0.80908 0.0918 0.06152
0 0.12646 0.36768 0.0791 0.08301
0 0.39551 0.72559 0.10742 0.18359
0 0.91602 0.68896 0.13867 0.12598
0 0.68799 0.91895 0.08496 0.11914
0 0.11133 0.76221 0.09961 0.08105
0 0.10156 0.30762 0.07031 0.12695
0 0.12891 0.04834 0.11328 0.09668
0 0.24707 0.85938 0.1875 0.0625
0 0.24756 0.90186 0.20801 0.08105
