0 0.85986 0.61084 0.08691 0.06738
0 0.78076 0.27979 0.06152 0.08496
0 0.50293 0.36035 0.08203 0.0918
0 0.36035 0.14893 0.07031 0.08496
0 0.92334 0.05957 0.04785 0.09375
0 0.89502 0.42676 0.06543 0.09766
0 0.42822 0.43848 0.07324 0.14648
0 0.29834 0.18701 0.04785 0.08105
0 0.07812 0.90625 0.07227 0.07227
0 0.07275 0.54297 0.09863 0.06836
0 0.77295 0.19482 0.08301 0.08887
0 0.96582 0.70166 0.06836 0.07129
0 0.57031 0.16162 0.125 0.05176
0 0.44287 0.2583 0.08105 0.06738
0 0.68213 0.21094 0.0752 0.05664
0 0.64209 0.35449 0.05566 0.06641
0 0.75732 0.40576 0.06934 0.06543
0 0.18457 0.91943 0.06641 0.05566
0 0.98291 0.51562 0.03418 0.08008
0 0.59912 0.22363 0.04395 0.08008
0 0.49756 0.25684 0.0752 0.05859
0 0.87012 0.67529 0.07227 0.05371
0 0.76416 0.76172 0.10254 0.07617
0 0.10498 0.10303 0.10059 0.09473
0 0.03418 0.21924 0.06836 0.07715
0 0.08594 0.81543 0.10352 0.06641
0 0.19873 0.41797 0.09668 0.05469
0 0.1377 0.43066 0.08789 0.07227
0 0.03027 0.66113 0.06055 0.07617
0 0.24219 0.77441 0.07422 0.05859
0 0.26465 0.49756 0.05469 0.08496
0 0.86572 0.18359 0.08105 0.08789
0 0.21484 0.52881 0.07422 0.04785
0 0.78223 0.46533 0.07812 0.08691
0 0.40918 0.83398 0.10352 0.05664
0 0.69141 0.06348 0.08594 0.03125
0 0.6167 0.59814 0.06152 0.06348
0 0.88232 0.2876 0.05566 0.06348
0 0.5542 0.30908 0.06348 0.04004
0 0.21826 0.07227 0.08496 0.04883
0 0.76465 0.49268 0.07227 0.0459
0 0.48291 0.13135 0.05957 0.05371
0 0.20605 0.30469 0.07812 0.04492
0 0.68848 0.1792 0.05859 0.05176
0 0.94141 0.93213 0.04102 0.05762
0 0.92529 0.84131 0.03809 0.08301
0 0.46289 0.14844 0.05469 0.04688
0 0.13477 0.17529 0.08398 0.08301
0 0.75879 0.48535 0.06836 0.11914
0 0.19971 0.7251 0.07324 0.07715
0 0.09082 0.20898 0.07617 0.0957
0 0.06787 0.85889 0.06543 0.0459
0 0.09326 0.34424 0.07715 0.03613
0 0.40088 0.93164 0.08301 0.03516
0 0.12891 0.52783 0.08594 0.05176
0 0.18604 0.82617 0.09277 0.05078
0 0.22461 0.9751 0.07812 0.04004
0 0.08203 0.16748 0.10938 0.06934
0 0.57764 0.44141 0.06543 0.09375
0 0.24072 0.0166 0.04199 0.0332
0 0.89307 0.9873 0.04004 0.02539
0 0.98389 0.96875 0.03223 0.02734
0 0.3833 0.55322 0.04785 0.08105
0 0.06641 0.77588 0.08398 0.05762
0 0.29395 0.46973 0.05859 0.04102
0 0.32617 0.92432 0.06641 0.05371
0 0.646 0.52881 0.06348 0.05762
0 0.93018 0.59766 0.06738 0.04492
0 0.40088 0.52686 0.07129 0.05762
0 0.02881 0.11182 0.05566 0.04785
0 0.02539 0.81641 0.04883 0.04688
0 0.83887 0.25049 0.04102 0.03613
0 0.2666 0.24707 0.02148 0.05078
0 0.70215 0.6709 0.04492 0.04688
0 0.29883 0.97705 0.08203 0.03223
0 0.8418 0.01514 0.0332 0.03027
0 0.59131 0.01465 0.03223 0.0293
0 0.43652 0.9751 0.05859 0.03809
0 0.43652 0.81396 0.08398 0.06738
0 0.26904 0.88721 0.06934 0.05566
0 0.7583 0.01025 0.05371 0.01855
0 0.94092 0.91602 0.04004 0.0625
0 0.47656 0.84912 0.08008 0.06934
0 0.19189 0.28955 0.04004 0.03223
