0 0.45557 0.33691 0.16699 0.08984
0 0.93066 0.11328 0.125 0.0918
0 0.53223 0.48291 0.10547 0.10254
0 0.52051 0.23047 0.08008 0.07227
0 0.83105 0.04102 0.11719 0.08203
0 0.37793 0.62891 0.09961 0.09961
0 0.24707 0.38965 0.17578 0.17969
0 0.21191 0.20703 0.09961 0.1543
0 0.76709 0.86816 0.08496 0.10742
0 0.13477 0.46826 0.14453 0.07715
0 0.68701 0.21533 0.08496 0.10254
0 0.4209 0.13965 0.09766 0.09961
0 0.91553 0.4707 0.06738 0.0625
0 0.30322 0.54199 0.07715 0.08789
0 0.94189 0.2417 0.0752 0.09473
0 0.98242 0.26074 0.03516 0.1582
0 0.51855 0.04199 0.07227 0.06055
0 0.94189 0.59863 0.11035 0.14258
0 0.79199 0.63184 0.11523 0.125
0 0.07715 0.19189 0.0957 0.06934
0 0.48193 0.57861 0.06934 0.06738
0 0.15234 0.09473 0.08984 0.08984
0 0.83008 0.80566 0.14258 0.08984
0 0.7168 0.61719 0.08984 0.08008
0 0.11182 0.60059 0.08496 0.09766
0 0.6084 0.15332 0.07227 0.06836
0 0.74414 0.77148 0.07031 0.0625
0 0.96973 0.81006 0.06055 0.12207
0 0.76709 0.46094 0.08496 0.07812
0 0.67822 0.11328 0.1377 0.11328
0 0.90234 0.78467 0.07031 0.08301
0 0.34619 0.20459 0.10254 0.12988
0 0.52197 0.90625 0.10449 0.1875
0 0.18213 0.53564 0.10449 0.05762
0 0.62939 0.24219 0.06543 0.10547
0 0.60791 0.37158 0.1377 0.08496
0 0.31104 0.11621 0.1377 0.14258
0 0.1792 0.77441 0.20996 0.11523
0 0.93701 0.92578 0.06543 0.0918
0 0.05078 0.40479 0.09766 0.09473
0 0.13818 0.92822 0.27246 0.10254
0 0.46094 0.26709 0.0625 0.05957
0 0.80811 0.9502 0.12793 0.09961
0 0.65332 0.32422 0.16797 0.07422
0 0.22314 0.01172 0.10449 0.02344
0 0.09814 0.74463 0.06738 0.11035
0 0.09863 0.11719 0.07227 0.06055
0 0.1748 0.6748 0.16992 0.08984
0 0.01953 0.21191 0.03516 0.11523
0 0.02197 0.65088 0.04004 0.06738
0 0.13086 0.81592 0.13672 0.07715
0 0.21582 0.80566 0.10742 0.09766
0 0.42432 0.97119 0.05957 0.05762
0 0.35352 0.97217 0.0625 0.05566
0 0.49072 0.7832 0.09277 0.10742
0 0.57666 0.55176 0.0752 0.04492
0 0.79443 0.49219 0.10059 0.06445
0 0.45801 0.60742 0.13281 0.08008
0 0.75195 0.91455 0.05469 0.0752
0 0.72949 0.13477 0.08008 0.09961
0 0.56201 0.13818 0.05566 0.07324
0 0.22607 0.30811 0.06738 0.05762
0 0.13477 0.97363 0.08008 0.05273
