0 0.82715 0.59082 0.0957 0.07227
0 0.28906 0.12256 0.11914 0.09668
0 0.25098 0.44092 0.15234 0.09277
0 0.56689 0.17822 0.11035 0.12793
0 0.94727 0.38721 0.10547 0.09473
0 0.60205 0.06689 0.08496 0.10449
0 0.80322 0.46582 0.09668 0.0918
0 0.7832 0.30078 0.10742 0.12695
0 0.51221 0.76172 0.09473 0.08984
0 0.81592 0.97852 0.06543 0.04102
0 0.08691 0.31494 0.09961 0.09863
0 0.63037 0.73584 0.10254 0.09277
0 0.07861 0.69043 0.10254 0.10742
0 0.6543 0.88965 0.08984 0.07031
0 0.60205 0.83301 0.14551 0.09766
0 0.88086 0.21436 0.08203 0.08496
0 0.0957 0.77588 0.05664 0.07715
0 0.75732 0.52051 0.09473 0.09766
0 0.05078 0.13818 0.09766 0.14746
0 0.93115 0.35986 0.1377 0.08496
0 0.52734 0.99854 0.08984 0.00293
