0 0.30078 0.90625 0.07617 0.10938
0 0.42725 0.94336 0.05957 0.08594
0 0.94238 0.85938 0.07422 0.0625
0 0.77588 0.9541 0.06738 0.08008
0 0.71826 0.97754 0.05371 0.04492
0 0.68262 0.9624 0.05469 0.04785
0 0.604 0.83789 0.0791 0.07422
0 0.71143 0.7666 0.07129 0.08008
0 0.77148 0.78564 0.06836 0.07715
0 0.84131 0.73926 0.06543 0.06641
0 0.40381 0.75732 0.07129 0.06934
0 0.33105 0.68701 0.09961 0.05957
0 0.75195 0.60352 0.0625 0.06836
0 0.604 0.60156 0.06348 0.0625
0 0.65234 0.63477 0.08984 0.07812
0 0.5957 0.66406 0.04492 0.07812
0 0.71875 0.53857 0.05664 0.0791
0 0.36182 0.5791 0.15137 0.07422
0 0.54492 0.49463 0.06641 0.11816
0 0.61426 0.47363 0.07227 0.07422
0 0.38379 0.46826 0.07031 0.05957
0 0.82666 0.5 0.07324 0.08789
0 0.84619 0.5708 0.05957 0.05762
0 0.91992 0.54883 0.06836 0.06055
0 0.87744 0.50586 0.05566 0.07031
0 0.75 0.37012 0.07422 0.08594
0 0.95996 0.32812 0.06445 0.17188
0 0.96924 0.21143 0.06152 0.0752
0 0.80811 0.19434 0.06348 0.06055
0 0.86084 0.16309 0.06152 0.07422
0 0.96924 0.07861 0.06152 0.08301
0 0.625 0.19336 0.07422 0.06836
0 0.57031 0.15234 0.05664 0.06641
0 0.57812 0.05176 0.07422 0.06641
0 0.49805 0.0459 0.04883 0.06445
0 0.37012 0.03369 0.06836 0.06738
0 0.30566 0.11328 0.09766 0.0918
0 0.26611 0.0459 0.12402 0.0918
0 0.30518 0.02051 0.07129 0.04102
0 0.11426 0.17334 0.08984 0.10645
0 0.09033 0.0874 0.07715 0.08887
0 0.2959 0.3208 0.07422 0.07715
0 0.18848 0.47705 0.08594 0.08105
0 0.14111 0.44434 0.05957 0.05664
0 0.43994 0.40283 0.05566 0.0752
0 0.48828 0.37891 0.06641 0.10352
0 0.04004 0.73438 0.08008 0.06836
0 0.12207 0.72266 0.06445 0.0918
0 0.46826 0.84424 0.07715 0.07715
0 0.64551 0.4248 0.04688 0.04297
0 0.38916 0.83691 0.04004 0.03125
