0 0.52197 0.70117 0.11426 0.0918
0 0.37207 0.05713 0.05469 0.1123
0 0.76172 0.66748 0.10938 0.09082
0 0.06885 0.76318 0.06348 0.07715
0 0.41162 0.97656 0.09277 0.04297
0 0.04932 0.29102 0.09863 0.06836
0 0.97949 0.54053 0.03906 0.09082
0 0.53955 0.31543 0.10059 0.05078
0 0.75146 0.32422 0.0752 0.05469
0 0.17822 0.88525 0.06738 0.04785
0 0.31201 0.35303 0.05957 0.08301
0 0.36084 0.92822 0.06934 0.06348
0 0.16504 0.26074 0.11523 0.04492
0 0.06445 0.14062 0.12891 0.09375
0 0.72705 0.88379 0.15137 0.06641
0 0.26904 0.62207 0.09277 0.04297
0 0.71631 0.51465 0.05762 0.08398
0 0.37451 0.61963 0.08105 0.0459
0 0.38721 0.68604 0.08301 0.05371
0 0.37598 0.90527 0.04688 0.07031
0 0.68945 0.75098 0.07031 0.04102
0 0.61816 0.58203 0.05859 0.04492
0 0.2998 0.48438 0.16016 0.10938
0 0.90771 0.79785 0.12012 0.07031
0 0.08301 0.24316 0.06055 0.07617
0 0.23193 0.40186 0.08105 0.06152
0 0.01318 0.66162 0.02637 0.04395
0 0.84326 0.6377 0.06543 0.07812
0 0.81689 0.76611 0.03223 0.09082
0 0.33398 0.74512 0.13281 0.07422
0 0.86426 0.5459 0.05273 0.06641
0 0.96924 0.89502 0.05176 0.04395
0 0.81348 0.40771 0.0625 0.06738
0 0.12842 0.79102 0.09473 0.08398
0 0.05811 0.02246 0.07129 0.04492
0 0.44482 0.0293 0.08301 0.05469
0 0.43701 0.24365 0.09668 0.04004
0 0.77588 0.13574 0.05371 0.07422
0 0.81885 0.59326 0.06738 0.05176
0 0.5166 0.58398 0.08789 0.07812
0 0.90869 0.63428 0.05176 0.08301
0 0.04492 0.7002 0.08789 0.03711
0 0.30908 0.6709 0.12012 0.0918
0 0.76807 0.83496 0.04199 0.04883
0 0.82471 0.26221 0.04004 0.04004
0 0.03125 0.71777 0.06055 0.02539
0 0.67969 0.01562 0.03711 0.0293
0 0.22363 0.75293 0.08789 0.07812
0 0.4458 0.31104 0.09473 0.06348
0 0.45752 0.854 0.17676 0.11816
0 0.7583 0.36719 0.06738 0.05664
0 0.09375 0.39453 0.04688 0.05273
