0 0.13086 0.354 0.04883 0.09863
0 0.51318 0.76367 0.05762 0.08594
0 0.2168 0.08008 0.03906 0.08398
0 0.15723 0.85449 0.04688 0.08398
0 0.78516 0.57275 0.07227 0.09668
0 0.11035 0.17871 0.05078 0.08398
0 0.46777 0.4917 0.08008 0.0752
0 0.21631 0.16699 0.06543 0.10547
0 0.07812 0.52148 0.04883 0.09375
0 0.66895 0.31104 0.06445 0.11035
0 0.03857 0.30518 0.05371 0.08301
0 0.51465 0.43848 0.08984 0.11328
0 0.94434 0.20215 0.04102 0.10547
0 0.7085 0.59375 0.03613 0.11328
0 0.35498 0.31592 0.0498 0.12012
0 0.13379 0.49854 0.10547 0.11035
0 0.01123 0.80322 0.02246 0.09473
0 0.15381 0.64209 0.08105 0.0459
0 0.65039 0.08691 0.04297 0.11523
0 0.58301 0.59473 0.08398 0.08203
0 0.6792 0.45605 0.06543 0.08203
0 0.36426 0.77588 0.0625 0.07324
0 0.90283 0.0293 0.0498 0.05859
0 0.35791 0.12646 0.09082 0.08496
0 0.12988 0.5542 0.05469 0.08887
0 0.34424 0.51123 0.0498 0.07324
0 0.58008 0.86621 0.0918 0.06445
0 0.56934 0.22852 0.06836 0.08398
0 0.94531 0.87061 0.03906 0.10254
0 0.14941 0.95459 0.06055 0.06934
0 0.81836 0.18848 0.03516 0.12695
0 0.34131 0.6167 0.05176 0.06934
0 0.66895 0.21875 0.05859 0.06836
0 0.47168 0.94336 0.03516 0.07031
0 0.76221 0.75195 0.08301 0.11133
0 0.4126 0.02832 0.02441 0.05664
0 0.42725 0.93652 0.06934 0.06641
0 0.9209 0.5293 0.03711 0.12891
0 0.64844 0.59766 0.04102 0.09766
0 0.72852 0.96924 0.0625 0.05176
0 0.46338 0.62695 0.0459 0.08203
0 0.97949 0.77393 0.0332 0.08105
0 0.30078 0.89697 0.06055 0.06348
0 0.23779 0.05371 0.04199 0.08008
0 0.24609 0.33545 0.02344 0.0752
0 0.78711 0.17139 0.0332 0.12207
0 0.93701 0.08643 0.04395 0.1123
0 0.79395 0.87061 0.03516 0.05762
0 0.93994 0.42676 0.03809 0.08984
0 0.47852 0.90967 0.06836 0.06152
0 0.74365 0.84375 0.03418 0.06641
0 0.3042 0.66357 0.02441 0.06152
0 0.90967 0.41748 0.04199 0.11621
0 0.51074 0.86133 0.03125 0.07031
0 0.05127 0.69531 0.10254 0.04883
0 0.02539 0.34863 0.05078 0.0625
0 0.79053 0.47705 0.03613 0.0791
0 0.97852 0.26074 0.04297 0.08008
0 0.12988 0.02197 0.04688 0.04395
0 0.78955 0.74268 0.05176 0.06543
0 0.82568 0.68555 0.0791 0.04297
0 0.00732 0.89795 0.01465 0.02637
0 0.02441 0.64111 0.03906 0.04004
0 0.75342 0.29395 0.08496 0.05664
0 0.00977 0.01709 0.01953 0.03418
0 0.9873 0.85254 0.02539 0.10156
0 0.75781 0.66406 0.04688 0.05273
0 0.13818 0.01904 0.03809 0.03613
0 0.44824 0.625 0.08594 0.05664
0 0.68115 0.58203 0.07129 0.0625
0 0.52539 0.66406 0.11133 0.04883
0 0.52979 0.62207 0.06543 0.04297
