0 0.24365 0.48096 0.2002 0.05762
0 0.54004 0.32959 0.08203 0.06738
0 0.62891 0.33643 0.07617 0.0498
0 0.73975 0.85645 0.10449 0.0625
0 0.50977 0.79297 0.09766 0.04688
0 0.87695 0.57129 0.06055 0.04297
0 0.80908 0.58643 0.07715 0.0498
0 0.01758 0.48633 0.03516 0.04102
0 0.05859 0.47559 0.07031 0.13281
0 0.94043 0.73486 0.08008 0.07129
0 0.6582 0.66895 0.10938 0.04883
0 0.38867 0.43018 0.09961 0.04004
0 0.95361 0.56934 0.06152 0.04883
0 0.13135 0.83984 0.04785 0.06836
0 0.96924 0.47998 0.06152 0.03418
0 0.44238 0.93359 0.05859 0.03516
0 0.84668 0.52637 0.05273 0.0625
0 0.07129 0.22998 0.07422 0.06348
0 0.36621 0.52588 0.06836 0.04004
0 0.42822 0.0249 0.06738 0.0498
0 0.65479 0.51807 0.10059 0.04785
0 0.95947 0.19678 0.08105 0.09082
0 0.58105 0.52344 0.07031 0.04883
0 0.11572 0.89062 0.07715 0.03516
0 0.45117 0.61914 0.08203 0.0332
0 0.06836 0.74561 0.07031 0.04199
0 0.81543 0.13965 0.05273 0.04492
0 0.50146 0.92334 0.06152 0.06152
0 0.44678 0.48242 0.0791 0.05469
0 0.88965 0.78857 0.10352 0.10645
0 0.68066 0.23828 0.0625 0.05273
0 0.146 0.62256 0.09277 0.05957
0 0.96826 0.54443 0.06348 0.0791
0 0.0957 0.48145 0.06055 0.05664
0 0.25879 0.86084 0.0957 0.08887
0 0.1543 0.56152 0.07031 0.03711
0 0.5332 0.63721 0.07227 0.05176
0 0.94092 0.59961 0.09277 0.03711
0 0.90674 0.91553 0.0498 0.09082
0 0.31982 0.32031 0.09277 0.06055
0 0.28662 0.97754 0.09863 0.04492
0 0.02051 0.85254 0.04102 0.04492
0 0.02734 0.93506 0.05469 0.03809
0 0.1333 0.65234 0.11035 0.04688
0 0.48291 0.80957 0.05371 0.06445
0 0.68506 0.92725 0.12793 0.08301
0 0.94727 0.01172 0.04297 0.02344
0 0.24805 0.01465 0.08984 0.0293
0 0.17578 0.59619 0.10547 0.0459
0 0.66943 0.95996 0.14746 0.08008
0 0.61377 0.61963 0.09277 0.05176
0 0.84814 0.66357 0.08691 0.03613
0 0.03516 0.44238 0.07031 0.0293
0 0.74121 0.13428 0.06836 0.07324
0 0.85547 0.3623 0.08594 0.03711
0 0.87842 0.01318 0.04395 0.02637
0 0.46289 0.58838 0.08594 0.07715
0 0.53125 0.51904 0.09961 0.06152
0 0.99023 0.52295 0.01953 0.0459
0 0.19189 0.9458 0.08301 0.04395
0 0.73438 0.50781 0.05273 0.08789
0 0.30762 0.57959 0.11328 0.0752
0 0.87793 0.46094 0.08398 0.08008
0 0.72852 0.92432 0.07617 0.04004
0 0.44971 0.25879 0.07715 0.04297
0 0.36182 0.24365 0.1084 0.0459
0 0.41016 0.17139 0.125 0.12012
0 0.52441 0.18018 0.12305 0.08496
0 0.54004 0.12988 0.08984 0.10156
0 0.58105 0.12988 0.09961 0.07617
0 0.80078 0.04443 0.10742 0.08301
0 0.40918 0.8916 0.08594 0.0625
0 0.06836 0.01709 0.13477 0.02832
