0 0.96045 0.54639 0.07715 0.11035
0 0.93018 0.60938 0.08105 0.06445
0 0.85059 0.6626 0.08008 0.06543
0 0.97266 0.67139 0.05469 0.04199
0 0.96387 0.77051 0.07227 0.05859
0 0.91357 0.16748 0.06934 0.0791
0 0.81006 0.07031 0.12012 0.05273
0 0.67139 0.02344 0.05957 0.04688
0 0.63232 0.03223 0.06152 0.06445
0 0.71533 0.11426 0.06934 0.08203
0 0.72705 0.21436 0.05371 0.07129
0 0.75488 0.30957 0.06445 0.08203
0 0.83643 0.31152 0.07324 0.07422
0 0.63477 0.26221 0.06641 0.0791
0 0.49512 0.21338 0.11328 0.10449
0 0.51416 0.28467 0.08105 0.06738
0 0.37207 0.24756 0.08789 0.06543
0 0.46094 0.12598 0.08203 0.0625
0 0.04053 0.12354 0.08105 0.08301
0 0.08154 0.1792 0.09473 0.04785
0 0.02686 0.43115 0.05371 0.0791
0 0.25293 0.57568 0.08594 0.07715
0 0.14062 0.57568 0.0918 0.06543
0 0.32373 0.66309 0.09082 0.05664
0 0.51709 0.78516 0.07324 0.07617
0 0.65283 0.8833 0.06738 0.08105
0 0.72949 0.84717 0.07812 0.09473
0 0.87256 0.81982 0.06934 0.06934
0 0.84912 0.75 0.08105 0.05859
0 0.81982 0.96436 0.07715 0.07129
0 0.3501 0.95557 0.11816 0.08887
0 0.41699 0.83447 0.08398 0.2959
0 0.44336 0.68066 0.08398 0.0625
0 0.21875 0.74805 0.0957 0.05664
0 0.1626 0.80713 0.12793 0.05566
0 0.08643 0.90283 0.0791 0.05957
0 0.19287 0.92432 0.18262 0.15137
0 0.03564 0.71777 0.07129 0.06055
0 0.02637 0.65088 0.05273 0.07715
0 0.55469 0.5 0.07422 0.06641
0 0.58105 0.27197 0.07617 0.27246
0 0.22461 0.87354 0.08789 0.06152
0 0.60596 0.13867 0.07129 0.10352
0 0.62646 0.67383 0.07129 0.06836
0 0.92529 0.38086 0.04199 0.03516
0 0.83447 0.25391 0.06934 0.0625
0 0.47363 0.74805 0.06836 0.04883
0 0.78076 0.21094 0.05566 0.05273
0 0.36328 0.79541 0.05859 0.06543
