0 0.24512 0.17139 0.05469 0.09668
0 0.27881 0.19482 0.05566 0.05957
0 0.36572 0.16211 0.06152 0.04883
0 0.3999 0.21387 0.06543 0.06641
0 0.47021 0.12842 0.07324 0.08496
0 0.48438 0.18799 0.05859 0.05371
0 0.604 0.04736 0.06348 0.09473
0 0.65625 0.05225 0.05664 0.08496
0 0.10889 0.42871 0.0752 0.10742
0 0.23926 0.40039 0.05859 0.08789
0 0.29102 0.43457 0.07227 0.06641
0 0.34814 0.40723 0.07129 0.11719
0 0.4834 0.37744 0.06055 0.08496
0 0.58496 0.32373 0.06055 0.08887
0 0.61914 0.37158 0.08789 0.06348
0 0.69531 0.27246 0.08984 0.05859
0 0.73486 0.19043 0.09082 0.05469
0 0.72852 0.09033 0.08398 0.10254
0 0.80371 0.104 0.07031 0.06348
0 0.08545 0.52734 0.12012 0.07031
0 0.15625 0.57861 0.05078 0.06152
0 0.3252 0.59473 0.0918 0.07227
0 0.42578 0.63232 0.07617 0.06348
0 0.53027 0.6582 0.0918 0.05273
0 0.34717 0.69678 0.1123 0.06348
0 0.2002 0.64258 0.08984 0.05469
0 0.36279 0.49854 0.09668 0.05566
0 0.48877 0.5332 0.10059 0.0625
0 0.63525 0.49756 0.05762 0.06152
0 0.69727 0.55176 0.09375 0.05859
0 0.78271 0.55664 0.1084 0.08008
0 0.81738 0.52246 0.07422 0.05273
0 0.94336 0.5791 0.11328 0.06641
0 0.94629 0.62793 0.10742 0.06836
0 0.88428 0.66211 0.09473 0.05078
0 0.95068 0.69873 0.09277 0.08887
0 0.64551 0.7583 0.07617 0.05566
0 0.59863 0.61768 0.0625 0.05957
0 0.91797 0.2168 0.0918 0.07812
0 0.82764 0.21191 0.07129 0.0957
0 0.85693 0.31445 0.06543 0.06836
0 0.90625 0.31885 0.07812 0.0791
0 0.85986 0.41699 0.07715 0.07617
0 0.71045 0.37939 0.08691 0.06543
0 0.95361 0.97217 0.06348 0.05566
0 0.80029 0.98291 0.07715 0.03418
0 0.62012 0.98047 0.08789 0.03906
0 0.68945 0.92285 0.08984 0.05664
0 0.55225 0.8833 0.07715 0.06543
0 0.49414 0.89551 0.05273 0.06055
0 0.39209 0.93945 0.06934 0.0625
0 0.50537 0.97998 0.09863 0.04004
0 0.27051 0.94482 0.08008 0.08691
0 0.07422 0.95166 0.07422 0.06738
0 0.9502 0.37695 0.04883 0.0625
0 0.10205 0.56689 0.03809 0.05762
0 0.10938 0.35645 0.03906 0.05859
0 0.48291 0.29346 0.05957 0.03809
0 0.60645 0.10693 0.05664 0.0459
