0 0.53711 0.8833 0.11523 0.09668
0 0.28711 0.6333 0.10938 0.07324
0 0.54834 0.54541 0.08301 0.10254
0 0.96729 0.52441 0.06543 0.0957
0 0.14453 0.55713 0.07031 0.11426
0 0.55859 0.12061 0.10742 0.08691
0 0.35596 0.30957 0.07715 0.10938
0 0.78711 0.37744 0.06055 0.08496
0 0.71582 0.38916 0.07812 0.0752
0 0.44727 0.27344 0.08008 0.09766
0 0.48926 0.76465 0.08984 0.19531
0 0.31445 0.38672 0.09961 0.08008
0 0.70361 0.74463 0.10254 0.15527
0 0.23486 0.94775 0.06152 0.10254
0 0.37793 0.86328 0.0625 0.10156
0 0.62061 0.39111 0.07715 0.1377
0 0.54688 0.28613 0.06445 0.17773
0 0.72705 0.16943 0.13574 0.15527
0 0.67725 0.24463 0.09473 0.10059
0 0.146 0.81201 0.10254 0.1709
0 0.80469 0.13721 0.11523 0.06543
0 0.87939 0.80322 0.14746 0.12207
0 0.11084 0.30176 0.05176 0.05469
0 0.13818 0.12207 0.08301 0.11523
0 0.83936 0.72705 0.09473 0.14551
0 0.61084 0.94434 0.06738 0.10547
0 0.63574 0.68945 0.06836 0.06055
0 0.04346 0.88477 0.08301 0.11523
0 0.53076 0.60547 0.06738 0.05273
0 0.70361 0.94678 0.06738 0.09473
0 0.73975 0.32568 0.0498 0.04785
0 0.05176 0.22803 0.09961 0.07715
0 0.02686 0.64502 0.05371 0.0498
0 0.08984 0.17822 0.07031 0.05762
0 0.0332 0.34082 0.0625 0.0625
0 0.60693 0.28955 0.0498 0.05957
0 0.10791 0.96484 0.05762 0.07031
0 0.4458 0.97607 0.05176 0.04785
0 0.56641 0.98047 0.06055 0.03906
0 0.6333 0.36328 0.05176 0.05273
0 0.88184 0.13574 0.06445 0.09766
