0 0.75244 0.09033 0.08887 0.08105
0 0.66211 0.05664 0.07812 0.11328
0 0.0918 0.23145 0.10156 0.07227
0 0.35156 0.68799 0.09375 0.05957
0 0.38428 0.56201 0.08691 0.07129
0 0.84326 0.68799 0.06934 0.11621
0 0.13916 0.12646 0.10254 0.1084
0 0.38379 0.49365 0.10742 0.1084
0 0.89258 0.73145 0.08398 0.07227
0 0.71729 0.19482 0.12012 0.08105
0 0.35547 0.74023 0.06641 0.0957
0 0.64502 0.55957 0.13379 0.08789
0 0.60693 0.0918 0.09668 0.08008
0 0.82324 0.89307 0.14648 0.14941
0 0.9585 0.51758 0.08301 0.08203
0 0.06738 0.93652 0.11523 0.12695
0 0.44824 0.0625 0.15234 0.09766
0 0.59912 0.77051 0.11426 0.10742
0 0.63672 0.25049 0.15625 0.15918
0 0.4707 0.76562 0.16602 0.16992
0 0.68262 0.98682 0.10156 0.02637
0 0.33496 0.17236 0.16016 0.06348
0 0.97363 0.1665 0.05273 0.07715
0 0.85889 0.17627 0.12012 0.07129
0 0.02686 0.98145 0.05371 0.03711
0 0.16016 0.97754 0.05469 0.04492
0 0.3252 0.66064 0.05078 0.06738
0 0.75146 0.5249 0.09668 0.06543
0 0.81982 0.60303 0.09277 0.07129
0 0.84375 0.54639 0.07031 0.06543
0 0.82275 0.49561 0.06934 0.06738
0 0.95166 0.44434 0.06152 0.08398
0 0.25146 0.50977 0.10059 0.07422
0 0.16309 0.52832 0.08398 0.08594
0 0.104 0.50635 0.09863 0.0791
0 0.06055 0.52588 0.06445 0.13574
0 0.03564 0.54297 0.07129 0.05664
0 0.2334 0.35742 0.10156 0.07031
0 0.22363 0.1958 0.06445 0.0791
0 0.85449 0.27295 0.07227 0.07324
0 0.83643 0.28613 0.12402 0.10156
0 0.85303 0.23682 0.15137 0.09668
0 0.65332 0.11914 0.16797 0.05664
0 0.85938 0.07422 0.13867 0.12305
0 0.85449 0.10156 0.10352 0.05078
0 0.86182 0.02441 0.09473 0.04492
