0 0.85352 0.28076 0.07227 0.07715
0 0.73828 0.01855 0.13281 0.03711
0 0.7417 0.92822 0.09473 0.11816
0 0.64258 0.93457 0.09961 0.10938
0 0.125 0.68994 0.13086 0.10449
0 0.16797 0.39209 0.07812 0.0791
0 0.03223 0.14404 0.06445 0.0791
0 0.69922 0.24707 0.08008 0.0957
0 0.61182 0.21826 0.14551 0.10254
0 0.70557 0.79443 0.07715 0.08496
0 0.55322 0.09961 0.08301 0.08008
0 0.896 0.13477 0.10059 0.08008
0 0.49316 0.20605 0.12695 0.13281
0 0.61475 0.3042 0.10449 0.08496
0 0.69189 0.04346 0.10059 0.08691
0 0.03955 0.87939 0.0752 0.10449
