0 0.71826 0.35254 0.1084 0.10742
0 0.5835 0.36572 0.16699 0.18262
0 0.40332 0.74072 0.16211 0.13965
0 0.26807 0.76318 0.12207 0.20801
0 0.55908 0.58838 0.21191 0.12207
0 0.76172 0.11328 0.25 0.14258
0 0.24805 0.21973 0.13281 0.19531
0 0.10254 0.93359 0.12305 0.12695
0 0.09326 0.40674 0.12207 0.12012
0 0.08252 0.25293 0.09082 0.09961
0 0.87842 0.87549 0.20801 0.17285
0 0.64453 0.81299 0.08594 0.07715
0 0.76904 0.91992 0.14355 0.16016
0 0.26953 0.34717 0.125 0.10449
0 0.93311 0.58643 0.11035 0.08887
0 0.31104 0.95898 0.11621 0.08203
0 0.21045 0.55078 0.09277 0.10742
0 0.90869 0.73633 0.18066 0.13281
0 0.68408 0.61279 0.08691 0.09473
0 0.64746 0.48291 0.08203 0.0752
0 0.60303 0.9624 0.08691 0.06543
