0 0.06055 0.13916 0.05859 0.09082
0 0.32275 0.2417 0.07324 0.09473
0 0.1543 0.47266 0.08594 0.0957
0 0.75879 0.5459 0.08398 0.11328
0 0.6748 0.31689 0.07031 0.08496
0 0.63379 0.79932 0.0625 0.08301
0 0.00928 0.5708 0.01855 0.07129
0 0.23975 0.05518 0.08496 0.06543
0 0.09814 0.79639 0.06934 0.07324
0 0.96826 0.04639 0.0498 0.09082
0 0.64404 0.5332 0.08691 0.0625
0 0.64746 0.03516 0.06055 0.07031
0 0.521 0.36816 0.05566 0.14453
0 0.1748 0.66797 0.0625 0.06055
0 0.8916 0.11084 0.05859 0.12207
0 0.54004 0.53223 0.05664 0.08594
0 0.81543 0.47363 0.06055 0.08594
0 0.58105 0.29883 0.04492 0.07812
0 0.04834 0.53125 0.06738 0.0625
0 0.25391 0.50195 0.07227 0.09375
0 0.01367 0.11768 0.02734 0.06543
0 0.25635 0.16016 0.03809 0.07812
0 0.37793 0.61426 0.03711 0.08008
0 0.47266 0.49756 0.05078 0.06348
0 0.08105 0.36963 0.05469 0.07129
0 0.74463 0.83154 0.05371 0.07129
0 0.92578 0.23975 0.02539 0.09863
0 0.17285 0.83105 0.02734 0.0918
0 0.14404 0.03711 0.04199 0.07227
0 0.36572 0.84521 0.05762 0.06934
0 0.91943 0.59131 0.03418 0.08301
0 0.70166 0.45898 0.03809 0.07812
0 0.50928 0.27832 0.05762 0.08008
0 0.82422 0.9707 0.03516 0.05469
0 0.01465 0.14893 0.0293 0.0752
0 0.64062 0.20215 0.05078 0.07227
0 0.29785 0.47803 0.12695 0.09277
0 0.61377 0.82227 0.03613 0.07227
0 0.60498 0.89844 0.04004 0.13477
0 0.0874 0.87061 0.06152 0.05762
0 0.86621 0.05469 0.04492 0.08984
0 0.42969 0.14355 0.04102 0.07812
0 0.41943 0.14355 0.04004 0.08008
0 0.73096 0.77393 0.05176 0.08496
0 0.94678 0.8667 0.02832 0.08691
0 0.74512 0.96729 0.0332 0.05371
0 0.5835 0.72412 0.05371 0.0459
0 0.22705 0.61328 0.05176 0.05469
0 0.6001 0.16309 0.04395 0.0625
0 0.01758 0.08643 0.03516 0.06152
0 0.46924 0.9502 0.05176 0.04492
0 0.55957 0.90625 0.06055 0.03516
0 0.97461 0.92139 0.04102 0.08105
0 0.73193 0.1958 0.04395 0.06543
0 0.61621 0.41943 0.02539 0.07715
0 0.81396 0.52734 0.02637 0.09375
0 0.88232 0.5957 0.04199 0.05859
0 0.85107 0.53467 0.05176 0.06543
0 0.27734 0.86914 0.03125 0.07227
0 0.93506 0.9458 0.03027 0.04785
0 0.30469 0.49072 0.06836 0.11816
0 0.3833 0.17139 0.0752 0.06738
0 0.3252 0.86963 0.04688 0.05176
0 0.19043 0.94043 0.07617 0.04492
0 0.01514 0.88232 0.03027 0.04785
0 0.57617 0.79736 0.02539 0.06543
0 0.73486 0.62842 0.05762 0.04395
0 0.80371 0.55566 0.0293 0.05273
0 0.33154 0.4834 0.05957 0.08789
0 0.62012 0.48047 0.04688 0.07617
0 0.28613 0.87109 0.03125 0.07617
0 0.84766 0.07422 0.04297 0.06055
0 0.76514 0.31543 0.05371 0.02734
0 0.45605 0.93164 0.08789 0.07812
0 0.34473 0.98877 0.04297 0.02246
0 0.99365 0.53271 0.0127 0.07715
