0 0.38281 0.02246 0.08203 0.04492
0 0.55664 0.96533 0.09375 0.06934
0 0.29639 0.85742 0.08691 0.07812
0 0.27686 0.97363 0.0752 0.05273
0 0.42432 0.63428 0.08887 0.0791
0 0.96094 0.68164 0.07422 0.16406
0 0.72705 0.53418 0.15137 0.06445
0 0.38428 0.54736 0.40332 0.09668
0 0.52979 0.74805 0.1123 0.12109
0 0.90576 0.9502 0.18457 0.09961
0 0.58105 0.89844 0.06445 0.07422
0 0.06641 0.32129 0.10742 0.13672
0 0.82373 0.66797 0.20996 0.10742
0 0.76221 0.46777 0.13965 0.07422
0 0.55176 0.82422 0.06836 0.06055
0 0.12549 0.95996 0.13184 0.08008
0 0.27783 0.56006 0.07324 0.10059
0 0.26172 0.48291 0.0625 0.0498
0 0.40967 0.54834 0.07715 0.08496
0 0.4873 0.55566 0.0625 0.08203
0 0.33301 0.48047 0.07422 0.06836
0 0.29492 0.38232 0.06445 0.07715
0 0.3501 0.40527 0.06934 0.07617
0 0.26855 0.2666 0.17969 0.11719
0 0.25293 0.72217 0.07031 0.1123
0 0.30859 0.76709 0.06055 0.09082
0 0.354 0.5835 0.05176 0.06152
0 0.98438 0.64307 0.03125 0.27246
