0 0.22607 0.05713 0.08887 0.10449
0 0.34619 0.12695 0.06543 0.07227
0 0.20557 0.17139 0.05957 0.06738
0 0.02832 0.02441 0.05664 0.04883
0 0.33545 0.24072 0.0752 0.07715
0 0.50049 0.21631 0.08105 0.06348
0 0.53613 0.3501 0.07031 0.06738
0 0.48291 0.42627 0.06934 0.06152
0 0.41016 0.40771 0.05078 0.0498
0 0.36816 0.47266 0.06445 0.06836
0 0.03418 0.4292 0.06836 0.06543
0 0.09424 0.521 0.11426 0.0752
0 0.04443 0.59668 0.06152 0.07031
0 0.01855 0.49854 0.03711 0.05371
0 0.09668 0.63574 0.06641 0.09961
0 0.07129 0.68311 0.12109 0.05762
0 0.20264 0.83984 0.11035 0.07031
0 0.0249 0.92627 0.0498 0.06543
0 0.07031 0.91504 0.0625 0.07227
0 0.03223 0.97754 0.06445 0.04492
0 0.30957 0.94092 0.06836 0.06543
0 0.19873 0.90625 0.05957 0.07422
0 0.14209 0.92188 0.06348 0.07422
0 0.23877 0.93213 0.05176 0.04785
0 0.43115 0.97217 0.06348 0.05566
0 0.43408 0.92969 0.05957 0.04883
0 0.43945 0.83789 0.06445 0.07422
0 0.49463 0.87793 0.05371 0.0625
0 0.5332 0.85889 0.05469 0.05176
0 0.62939 0.97559 0.04785 0.04883
0 0.94922 0.80029 0.08789 0.08301
0 0.95947 0.85547 0.05762 0.05078
0 0.65479 0.01709 0.0791 0.03418
0 0.96973 0.03369 0.06055 0.06738
0 0.98047 0.09717 0.03906 0.04785
0 0.78613 0.06836 0.05469 0.06641
0 0.87354 0.09863 0.06934 0.07617
0 0.93555 0.14893 0.07031 0.06543
0 0.87549 0.20264 0.07324 0.1084
0 0.75732 0.17285 0.06152 0.0625
0 0.68066 0.13232 0.07227 0.05957
0 0.66455 0.21582 0.05762 0.06055
0 0.81934 0.22168 0.0625 0.05859
0 0.97217 0.40527 0.05566 0.07422
0 0.88037 0.45068 0.07129 0.06152
0 0.79883 0.43213 0.0625 0.06934
0 0.75 0.47412 0.05273 0.05762
0 0.80322 0.50732 0.06348 0.06543
0 0.77148 0.61963 0.06641 0.0752
0 0.55908 0.55078 0.06934 0.07812
0 0.57373 0.44727 0.05566 0.06836
0 0.76318 0.89209 0.12402 0.05957
0 0.24365 0.13818 0.0791 0.06934
0 0.76416 0.97363 0.08496 0.05273
0 0.83105 0.95312 0.10938 0.04883
0 0.59424 0.98535 0.05762 0.02734
0 0.13232 0.0166 0.0752 0.03125
