0 0.54932 0.41748 0.07324 0.07129
0 0.43555 0.44775 0.04883 0.09082
0 0.57275 0.72314 0.10449 0.06543
0 0.49609 0.56494 0.08594 0.09668
0 0.91357 0.42578 0.09473 0.05078
0 0.0708 0.13965 0.12402 0.10352
0 0.51416 0.875 0.04199 0.0918
0 0.93994 0.37793 0.12012 0.08008
0 0.82617 0.83594 0.07422 0.16406
0 0.979 0.49854 0.04199 0.04785
0 0.43652 0.71338 0.12695 0.06738
0 0.82666 0.41357 0.11816 0.07324
0 0.48291 0.51562 0.10449 0.03516
0 0.96582 0.81396 0.06836 0.06348
0 0.74609 0.91797 0.13281 0.06641
0 0.89258 0.58057 0.08789 0.13184
0 0.52246 0.03711 0.08008 0.05469
0 0.19922 0.9751 0.0332 0.0498
0 0.44971 0.03027 0.0791 0.06055
0 0.15771 0.79541 0.06348 0.07715
0 0.40674 0.97754 0.0791 0.04102
0 0.72412 0.89014 0.04199 0.0752
0 0.95117 0.91699 0.05859 0.03516
0 0.60156 0.53076 0.04492 0.16699
0 0.41748 0.30176 0.14551 0.06836
0 0.57178 0.97314 0.05371 0.05371
0 0.41895 0.79395 0.03516 0.07031
0 0.26904 0.98096 0.02637 0.03809
0 0.17725 0.33691 0.05176 0.08789
0 0.75195 0.7002 0.19922 0.12891
0 0.64307 0.10449 0.08887 0.01758
0 0.03174 0.79639 0.06348 0.07324
0 0.19922 0.02441 0.08789 0.04688
0 0.53711 0.93896 0.0957 0.03809
0 0.60645 0.97656 0.05078 0.04297
0 0.87109 0.18408 0.16602 0.04395
0 0.70508 0.03223 0.11914 0.06445
0 0.06494 0.08838 0.09082 0.10254
0 0.95752 0.02832 0.08496 0.05469
0 0.04248 0.81934 0.05566 0.07227
0 0.0874 0.76611 0.0752 0.04199
0 0.09473 0.88428 0.18359 0.0498
0 0.38037 0.25732 0.16699 0.0459
0 0.4834 0.97852 0.05664 0.04297
0 0.09082 0.31689 0.08984 0.03418
0 0.4502 0.93945 0.11523 0.04688
0 0.07861 0.86523 0.15723 0.10547
0 0.57373 0.47021 0.1084 0.04199
0 0.12207 0.7459 0.02734 0.0752
0 0.83984 0.04053 0.14258 0.02246
0 0.62256 0.04199 0.04785 0.04492
0 0.87256 0.77344 0.0498 0.19141
0 0.14795 0.98486 0.04004 0.03027
0 0.47021 0.07324 0.18066 0.04102
0 0.22852 0.05811 0.11719 0.09277
0 0.37549 0.40137 0.22363 0.06055
0 0.0752 0.67236 0.14648 0.10254
0 0.07812 0.80029 0.06055 0.03613
0 0.20557 0.78418 0.06348 0.03711
0 0.05371 0.19238 0.10742 0.06055
0 0.65869 0.25781 0.19238 0.11719
0 0.53857 0.81396 0.05957 0.0459
0 0.18408 0.40918 0.22754 0.13477
0 0.95117 0.63574 0.07227 0.0918
0 0.45947 0.75537 0.18652 0.06543
0 0.07715 0.61035 0.09766 0.17383
0 0.05859 0.7373 0.07227 0.06055
0 0.47656 0.78418 0.05859 0.04297
0 0.37158 0.13965 0.22949 0.04883
0 0.7085 0.07959 0.22949 0.08105
0 0.90674 0.07959 0.1377 0.15918
0 0.6167 0.94238 0.18262 0.11523
0 0.76172 0.02783 0.04297 0.05566
