0 0.97412 0.41113 0.05176 0.07031
0 0.06348 0.62061 0.12695 0.09863
0 0.77881 0.05518 0.07129 0.11035
0 0.83643 0.90381 0.21387 0.09863
0 0.03711 0.48096 0.07422 0.08691
0 0.68604 0.61865 0.11035 0.08105
0 0.75293 0.74365 0.07227 0.1123
0 0.82715 0.25098 0.13477 0.10742
0 0.48584 0.45947 0.10449 0.08496
0 0.28125 0.9834 0.07031 0.0332
0 0.81738 0.93213 0.07227 0.08887
0 0.85303 0.61719 0.12598 0.07227
0 0.33789 0.70703 0.10938 0.14648
0 0.44385 0.73438 0.1377 0.07617
0 0.57275 0.34131 0.14551 0.10449
0 0.61865 0.89941 0.15527 0.12109
0 0.01855 0.95459 0.03711 0.05176
0 0.65039 0.96826 0.06055 0.06348
0 0.10449 0.57568 0.06836 0.27637
0 0.32715 0.12744 0.11328 0.10449
0 0.90283 0.85645 0.09082 0.10742
0 0.47412 0.03027 0.10645 0.06055
0 0.65869 0.51172 0.06934 0.06641
0 0.04834 0.23535 0.08105 0.09766
0 0.21094 0.2998 0.10742 0.09375
0 0.58008 0.51611 0.07227 0.06934
0 0.70068 0.73682 0.07324 0.11621
0 0.69434 0.4209 0.0918 0.07227
0 0.61816 0.42822 0.11523 0.05371
0 0.17822 0.67627 0.14355 0.06934
0 0.38477 0.18018 0.09961 0.0791
0 0.57764 0.47168 0.06152 0.06641
0 0.13672 0.41797 0.07617 0.06836
0 0.22852 0.49561 0.0918 0.08887
0 0.87842 0.11084 0.06738 0.04395
