0 0.01953 0.3208 0.0332 0.08105
0 0.06738 0.33984 0.06836 0.0957
0 0.14453 0.23584 0.07617 0.12402
0 0.26611 0.16113 0.07324 0.13477
0 0.34961 0.15723 0.06445 0.14648
0 0.13428 0.0293 0.06543 0.05859
0 0.0708 0.03223 0.07715 0.06445
0 0.02832 0.95898 0.05664 0.08203
0 0.13281 0.8999 0.10742 0.06934
0 0.26758 0.96826 0.07031 0.06348
0 0.42334 0.81494 0.0791 0.09277
0 0.25195 0.65771 0.08398 0.1416
0 0.15479 0.65771 0.07129 0.08301
0 0.22559 0.42578 0.10352 0.15234
0 0.41797 0.54883 0.15039 0.07617
0 0.52051 0.54541 0.10938 0.06152
0 0.73584 0.45605 0.12793 0.06641
0 0.5415 0.39551 0.1123 0.08203
0 0.55518 0.25732 0.09082 0.15723
0 0.78955 0.15869 0.12598 0.12793
0 0.69824 0.02197 0.07617 0.04395
0 0.4917 0.02686 0.06543 0.05371
0 0.8999 0.14014 0.07324 0.15723
0 0.96826 0.18506 0.06348 0.07129
0 0.95898 0.32227 0.08203 0.09766
0 0.9707 0.50146 0.05859 0.12598
0 0.77588 0.52881 0.11621 0.08691
0 0.82178 0.64307 0.12012 0.08496
0 0.69775 0.64307 0.1123 0.0752
0 0.79346 0.70605 0.12793 0.07617
0 0.90576 0.81055 0.09082 0.08789
0 0.96289 0.96045 0.07422 0.06738
0 0.52393 0.83594 0.10645 0.06445
0 0.45557 0.90723 0.09277 0.08789
0 0.33057 0.92334 0.07324 0.09473
0 0.71143 0.51367 0.06934 0.06836
0 0.68213 0.41064 0.07129 0.05566
0 0.5166 0.68066 0.09375 0.06641
0 0.43994 0.76562 0.06348 0.07617
0 0.31055 0.86963 0.07031 0.07324
0 0.854 0.52344 0.08496 0.04492
0 0.52881 0.60986 0.04395 0.02441
0 0.89648 0.07812 0.07812 0.11328
