0 0.27783 0.09814 0.06738 0.0752
0 0.10791 0.16211 0.07129 0.05664
0 0.17285 0.18408 0.0625 0.05566
0 0.22656 0.16357 0.0625 0.06348
0 0.02197 0.23975 0.04395 0.06348
0 0.04346 0.27637 0.06348 0.06055
0 0.07471 0.35645 0.07129 0.08203
0 0.10547 0.4292 0.07031 0.07324
0 0.05225 0.45459 0.04785 0.05566
0 0.10205 0.50391 0.06934 0.08203
0 0.125 0.61279 0.04492 0.0752
0 0.22412 0.59668 0.08105 0.06445
0 0.2876 0.63574 0.05762 0.06836
0 0.31787 0.52393 0.07129 0.06152
0 0.26807 0.35645 0.06348 0.08203
0 0.39404 0.44727 0.06348 0.0918
0 0.44873 0.48486 0.05957 0.07715
0 0.40674 0.58838 0.05957 0.07129
0 0.45996 0.55469 0.07227 0.05664
0 0.49902 0.59229 0.11719 0.08301
0 0.52393 0.34277 0.07129 0.07031
0 0.41455 0.26514 0.0752 0.0752
0 0.5376 0.25635 0.07129 0.06543
0 0.61426 0.2627 0.06836 0.0625
0 0.46631 0.18652 0.09863 0.08398
0 0.55225 0.16504 0.07715 0.07422
0 0.44824 0.12354 0.08008 0.0791
0 0.36914 0.13916 0.06055 0.06543
0 0.31494 0.17822 0.05371 0.05371
0 0.65234 0.02637 0.06641 0.05273
0 0.77637 0.22217 0.08398 0.07715
0 0.73779 0.33203 0.07129 0.07422
0 0.79883 0.34131 0.06641 0.06934
0 0.91211 0.26758 0.08789 0.06445
0 0.92432 0.37988 0.06738 0.07227
0 0.72754 0.54932 0.06641 0.07715
0 0.78955 0.50293 0.06543 0.10547
0 0.83984 0.52881 0.05273 0.06934
0 0.8877 0.5332 0.06836 0.07422
0 0.64893 0.6748 0.07129 0.07422
0 0.72461 0.67236 0.07422 0.07129
0 0.6333 0.75391 0.06738 0.05469
0 0.49512 0.82178 0.07422 0.06543
0 0.34521 0.79688 0.07324 0.11133
0 0.35693 0.88037 0.05371 0.06543
0 0.29785 0.78564 0.08203 0.08301
0 0.25635 0.82861 0.07129 0.09082
0 0.02832 0.83789 0.05664 0.08008
0 0.06299 0.94678 0.05371 0.0791
0 0.23047 0.98242 0.06445 0.03516
0 0.45947 0.96631 0.07324 0.06738
0 0.58594 0.98096 0.08594 0.03809
0 0.71924 0.97949 0.06348 0.04102
0 0.91846 0.85449 0.06543 0.08008
0 0.85498 0.81982 0.06152 0.06738
0 0.9292 0.76318 0.05176 0.08301
0 0.85742 0.74561 0.08203 0.07324
0 0.86426 0.7002 0.07617 0.09961
0 0.96826 0.79102 0.05371 0.05078
0 0.20752 0.03369 0.06738 0.06348
0 0.01807 0.01709 0.03613 0.03418
0 0.13916 0.54443 0.07129 0.06543
0 0.92969 0.53125 0.05664 0.08203
0 0.28564 0.3208 0.03809 0.05762
0 0.0752 0.63281 0.04297 0.11133
