0 0.61426 0.11914 0.08984 0.125
0 0.18213 0.45947 0.12012 0.06543
0 0.67188 0.66699 0.09961 0.10938
0 0.22705 0.16699 0.10059 0.08008
0 0.49707 0.16943 0.09961 0.13574
0 0.46729 0.72119 0.11035 0.10254
0 0.88086 0.45801 0.08203 0.15234
0 0.33545 0.40576 0.10254 0.08691
0 0.86328 0.67578 0.08203 0.09766
0 0.70459 0.4707 0.09082 0.15234
0 0.40479 0.5459 0.09473 0.09766
0 0.52197 0.83691 0.09473 0.0957
0 0.77832 0.75098 0.10742 0.09766
0 0.32324 0.73584 0.06836 0.08301
0 0.43164 0.6333 0.08008 0.07324
0 0.34912 0.62695 0.08496 0.10547
0 0.22168 0.76074 0.08984 0.08203
0 0.20703 0.87695 0.11914 0.09961
0 0.80957 0.04492 0.09961 0.08984
0 0.83447 0.8208 0.06934 0.07324
0 0.62842 0.43945 0.07715 0.14062
0 0.77588 0.19922 0.05762 0.07031
0 0.4209 0.89697 0.07812 0.14551
0 0.87549 0.29297 0.19238 0.13281
0 0.58301 0.56348 0.08789 0.07227
0 0.35693 0.07959 0.10449 0.09473
0 0.98047 0.17871 0.03906 0.10547
0 0.06445 0.69434 0.10547 0.07031
0 0.10938 0.36865 0.10547 0.1123
0 0.56104 0.47559 0.09277 0.0625
0 0.52441 0.02246 0.06055 0.04492
0 0.07568 0.84082 0.12207 0.15234
0 0.69824 0.31055 0.08203 0.11719
0 0.68213 0.9248 0.08496 0.15039
0 0.14844 0.62207 0.11719 0.10547
0 0.57031 0.76709 0.0625 0.06543
0 0.60596 0.84082 0.08301 0.08789
0 0.94824 0.74902 0.10352 0.14648
0 0.35449 0.14209 0.06055 0.06934
0 0.68457 0.2085 0.06445 0.06738
0 0.33203 0.8623 0.08594 0.07031
0 0.34912 0.94873 0.05957 0.10254
0 0.12207 0.1333 0.14062 0.07324
0 0.08447 0.10596 0.16504 0.09277
0 0.1792 0.53076 0.12012 0.06738
0 0.93457 0.72314 0.07422 0.08301
0 0.80713 0.10107 0.08496 0.09277
0 0.20215 0.96094 0.13477 0.07227
0 0.54443 0.97461 0.10449 0.04492
0 0.92578 0.92334 0.08789 0.12793
0 0.77832 0.32715 0.11328 0.08008
0 0.84717 0.19043 0.05957 0.0625
0 0.12695 0.88965 0.07422 0.125
0 0.02197 0.7583 0.04004 0.08691
0 0.4209 0.96729 0.07812 0.06543
0 0.96436 0.97363 0.06543 0.05273
