0 0.50439 0.68018 0.09473 0.05176
0 0.9502 0.60547 0.08203 0.07617
0 0.49121 0.45605 0.10156 0.14062
0 0.24316 0.09033 0.07227 0.09082
0 0.81982 0.43311 0.04785 0.1123
0 0.56299 0.96582 0.11035 0.06836
0 0.01367 0.78955 0.02734 0.12598
0 0.96533 0.05615 0.03027 0.09277
0 0.50586 0.33154 0.08008 0.05957
0 0.34326 0.40186 0.10254 0.08105
0 0.87646 0.8208 0.04785 0.07715
0 0.02393 0.92969 0.04785 0.08984
0 0.87402 0.06885 0.04297 0.12793
0 0.16504 0.44971 0.09375 0.06543
0 0.77686 0.6416 0.0791 0.07812
0 0.98096 0.22412 0.03809 0.10059
0 0.49414 0.80029 0.06641 0.08105
0 0.6416 0.76172 0.0625 0.0625
0 0.94434 0.47852 0.05469 0.07812
0 0.08545 0.49609 0.08105 0.08984
0 0.46387 0.09717 0.10547 0.07324
0 0.85889 0.2876 0.06738 0.12012
0 0.61523 0.02051 0.08008 0.04102
0 0.0332 0.62109 0.06641 0.10156
0 0.51807 0.19287 0.04004 0.12207
0 0.57031 0.87891 0.09375 0.03906
0 0.67188 0.4502 0.05469 0.125
0 0.07666 0.38672 0.0752 0.04883
0 0.59229 0.33887 0.08887 0.06836
0 0.97656 0.93896 0.04688 0.05957
0 0.87109 0.40283 0.04102 0.08105
0 0.27441 0.28564 0.08984 0.06348
0 0.59521 0.6333 0.09473 0.03613
0 0.13721 0.86328 0.08496 0.05664
0 0.16455 0.75684 0.08105 0.04297
0 0.26172 0.35498 0.08398 0.14355
0 0.47803 0.52832 0.08691 0.04492
0 0.64893 0.34863 0.03027 0.07617
0 0.49512 0.36963 0.05469 0.08301
0 0.72461 0.12695 0.07227 0.08594
0 0.31934 0.79492 0.04297 0.07227
0 0.71875 0.47314 0.07031 0.0498
0 0.14502 0.05957 0.03223 0.08008
0 0.38672 0.71143 0.0332 0.08301
0 0.68799 0.35107 0.03613 0.16504
0 0.85693 0.98438 0.05371 0.02734
0 0.29688 0.32959 0.05469 0.08496
0 0.62646 0.29932 0.04785 0.08496
0 0.35205 0.80371 0.04199 0.05273
0 0.97559 0.48633 0.04883 0.05859
0 0.71826 0.33691 0.05957 0.10938
0 0.72656 0.64551 0.04688 0.06055
0 0.32021 0.69019 0.07246 0.1501
0 0.02588 0.33252 0.05176 0.03418
0 0.42285 0.91895 0.04492 0.05469
0 0.28516 0.03564 0.03711 0.03418
0 0.25635 0.01514 0.03613 0.03027
0 0.32324 0.9873 0.05273 0.02539
0 0.25732 0.55566 0.04785 0.06445
0 0.68555 0.51709 0.09375 0.0791
0 0.67285 0.82959 0.04102 0.03223
0 0.62988 0.81055 0.05469 0.05859
