0 0.89941 0.55957 0.09961 0.08984
0 0.81348 0.14062 0.11719 0.10742
0 0.79443 0.04248 0.11035 0.08496
0 0.72803 0.33838 0.07715 0.08691
0 0.66846 0.26709 0.12207 0.0752
0 0.69336 0.00098 0.08203 0.00195
0 0.97461 0.35205 0.05078 0.08496
0 0.46826 0.47705 0.06738 0.0791
0 0.56299 0.04199 0.09277 0.08008
0 0.7168 0.90088 0.10547 0.12207
0 0.64209 0.93848 0.09082 0.09766
0 0.85352 0.89941 0.09766 0.0957
0 0.85107 0.70459 0.1123 0.12988
0 0.59668 0.33301 0.08008 0.08789
0 0.31836 0.24072 0.16211 0.06738
0 0.10156 0.14795 0.08984 0.08301
0 0.06982 0.77979 0.09473 0.11035
0 0.12207 0.03955 0.07031 0.0791
0 0.75342 0.62549 0.12793 0.09277
0 0.49072 0.18066 0.06738 0.08203
0 0.66211 0.81104 0.0957 0.07715
0 0.04199 0.93213 0.08008 0.11035
0 0.57471 0.27832 0.11035 0.09766
0 0.67822 0.70605 0.10254 0.07227
0 0.18701 0.75928 0.09082 0.08496
