0 0.50586 0.16797 0.10547 0.05859
0 0.54883 0.08838 0.07031 0.09082
0 0.61133 0.03418 0.08984 0.04883
0 0.83594 0.20996 0.07227 0.0918
0 0.7373 0.15283 0.07227 0.0752
0 0.62891 0.17139 0.06836 0.05957
0 0.72705 0.26465 0.1123 0.07617
0 0.95947 0.11475 0.06738 0.05566
0 0.9585 0.02686 0.08105 0.05371
0 0.41113 0.09277 0.06641 0.04688
0 0.38232 0.15625 0.07129 0.05664
0 0.2251 0.11719 0.08105 0.05859
0 0.05908 0.19385 0.06543 0.05176
0 0.12842 0.20068 0.05371 0.06738
0 0.19434 0.18848 0.0625 0.0625
0 0.25 0.21875 0.04688 0.04297
0 0.29248 0.29395 0.07324 0.06836
0 0.40527 0.36865 0.05469 0.0791
0 0.55371 0.37988 0.08789 0.08789
0 0.64404 0.37744 0.09277 0.06934
0 0.87402 0.33398 0.0918 0.06055
0 0.8667 0.41553 0.08301 0.0498
0 0.7749 0.56494 0.08496 0.05762
0 0.65479 0.63086 0.0459 0.05078
0 0.01611 0.26953 0.03223 0.07227
0 0.08887 0.29248 0.06445 0.04785
0 0.12695 0.375 0.06641 0.06641
0 0.11475 0.45508 0.06738 0.06836
0 0.2002 0.4248 0.05859 0.06445
0 0.29883 0.39697 0.10352 0.05762
0 0.32666 0.47314 0.06348 0.05762
0 0.09229 0.94287 0.06738 0.05762
0 0.22607 0.95312 0.08691 0.0625
0 0.23242 0.88525 0.05078 0.03809
0 0.20947 0.79443 0.06738 0.05176
0 0.2583 0.83447 0.07324 0.04785
0 0.37744 0.74512 0.06738 0.06836
0 0.3584 0.6748 0.07617 0.06055
0 0.39697 0.9248 0.0752 0.04883
0 0.68555 0.94775 0.06641 0.05762
0 0.74561 0.98145 0.06934 0.03711
0 0.52393 0.76758 0.09863 0.06055
0 0.51855 0.68701 0.05859 0.05371
0 0.6001 0.70361 0.0752 0.06543
0 0.75098 0.71777 0.09375 0.06641
0 0.76318 0.64941 0.08105 0.04492
0 0.81445 0.8042 0.08008 0.05957
0 0.92969 0.83887 0.10156 0.05273
0 0.96094 0.89648 0.07812 0.04688
0 0.11133 0.62256 0.08398 0.06543
0 0.97949 0.77148 0.04102 0.04688
0 0.02148 0.88721 0.04297 0.06152
0 0.21338 0.46777 0.06152 0.04492
0 0.41992 0.42236 0.06445 0.0498
0 0.33301 0.09375 0.04883 0.04492
