0 0.35303 0.19971 0.09473 0.11816
0 0.38672 0.32568 0.10352 0.0752
0 0.11719 0.15479 0.0625 0.06934
0 0.14941 0.21826 0.05078 0.0459
0 0.20117 0.53418 0.08008 0.06445
0 0.21729 0.67383 0.09473 0.10938
0 0.11963 0.70947 0.07324 0.07715
0 0.06348 0.03027 0.08594 0.06055
0 0.27832 0.07275 0.07031 0.13965
0 0.41357 0.02881 0.0791 0.05762
0 0.66748 0.09814 0.07324 0.0791
0 0.72266 0.02686 0.06641 0.05371
0 0.75195 0.06885 0.11328 0.09668
0 0.9585 0.2417 0.07715 0.09277
0 0.81396 0.26562 0.07324 0.10938
0 0.63086 0.21484 0.07422 0.07422
0 0.53662 0.22266 0.07324 0.07422
0 0.56396 0.30176 0.08301 0.06641
0 0.64795 0.4043 0.07715 0.125
0 0.5415 0.44922 0.08496 0.0957
0 0.55127 0.52441 0.0791 0.10352
0 0.62744 0.50586 0.05762 0.07227
0 0.73047 0.604 0.0625 0.07715
0 0.76611 0.64453 0.05762 0.06641
0 0.95068 0.62988 0.07715 0.06836
0 0.90479 0.52979 0.06543 0.08691
0 0.96875 0.40479 0.0625 0.05957
0 0.90137 0.75732 0.07422 0.0752
0 0.83887 0.78564 0.06445 0.06348
0 0.69434 0.79297 0.07812 0.0625
0 0.61816 0.67676 0.05664 0.0625
0 0.22363 0.89697 0.10742 0.07129
0 0.27051 0.97217 0.08008 0.05371
0 0.38574 0.97412 0.08008 0.05176
0 0.61133 0.87988 0.08203 0.07227
0 0.96045 0.9248 0.07324 0.07422
0 0.80859 0.91699 0.07422 0.06836
0 0.17773 0.32861 0.04297 0.04395
0 0.48047 0.1582 0.05469 0.07227
0 0.36768 0.97168 0.07324 0.05664
0 0.06787 0.90283 0.03809 0.05371
0 0.22998 0.77686 0.06348 0.05176
0 0.59668 0.85156 0.07812 0.05078
0 0.95459 0.75098 0.03613 0.05469
0 0.59717 0.56641 0.03027 0.05469
