0 0.79834 0.03564 0.05371 0.07129
0 0.56543 0.95996 0.0625 0.07617
0 0.43262 0.58643 0.06445 0.07715
0 0.39893 0.23828 0.0791 0.06641
0 0.34961 0.59717 0.06055 0.09863
0 0.11084 0.0542 0.10059 0.0791
0 0.24414 0.07764 0.09766 0.0498
0 0.07422 0.91797 0.0957 0.08008
0 0.89648 0.04297 0.05469 0.06836
0 0.14697 0.26025 0.1084 0.05957
0 0.81641 0.29199 0.11328 0.06836
0 0.60059 0.31689 0.10547 0.07715
0 0.72266 0.16553 0.04883 0.08691
0 0.57422 0.02979 0.04492 0.05957
0 0.59082 0.20947 0.10547 0.11035
0 0.42627 0.96533 0.05566 0.06543
0 0.80566 0.12158 0.04102 0.0752
0 0.16504 0.47705 0.10742 0.06738
0 0.66309 0.02979 0.03906 0.05957
0 0.04492 0.52881 0.08008 0.0498
0 0.12891 0.51807 0.07227 0.06348
0 0.10596 0.58057 0.05371 0.08301
0 0.17334 0.14746 0.11035 0.03516
0 0.58545 0.37793 0.05957 0.09766
0 0.94434 0.50537 0.04883 0.07129
0 0.0166 0.8916 0.0332 0.05859
0 0.21631 0.30859 0.09473 0.03711
0 0.33496 0.07471 0.0625 0.04395
0 0.08545 0.74219 0.07324 0.04297
0 0.1748 0.85938 0.12695 0.0332
0 0.75781 0.68652 0.07617 0.05273
0 0.46533 0.63574 0.07324 0.0293
0 0.41699 0.65283 0.07227 0.05566
0 0.48096 0.03516 0.10059 0.07031
0 0.00977 0.28027 0.01953 0.05469
0 0.5166 0.39355 0.04297 0.03516
0 0.84766 0.24219 0.05859 0.06445
0 0.34521 0.11475 0.08105 0.0459
0 0.2373 0.7168 0.06055 0.03516
0 0.65942 0.42119 0.08584 0.05469
0 0.93604 0.64551 0.05957 0.05469
0 0.09619 0.21924 0.07129 0.09082
0 0.79688 0.11621 0.04883 0.07031
0 0.78906 0.2334 0.05664 0.05273
0 0.80957 0.32129 0.05273 0.05859
0 0.31592 0.56543 0.07324 0.07227
0 0.30811 0.61133 0.05176 0.04297
0 0.37451 0.78662 0.06934 0.03809
0 0.20117 0.80811 0.04883 0.03027
0 0.80273 0.74756 0.05078 0.05176
0 0.9624 0.61621 0.05957 0.06445
