0 0.09326 0.96582 0.08105 0.06641
0 0.03271 0.71631 0.06152 0.08887
0 0.04785 0.49658 0.05859 0.05566
0 0.02637 0.19629 0.05273 0.09961
0 0.02393 0.09961 0.04785 0.11133
0 0.07568 0.06006 0.0752 0.0791
0 0.27295 0.26318 0.07715 0.05762
0 0.15381 0.24414 0.06348 0.08789
0 0.19971 0.36377 0.08105 0.06934
0 0.33496 0.4917 0.07617 0.12793
0 0.29443 0.5791 0.05566 0.05078
0 0.39014 0.63916 0.06934 0.0752
0 0.33398 0.65869 0.05664 0.05957
0 0.35742 0.77881 0.07617 0.08301
0 0.32715 0.88232 0.16406 0.08301
0 0.29004 0.94922 0.07227 0.0625
0 0.51318 0.93457 0.07129 0.07812
0 0.55469 0.83398 0.06836 0.07227
0 0.86328 0.9126 0.08594 0.06934
0 0.63184 0.76758 0.06836 0.08398
0 0.92432 0.78125 0.06543 0.08203
0 0.75684 0.70801 0.07031 0.07227
0 0.60791 0.59131 0.08496 0.08496
0 0.67334 0.5459 0.06348 0.0625
0 0.65723 0.66406 0.06055 0.08984
0 0.74365 0.44629 0.06348 0.08984
0 0.65576 0.42432 0.07715 0.05957
0 0.56836 0.34961 0.08203 0.07617
0 0.40869 0.27002 0.05957 0.0752
0 0.34229 0.27197 0.05762 0.0791
0 0.62793 0.29785 0.07812 0.11914
0 0.5459 0.23145 0.08203 0.08984
0 0.55518 0.14404 0.07129 0.06348
0 0.45947 0.16602 0.0498 0.11133
0 0.47314 0.02881 0.06348 0.05762
0 0.7583 0.04346 0.10254 0.06152
0 0.76123 0.28027 0.07129 0.09375
0 0.96045 0.17383 0.0791 0.07812
0 0.9707 0.47607 0.05859 0.06152
0 0.88916 0.63623 0.06543 0.06152
0 0.86182 0.75879 0.09473 0.07422
0 0.85449 0.2666 0.05078 0.07227
0 0.70557 0.31445 0.05176 0.05859
0 0.25049 0.17139 0.05957 0.07715
0 0.29102 0.02295 0.08984 0.0459
0 0.63281 0.02197 0.0625 0.04395
0 0.20898 0.02246 0.06445 0.04492
0 0.96631 0.01221 0.06543 0.02441
0 0.98535 0.11182 0.0293 0.05176
0 0.16602 0.15234 0.06445 0.05078
0 0.23486 0.23389 0.0498 0.0752
0 0.10303 0.18701 0.0791 0.07129
0 0.18408 0.41357 0.05762 0.0498
0 0.95166 0.67871 0.06348 0.07812
0 0.62891 0.97266 0.04688 0.03516
0 0.19629 0.5918 0.06055 0.05859
0 0.74951 0.01465 0.07129 0.0293
0 0.05518 0.98779 0.06152 0.02441
0 0.55518 0.46191 0.05566 0.0293
0 0.19092 0.99414 0.03418 0.01172
0 0.15186 0.87744 0.09668 0.05371
