0 0.68896 0.06348 0.07129 0.07227
0 0.39209 0.06445 0.11816 0.05469
0 0.33008 0.10986 0.10742 0.07324
0 0.31641 0.91309 0.08203 0.06055
0 0.88184 0.42627 0.11328 0.04199
0 0.8042 0.80029 0.09473 0.04395
0 0.51904 0.17188 0.08691 0.07031
0 0.43848 0.54443 0.08008 0.04785
0 0.90576 0.24316 0.09863 0.05859
0 0.59814 0.52832 0.10449 0.06055
0 0.48926 0.0293 0.08008 0.05469
0 0.33594 0.18896 0.10938 0.05176
0 0.75586 0.02344 0.08008 0.04297
0 0.86426 0.70605 0.0918 0.05664
0 0.95801 0.6792 0.08008 0.0498
0 0.22461 0.01953 0.11914 0.03906
0 0.80273 0.57324 0.12695 0.06641
0 0.18359 0.05322 0.14258 0.04199
0 0.1875 0.2793 0.13672 0.05078
0 0.15479 0.56543 0.13184 0.06055
0 0.34326 0.51074 0.07324 0.0332
0 0.53223 0.97412 0.10742 0.04395
0 0.98242 0.35254 0.03516 0.0332
0 0.51367 0.30859 0.11328 0.06641
0 0.13379 0.38086 0.11328 0.03711
0 0.92578 0.53955 0.08398 0.03418
0 0.13818 0.29248 0.0791 0.02832
0 0.54199 0.89795 0.08008 0.03418
0 0.41992 0.28076 0.10156 0.0459
0 0.6582 0.24951 0.05273 0.03027
0 0.39209 0.36035 0.1084 0.04102
0 0.62744 0.76904 0.05957 0.04785
0 0.81641 0.68994 0.04102 0.08301
0 0.09814 0.12061 0.11621 0.03809
0 0.78125 0.91211 0.09961 0.03711
0 0.21045 0.65137 0.08301 0.03516
0 0.40674 0.59521 0.08691 0.02637
0 0.31348 0.63477 0.06836 0.03906
0 0.02148 0.02002 0.04102 0.03809
0 0.09277 0.95361 0.07422 0.04395
0 0.79834 0.09912 0.0459 0.04004
0 0.87549 0.05469 0.0791 0.03516
0 0.57764 0.59814 0.12207 0.06738
0 0.46973 0.63037 0.11133 0.05762
0 0.11919 0.73652 0.12705 0.0457
0 0.51367 0.21387 0.07422 0.0332
0 0.89307 0.01855 0.04785 0.03711
0 0.37793 0.08984 0.12305 0.04297
0 0.65137 0.62939 0.12891 0.05566
0 0.93213 0.92676 0.06543 0.0332
0 0.04004 0.07764 0.08008 0.03809
0 0.77588 0.9834 0.08301 0.0332
0 0.14941 0.99219 0.0918 0.01562
0 0.50586 0.66162 0.15039 0.03613
0 0.10449 0.63477 0.10938 0.02734
0 0.98389 0.97607 0.03223 0.0166
0 0.31006 0.97412 0.1123 0.0459
0 0.64307 0.9209 0.06348 0.0332
0 0.38428 0.38477 0.10059 0.03906
0 0.29297 0.67236 0.13867 0.0498
0 0.18555 0.50977 0.08984 0.03516
0 0.91943 0.14307 0.08496 0.03613
0 0.04736 0.68799 0.09082 0.03223
0 0.02979 0.81201 0.05762 0.02051
0 0.32227 0.15869 0.08203 0.03809
0 0.58936 0.93262 0.04395 0.02148
0 0.19873 0.35547 0.13379 0.03711
0 0.02637 0.58057 0.05078 0.04395
0 0.71289 0.65137 0.07031 0.05469
0 0.86084 0.98047 0.08887 0.03906
0 0.24609 0.34912 0.08984 0.03223
0 0.77051 0.95801 0.06445 0.02148
0 0.45508 0.9668 0.05859 0.03516
0 0.57275 0.68604 0.0791 0.04004
0 0.1123 0.59912 0.16602 0.08105
0 0.90527 0.26611 0.04688 0.06738
0 0.56201 0.29932 0.0752 0.03223
0 0.11377 0.4043 0.05176 0.01953
0 0.87207 0.8916 0.10547 0.04297
0 0.43311 0.76465 0.12012 0.02734
0 0.43945 0.77686 0.07812 0.02832
0 0.71973 0.81982 0.08398 0.03223
0 0.03125 0.67383 0.0625 0.02734
0 0.38574 0.9707 0.12695 0.04688
0 0.46484 0.95557 0.0918 0.04395
0 0.49072 0.98535 0.08887 0.0293
0 0.43604 0.03809 0.06543 0.06055
0 0.12158 0.24023 0.11816 0.06055
0 0.07178 0.20801 0.12598 0.05859
0 0.52002 0.71484 0.11816 0.06445
0 0.60254 0.72852 0.0918 0.03711
0 0.62695 0.25879 0.08203 0.05469
