0 0.021 0.82178 0.04199 0.07715
0 0.1123 0.77734 0.07422 0.07031
0 0.11328 0.60596 0.06445 0.05957
0 0.06055 0.53711 0.08203 0.10352
0 0.01416 0.47852 0.02832 0.0918
0 0.0293 0.3418 0.05859 0.07812
0 0.27441 0.04443 0.08789 0.07129
0 0.38525 0.04492 0.06543 0.08984
0 0.26172 0.21191 0.10938 0.125
0 0.30469 0.19287 0.0625 0.06738
0 0.39062 0.17676 0.08008 0.09766
0 0.15186 0.24951 0.09473 0.10254
0 0.42236 0.27002 0.09863 0.08496
0 0.21045 0.41846 0.11621 0.09473
0 0.35742 0.48145 0.0918 0.05664
0 0.34912 0.53271 0.09082 0.06934
0 0.58984 0.38721 0.0918 0.07129
0 0.57861 0.48877 0.06934 0.06348
0 0.33643 0.40039 0.05371 0.05078
0 0.60205 0.0918 0.06934 0.07422
0 0.60986 0.22314 0.08105 0.07324
0 0.7793 0.21777 0.0625 0.08984
0 0.68457 0.12939 0.06055 0.09473
0 0.70312 0.56396 0.07422 0.08691
0 0.61328 0.55908 0.06836 0.06152
0 0.73828 0.30566 0.0625 0.05078
0 0.81641 0.56104 0.07812 0.07324
0 0.89648 0.61426 0.07031 0.07617
0 0.94189 0.56006 0.05762 0.07129
0 0.4248 0.6792 0.10547 0.09668
0 0.90088 0.34473 0.06934 0.06641
0 0.88916 0.39014 0.08887 0.05371
0 0.81055 0.3457 0.06055 0.07812
0 0.96338 0.3125 0.07129 0.08008
0 0.88672 0.21875 0.0625 0.10352
0 0.90527 0.10352 0.08008 0.09766
0 0.6582 0.02197 0.08594 0.04395
0 0.94775 0.03809 0.06543 0.07617
0 0.48877 0.77246 0.05957 0.06641
0 0.83594 0.8042 0.10742 0.07715
0 0.66553 0.92188 0.07129 0.08398
0 0.82129 0.9502 0.0957 0.09961
0 0.36572 0.85889 0.09473 0.06543
0 0.47363 0.9292 0.08008 0.08887
0 0.15674 0.87451 0.08301 0.06348
0 0.30859 0.94873 0.07422 0.10254
0 0.14209 0.97852 0.10254 0.04297
0 0.96338 0.91016 0.07324 0.07227
0 0.97754 0.8252 0.04492 0.07422
0 0.96484 0.66162 0.06445 0.0752
0 0.63037 0.27881 0.08105 0.06543
0 0.20947 0.3208 0.06934 0.09863
0 0.61621 0.81445 0.04492 0.04883
0 0.22314 0.98633 0.05371 0.02734
0 0.01807 0.98438 0.03613 0.03125
0 0.38525 0.42383 0.05371 0.05078
0 0.98828 0.58691 0.02344 0.06445
0 0.16553 0.82275 0.06934 0.05566
0 0.29053 0.56885 0.06543 0.04395
