0 0.88428 0.16309 0.08496 0.07422
0 0.84229 0.08398 0.08691 0.07227
0 0.66406 0.16455 0.08008 0.06152
0 0.60986 0.03467 0.11035 0.06934
0 0.45166 0.15771 0.1377 0.09863
0 0.42236 0.05518 0.09277 0.07324
0 0.1792 0.07031 0.06543 0.14062
0 0.1084 0.06543 0.08789 0.06641
0 0.03467 0.03027 0.06934 0.06055
0 0.40723 0.25342 0.12109 0.05371
0 0.37646 0.31689 0.09473 0.0459
0 0.35742 0.36084 0.08789 0.0498
0 0.14502 0.42578 0.0791 0.0625
0 0.44238 0.45166 0.10938 0.08105
0 0.58545 0.39893 0.0752 0.09863
0 0.63721 0.44727 0.06543 0.08789
0 0.66699 0.37305 0.06641 0.10547
0 0.71777 0.2959 0.07227 0.0957
0 0.62256 0.26416 0.09473 0.05957
0 0.55225 0.19336 0.0752 0.04492
0 0.58691 0.12988 0.05078 0.04688
0 0.28027 0.58203 0.07422 0.07617
0 0.3833 0.64697 0.08105 0.05566
0 0.5415 0.59082 0.05957 0.08594
0 0.58936 0.62646 0.05566 0.06934
0 0.66504 0.60352 0.05469 0.07031
0 0.72217 0.65039 0.13379 0.07812
0 0.96143 0.66992 0.07715 0.05859
0 0.94434 0.4707 0.06641 0.08203
0 0.96924 0.33545 0.06152 0.0791
0 0.03271 0.56494 0.06543 0.05762
0 0.05273 0.33008 0.10547 0.07422
0 0.17236 0.69482 0.09082 0.13574
0 0.29834 0.76367 0.08105 0.13477
0 0.25537 0.77832 0.08887 0.06055
0 0.229 0.96289 0.06738 0.07422
0 0.03613 0.97705 0.07227 0.0459
0 0.47803 0.89502 0.1084 0.0752
0 0.38916 0.88477 0.06152 0.11523
0 0.5376 0.85498 0.10645 0.10449
0 0.55811 0.71533 0.06543 0.05762
0 0.57373 0.77051 0.07715 0.05078
0 0.71973 0.76562 0.06836 0.07227
0 0.79541 0.8501 0.12988 0.0791
0 0.95459 0.91748 0.09082 0.07715
0 0.9707 0.81494 0.05273 0.05566
0 0.94873 0.71631 0.10254 0.06934
0 0.86084 0.35693 0.07129 0.0791
