0 0.04639 0.41748 0.06934 0.05762
0 0.10156 0.40625 0.05078 0.08398
0 0.15332 0.40234 0.06641 0.05664
0 0.26221 0.26367 0.08691 0.06641
0 0.33789 0.21631 0.08789 0.07324
0 0.31006 0.39502 0.06738 0.07129
0 0.30713 0.44092 0.09668 0.06934
0 0.5498 0.34619 0.08203 0.06738
0 0.67871 0.32227 0.08203 0.13281
0 0.76709 0.36279 0.05371 0.05957
0 0.72217 0.41602 0.07129 0.0625
0 0.76611 0.43018 0.05176 0.06543
0 0.61279 0.43652 0.09082 0.0957
0 0.88721 0.229 0.13574 0.0791
0 0.96436 0.55811 0.06348 0.15723
0 0.29785 0.72461 0.16797 0.11914
0 0.32324 0.76758 0.19141 0.07031
0 0.76416 0.70801 0.0791 0.07617
0 0.90625 0.80908 0.09766 0.09863
0 0.97363 0.80273 0.05273 0.06055
0 0.71045 0.8208 0.07715 0.05957
0 0.48584 0.90918 0.0752 0.0625
0 0.31348 0.85498 0.06836 0.06738
0 0.22705 0.96826 0.06738 0.06348
0 0.75293 0.9502 0.08594 0.09961
0 0.93701 0.95215 0.08301 0.0957
0 0.82178 0.87354 0.05371 0.05371
0 0.07568 0.24268 0.04199 0.04199
