0 0.29004 0.04248 0.06641 0.07715
0 0.62695 0.57959 0.0625 0.08301
0 0.6084 0.23242 0.0625 0.07617
0 0.15283 0.85205 0.05566 0.0791
0 0.40527 0.19678 0.05859 0.09668
0 0.74268 0.42139 0.05176 0.08691
0 0.79443 0.20361 0.06152 0.0752
0 0.1084 0.85449 0.07617 0.06641
0 0.68164 0.52002 0.09766 0.0498
0 0.08154 0.08154 0.0791 0.0791
0 0.59717 0.3916 0.08105 0.07227
0 0.29199 0.36719 0.13672 0.07227
0 0.44482 0.60547 0.06348 0.06445
0 0.65479 0.11279 0.02832 0.10645
0 0.36719 0.02979 0.05859 0.05762
0 0.30859 0.91846 0.08789 0.04004
0 0.34766 0.27637 0.06641 0.04883
0 0.63867 0.32129 0.0957 0.07617
0 0.00781 0.69336 0.01562 0.0332
0 0.95215 0.56152 0.06055 0.06055
0 0.32129 0.61768 0.05859 0.03027
0 0.52344 0.05566 0.05078 0.05859
0 0.62402 0.12061 0.05469 0.08301
0 0.81006 0.90234 0.05566 0.06641
0 0.88721 0.02295 0.04395 0.0459
0 0.4375 0.70166 0.06836 0.04199
0 0.36865 0.98389 0.05371 0.02832
0 0.396 0.87305 0.07324 0.0293
0 0.35205 0.30029 0.07324 0.06543
0 0.77441 0.97754 0.07422 0.02539
0 0.64355 0.04492 0.05664 0.06055
0 0.79492 0.32666 0.02734 0.05957
0 0.37109 0.89844 0.0625 0.04297
0 0.52148 0.32764 0.05273 0.0459
0 0.35303 0.75488 0.04785 0.03516
0 0.10449 0.57715 0.05273 0.04492
0 0.21777 0.55957 0.0293 0.05664
0 0.9082 0.59375 0.0293 0.05859
0 0.06152 0.14062 0.04883 0.04492
0 0.9585 0.95557 0.06738 0.03418
0 0.12988 0.34814 0.06055 0.03613
0 0.69775 0.71826 0.06934 0.03809
0 0.73047 0.74805 0.10352 0.05078
0 0.88818 0.60791 0.03613 0.08301
0 0.19189 0.51318 0.07324 0.07129
0 0.22461 0.50049 0.08594 0.05762
0 0.0459 0.54395 0.0918 0.03906
0 0.59277 0.98242 0.05078 0.03516
0 0.12646 0.97266 0.09473 0.0332
