0 0.53125 0.125 0.12695 0.07812
0 0.60645 0.20508 0.11328 0.0918
0 0.90576 0.1001 0.12402 0.09277
0 0.93213 0.28906 0.08887 0.08398
0 0.93408 0.45361 0.07324 0.06738
0 0.81445 0.75195 0.10938 0.07422
0 0.95801 0.7373 0.06055 0.05469
0 0.58057 0.8418 0.09473 0.05859
0 0.56348 0.71436 0.08984 0.07324
0 0.73877 0.79541 0.06738 0.06738
0 0.83301 0.8584 0.07812 0.0625
0 0.89893 0.81006 0.0752 0.05957
0 0.37451 0.81494 0.06934 0.06934
0 0.47021 0.87402 0.07129 0.07031
0 0.45508 0.77393 0.07422 0.05762
0 0.44434 0.70801 0.11523 0.07227
0 0.24365 0.69727 0.09473 0.0957
0 0.29785 0.58984 0.0957 0.0918
0 0.17432 0.63525 0.07324 0.0791
0 0.22168 0.83057 0.08594 0.08496
0 0.05615 0.83203 0.07129 0.05859
0 0.04639 0.50049 0.09277 0.1377
0 0.1748 0.40723 0.07227 0.0625
0 0.31836 0.40234 0.08984 0.0625
0 0.45947 0.40771 0.08887 0.05176
0 0.52734 0.53369 0.07031 0.05371
0 0.51758 0.59375 0.08984 0.06641
0 0.60449 0.49561 0.08398 0.11816
0 0.71826 0.40088 0.06348 0.08887
0 0.69873 0.30859 0.07129 0.0625
0 0.29688 0.3125 0.06836 0.07227
0 0.21143 0.26416 0.13965 0.06934
0 0.1084 0.32031 0.07422 0.08594
0 0.03809 0.29102 0.07617 0.05859
0 0.15576 0.09277 0.08691 0.13477
0 0.78467 0.03125 0.04395 0.06055
0 0.23828 0.07568 0.0625 0.05957
0 0.28027 0.86182 0.03906 0.04199
0 0.84082 0.06885 0.0625 0.05957
0 0.06885 0.14111 0.07324 0.09082
0 0.79443 0.70605 0.05371 0.05078
