0 0.62695 0.22217 0.08008 0.08496
0 0.36328 0.0835 0.07812 0.12207
0 0.21191 0.07959 0.08008 0.09082
0 0.68359 0.42236 0.08594 0.08301
0 0.79785 0.47314 0.14258 0.07715
0 0.61182 0.78076 0.0752 0.07715
0 0.70166 0.97314 0.08496 0.03613
0 0.69434 0.60205 0.07031 0.05566
0 0.73193 0.15967 0.13574 0.0752
0 0.84717 0.2583 0.12988 0.07715
0 0.79053 0.79199 0.10254 0.06055
0 0.29688 0.29395 0.06836 0.07422
0 0.46484 0.41357 0.0625 0.06738
0 0.5332 0.21631 0.0625 0.0498
0 0.67236 0.70801 0.06543 0.05469
0 0.62305 0.56299 0.09766 0.10254
0 0.62939 0.09326 0.10449 0.09277
0 0.45996 0.73047 0.0918 0.05273
0 0.73438 0.68652 0.08398 0.04688
0 0.83447 0.22119 0.10449 0.05762
0 0.81934 0.86133 0.07422 0.05859
0 0.42578 0.35303 0.07227 0.07324
0 0.74316 0.89697 0.10352 0.03223
0 0.5332 0.34814 0.09766 0.06738
0 0.47461 0.30322 0.08008 0.10254
0 0.74561 0.34326 0.1123 0.05176
0 0.85303 0.15186 0.1377 0.08496
0 0.69482 0.03711 0.0752 0.07422
0 0.51611 0.66895 0.12012 0.05078
0 0.30713 0.74219 0.05957 0.06445
0 0.35547 0.64941 0.02734 0.05469
0 0.11475 0.93018 0.04785 0.0498
0 0.77734 0.0293 0.08008 0.05664
0 0.62256 0.03076 0.06348 0.06152
0 0.44238 0.39307 0.05859 0.05762
0 0.31396 0.22803 0.04004 0.0498
