0 0.16699 0.42334 0.07617 0.0752
0 0.79785 0.52686 0.08789 0.07129
0 0.50732 0.41016 0.05566 0.07812
0 0.146 0.17578 0.04785 0.10156
0 0.67871 0.17676 0.08398 0.08789
0 0.4502 0.06445 0.10156 0.07617
0 0.65186 0.85156 0.10449 0.06836
0 0.87939 0.95459 0.08301 0.09082
0 0.95166 0.61865 0.08887 0.0752
0 0.49414 0.47461 0.08789 0.04688
0 0.96533 0.40576 0.06543 0.1084
0 0.12988 0.06201 0.0957 0.06152
0 0.27832 0.70215 0.04883 0.12109
0 0.19824 0.52832 0.11523 0.0625
0 0.10449 0.4541 0.0918 0.06641
0 0.21094 0.58105 0.17383 0.06445
0 0.44727 0.95361 0.04688 0.09277
0 0.604 0.67432 0.0791 0.0459
0 0.80713 0.71631 0.05176 0.06738
0 0.04199 0.62988 0.06641 0.03711
0 0.44189 0.17383 0.07324 0.08008
0 0.32227 0.11182 0.06641 0.04785
0 0.26855 0.52539 0.04492 0.06836
0 0.04834 0.60205 0.0752 0.05371
0 0.06543 0.14795 0.07031 0.05176
0 0.13037 0.09863 0.08301 0.04688
0 0.67041 0.29395 0.08301 0.04492
0 0.49268 0.51318 0.10449 0.06934
0 0.76953 0.80811 0.05664 0.07129
0 0.36377 0.80322 0.08496 0.0459
0 0.67969 0.60059 0.08594 0.05664
0 0.354 0.17822 0.1123 0.05176
0 0.52051 0.229 0.10156 0.05566
0 0.01318 0.16309 0.02637 0.0332
0 0.41504 0.52588 0.07617 0.0498
0 0.07324 0.52002 0.14453 0.05566
0 0.34717 0.3042 0.12402 0.05371
0 0.35938 0.93359 0.11523 0.12695
0 0.12451 0.31836 0.08691 0.04688
0 0.45605 0.09619 0.06836 0.02441
0 0.60742 0.02148 0.08594 0.04297
0 0.45898 0.14258 0.0625 0.04883
0 0.9292 0.40186 0.05176 0.05762
0 0.5376 0.93213 0.0791 0.04199
0 0.91797 0.19531 0.05078 0.04883
0 0.90918 0.54004 0.06445 0.06445
0 0.1499 0.9707 0.12402 0.04688
0 0.33057 0.50391 0.09863 0.06445
0 0.69775 0.54395 0.07324 0.03711
0 0.18164 0.84131 0.12109 0.0498
0 0.47363 0.57324 0.08789 0.05273
0 0.87012 0.68018 0.0918 0.04395
0 0.5376 0.13818 0.10059 0.05957
0 0.0625 0.38086 0.06445 0.03906
0 0.08447 0.56494 0.10059 0.05371
0 0.68994 0.25244 0.04395 0.04785
0 0.76514 0.89697 0.0498 0.04199
0 0.27148 0.1875 0.12109 0.05078
0 0.56445 0.84668 0.06641 0.04688
0 0.56152 0.96582 0.07227 0.03906
0 0.17773 0.83643 0.07422 0.08691
0 0.55762 0.56396 0.08398 0.0498
0 0.94092 0.88623 0.04004 0.0459
0 0.55664 0.16162 0.08984 0.04395
0 0.34326 0.9834 0.04004 0.03125
0 0.13574 0.92676 0.13867 0.06836
0 0.04541 0.96094 0.08691 0.05469
0 0.87793 0.27539 0.08008 0.04883
0 0.62451 0.27344 0.05957 0.05859
0 0.71631 0.96143 0.06348 0.05957
0 0.96484 0.75537 0.05664 0.05371
0 0.21875 0.28711 0.06836 0.04688
0 0.04785 0.35352 0.08203 0.04688
0 0.30664 0.96582 0.0625 0.04492
