0 0.20996 0.03076 0.05859 0.06152
0 0.11475 0.54785 0.07715 0.08203
0 0.1792 0.45654 0.06152 0.06543
0 0.05713 0.38818 0.05566 0.0752
0 0.31006 0.34375 0.12793 0.08984
0 0.24072 0.28418 0.08105 0.0625
0 0.22021 0.22559 0.05566 0.06641
0 0.37109 0.50146 0.13867 0.10449
0 0.40625 0.44238 0.08203 0.06641
0 0.44727 0.37793 0.0625 0.06836
0 0.50293 0.34131 0.06445 0.06152
0 0.24316 0.70605 0.08008 0.10352
0 0.06104 0.94629 0.0498 0.05273
0 0.05811 0.88916 0.09277 0.06543
0 0.46973 0.0918 0.06445 0.07031
0 0.74756 0.02881 0.0752 0.05762
0 0.85986 0.02783 0.06152 0.05566
0 0.69238 0.34814 0.06836 0.06152
0 0.59131 0.42676 0.0752 0.0625
0 0.69678 0.51416 0.07715 0.05957
0 0.59619 0.62646 0.09863 0.11426
0 0.76172 0.63965 0.06445 0.0918
0 0.89746 0.50537 0.07031 0.05957
0 0.5918 0.95605 0.08398 0.08008
0 0.84082 0.90625 0.14258 0.08203
0 0.81006 0.96973 0.09668 0.06055
0 0.86865 0.9668 0.07324 0.04883
0 0.9668 0.94678 0.06641 0.06152
0 0.97803 0.37061 0.04199 0.07324
0 0.96729 0.50977 0.05957 0.0625
0 0.03418 0.52441 0.06836 0.05859
0 0.98877 0.5498 0.02246 0.06055
