0 0.88477 0.29736 0.10547 0.0752
0 0.20801 0.30713 0.09766 0.09473
0 0.66211 0.48682 0.08984 0.0752
0 0.85205 0.11328 0.11426 0.0918
0 0.37988 0.20898 0.11133 0.09961
0 0.75439 0.40674 0.08496 0.08496
0 0.69531 0.05908 0.0957 0.09277
0 0.33545 0.09814 0.06738 0.06738
0 0.58447 0.30225 0.0752 0.08496
0 0.50049 0.23193 0.08496 0.1416
0 0.66699 0.39062 0.07422 0.08789
0 0.70557 0.23242 0.09277 0.08984
0 0.82178 0.03125 0.08496 0.0625
0 0.45752 0.49756 0.06934 0.08496
0 0.82178 0.00098 0.08496 0.00195
0 0.18213 0.15332 0.08496 0.07812
0 0.63721 0.56201 0.07715 0.12012
0 0.00098 0.31445 0.00195 0.09961
0 0.60938 0.39453 0.08008 0.0957
0 0.08252 0.27051 0.0752 0.07617
0 0.63574 0.12842 0.0918 0.08301
0 0.10352 0.0625 0.07422 0.08984
0 0.96484 0.29346 0.07031 0.07715
0 0.63184 0.28613 0.08008 0.07227
0 0.2207 0.12793 0.07227 0.0625
0 0.63086 0.20312 0.07812 0.08789
0 0.93506 0.11279 0.11426 0.06738
0 0.94971 0.05176 0.10059 0.08008
0 0.61084 0.03223 0.09277 0.06445
0 0.02881 0.09131 0.05566 0.06738
