0 0.75146 0.64307 0.07129 0.08887
0 0.30029 0.20557 0.06543 0.09668
0 0.42969 0.23389 0.07617 0.07715
0 0.2583 0.08789 0.06348 0.08398
0 0.82471 0.37451 0.06152 0.08691
0 0.19189 0.12695 0.06152 0.07812
0 0.00977 0.26562 0.01953 0.05469
0 0.47754 0.93164 0.06055 0.08789
0 0.85645 0.75049 0.05078 0.08691
0 0.96826 0.94385 0.06348 0.08691
0 0.89697 0.69678 0.05371 0.07715
0 0.64355 0.73145 0.06445 0.07227
0 0.6167 0.3501 0.08301 0.06348
0 0.81055 0.04932 0.05469 0.09863
0 0.9248 0.48291 0.09375 0.06543
0 0.95068 0.67627 0.05176 0.07324
0 0.18018 0.92334 0.0791 0.11426
0 0.58545 0.09521 0.06543 0.09863
0 0.66602 0.16553 0.06445 0.0752
0 0.82031 0.53418 0.05469 0.08789
0 0.42773 0.49268 0.07227 0.08301
0 0.47266 0.07764 0.06641 0.06543
0 0.76221 0.80273 0.12012 0.05078
0 0.89355 0.36133 0.04102 0.0625
0 0.64453 0.5 0.05859 0.05469
0 0.88867 0.91602 0.07422 0.0918
0 0.87109 0.24805 0.04102 0.06836
0 0.38379 0.50439 0.05469 0.06543
0 0.31689 0.66602 0.08887 0.08203
0 0.87012 0.8252 0.06445 0.04688
0 0.02393 0.4248 0.04785 0.06445
0 0.62549 0.98633 0.05957 0.02344
0 0.87939 0.95068 0.06738 0.0459
0 0.78662 0.57471 0.10449 0.04785
0 0.0542 0.39307 0.1084 0.06152
0 0.86182 0.55615 0.04004 0.08105
0 0.25879 0.15381 0.03516 0.06543
0 0.85986 0.07275 0.04004 0.10059
0 0.45947 0.74609 0.03418 0.07812
0 0.19629 0.49268 0.08789 0.05371
0 0.85107 0.95752 0.0498 0.06543
0 0.6123 0.82861 0.0957 0.04199
0 0.4209 0.95312 0.05078 0.05469
0 0.44336 0.43018 0.07422 0.0459
0 0.14355 0.57812 0.07227 0.04883
0 0.75781 0.43945 0.04688 0.08398
0 0.64648 0.79102 0.0957 0.04297
0 0.7207 0.95557 0.04102 0.06934
0 0.84424 0.1123 0.0459 0.04883
0 0.03418 0.20117 0.05273 0.03711
0 0.74463 0.35352 0.05176 0.08789
0 0.37744 0.35938 0.08691 0.06445
0 0.58936 0.17871 0.05566 0.07617
0 0.4751 0.49365 0.06152 0.04395
0 0.56836 0.59863 0.04883 0.04688
0 0.28076 0.98389 0.03809 0.03223
0 0.66895 0.11621 0.04297 0.0625
0 0.32324 0.37012 0.0332 0.04297
0 0.32568 0.81934 0.0498 0.03516
0 0.90186 0.43408 0.04785 0.06348
0 0.79004 0.46826 0.07617 0.05371
0 0.61865 0.87256 0.0791 0.0459
0 0.39551 0.4209 0.04492 0.04883
0 0.82227 0.93799 0.03125 0.08301
0 0.76123 0.9502 0.06348 0.04102
0 0.98584 0.43115 0.02832 0.04395
0 0.46045 0.4082 0.05957 0.03906
0 0.16553 0.99023 0.0459 0.01953
0 0.56299 0.55029 0.08496 0.05371
0 0.13037 0.46826 0.05762 0.05762
