0 0.04102 0.29053 0.08203 0.2373
0 0.12891 0.66602 0.16211 0.24219
0 0.30957 0.21973 0.15039 0.23047
0 0.29346 0.88623 0.12793 0.22754
0 0.21582 0.36719 0.12695 0.17188
0 0.87842 0.34961 0.16309 0.20508
0 0.91064 0.54639 0.10254 0.1377
0 0.76807 0.77441 0.09277 0.13477
0 0.45215 0.91943 0.10547 0.14941
0 0.70605 0.9248 0.17773 0.15039
0 0.85107 0.84961 0.10254 0.14453
0 0.81543 0.39062 0.17773 0.14258
0 0.4082 0.95117 0.0625 0.09766
0 0.41406 0.79443 0.0918 0.08496
0 0.21924 0.64453 0.0498 0.17578
