0 0.05615 0.68555 0.05762 0.09766
0 0.31836 0.95312 0.06445 0.08789
0 0.01904 0.31201 0.03809 0.06543
0 0.13525 0.65625 0.05566 0.07812
0 0.48975 0.26221 0.06934 0.07129
0 0.02441 0.03174 0.04883 0.06348
0 0.52148 0.5752 0.10742 0.05859
0 0.02832 0.771 0.05664 0.07324
0 0.26074 0.53174 0.08594 0.05371
0 0.74951 0.48926 0.06738 0.0625
0 0.44141 0.48193 0.03125 0.10645
0 0.49561 0.38135 0.0752 0.08691
0 0.04492 0.11523 0.08984 0.0625
0 0.39893 0.3252 0.06348 0.08008
0 0.06543 0.39746 0.0625 0.06836
0 0.69824 0.70654 0.04883 0.07324
0 0.69385 0.36719 0.09082 0.04688
0 0.11475 0.38818 0.0498 0.05762
0 0.8291 0.74268 0.04297 0.06543
0 0.39062 0.48389 0.07031 0.05176
0 0.38721 0.25781 0.05176 0.10156
0 0.46631 0.10352 0.0459 0.06445
0 0.01318 0.44971 0.02637 0.02832
0 0.41797 0.6543 0.05859 0.05469
0 0.66553 0.90918 0.12402 0.05469
0 0.05762 0.8418 0.0625 0.03906
0 0.14111 0.02588 0.07129 0.05176
0 0.39307 0.41797 0.06348 0.05859
0 0.4126 0.76953 0.02441 0.05664
0 0.36963 0.69629 0.05371 0.05859
0 0.62695 0.45752 0.0625 0.03027
0 0.91406 0.11816 0.02734 0.05664
0 0.97363 0.38672 0.05273 0.03516
0 0.27808 0.8311 0.09424 0.04092
0 0.04883 0.01416 0.06641 0.02832
0 0.4165 0.63037 0.04395 0.05957
0 0.40527 0.52734 0.08398 0.04102
0 0.61523 0.47754 0.05469 0.0625
0 0.00635 0.12354 0.0127 0.04004
0 0.52441 0.1626 0.07812 0.04199
0 0.41846 0.68896 0.07129 0.05566
0 0.41504 0.3252 0.06055 0.07227
0 0.05811 0.87402 0.09277 0.03711
0 0.22803 0.84521 0.07129 0.03418
0 0.69727 0.3833 0.05859 0.05957
0 0.64307 0.87891 0.06738 0.0625
0 0.13184 0.89014 0.07227 0.0498
0 0.95215 0.05566 0.05859 0.05273
0 0.39697 0.06543 0.04199 0.06055
0 0.35986 0.03223 0.0752 0.0625
0 0.94971 0.40625 0.05371 0.05664
