0 0.53955 0.84424 0.11426 0.08496
0 0.68945 0.93945 0.1543 0.11523
0 0.70215 0.61084 0.15039 0.08691
0 0.03662 0.63867 0.07129 0.10938
0 0.47607 0.70557 0.1123 0.06738
0 0.72559 0.43604 0.16797 0.12793
0 0.6582 0.19971 0.15234 0.10449
0 0.78174 0.83691 0.12988 0.07031
0 0.57812 0.52441 0.11719 0.09961
0 0.85449 0.62598 0.18945 0.12695
0 0.89746 0.7207 0.20508 0.10742
0 0.9043 0.95312 0.16406 0.08008
0 0.75342 0.33447 0.12793 0.09082
0 0.86963 0.30713 0.14551 0.06934
0 0.8584 0.40479 0.16211 0.09473
0 0.7959 0.04736 0.13281 0.0752
0 0.57227 0.27051 0.09766 0.10938
0 0.56152 0.94922 0.10938 0.07031
0 0.94092 0.87695 0.11816 0.06445
0 0.92676 0.51172 0.125 0.08984
0 0.85596 0.49121 0.14746 0.0625
0 0.89844 0.35693 0.13281 0.09473
0 0.87842 0.24463 0.16309 0.08496
0 0.66553 0.16211 0.12793 0.10938
0 0.61084 0.03809 0.08691 0.05273
0 0.52051 0.0332 0.09766 0.0625
0 0.88623 0.09717 0.14746 0.12012
0 0.92676 0.12451 0.13477 0.10059
0 0.71582 0.23828 0.11328 0.07227
