0 0.20508 0.28662 0.06836 0.1123
0 0.30908 0.39795 0.08887 0.05957
0 0.11279 0.41553 0.05762 0.0459
0 0.479 0.30859 0.09082 0.06836
0 0.40332 0.42871 0.07812 0.05469
0 0.71387 0.45752 0.11719 0.06152
0 0.74463 0.35449 0.07324 0.04688
0 0.74805 0.30713 0.08789 0.06152
0 0.95605 0.28809 0.08789 0.06836
0 0.88135 0.36768 0.09082 0.0498
0 0.96924 0.34717 0.06152 0.05371
0 0.90625 0.43018 0.11133 0.07129
0 0.94678 0.52686 0.06934 0.08496
0 0.26807 0.54199 0.12598 0.15039
0 0.24463 0.60938 0.06934 0.10352
0 0.3916 0.60352 0.0918 0.07812
0 0.46191 0.57715 0.08008 0.0625
0 0.42041 0.71729 0.12793 0.08301
0 0.72021 0.70703 0.12012 0.05273
0 0.63818 0.77783 0.07129 0.05176
0 0.84473 0.78467 0.07617 0.06738
0 0.49805 0.68604 0.08203 0.05762
0 0.02197 0.52979 0.04395 0.07324
0 0.14307 0.82275 0.08496 0.07129
0 0.27197 0.89502 0.05566 0.09277
0 0.34424 0.90723 0.05566 0.0918
0 0.38477 0.93506 0.04102 0.09082
0 0.46338 0.94531 0.0791 0.10938
0 0.37549 0.81543 0.09668 0.05664
0 0.47461 0.83301 0.06445 0.07617
0 0.7959 0.91357 0.0957 0.07715
0 0.82227 0.86816 0.08984 0.06641
0 0.88818 0.86865 0.06738 0.06934
0 0.92236 0.96289 0.10254 0.07422
0 0.66846 0.96094 0.06738 0.07812
0 0.72217 0.9209 0.09277 0.12109
0 0.61377 0.88428 0.07324 0.06348
0 0.55469 0.61279 0.05859 0.05176
0 0.51709 0.38721 0.05176 0.05176
0 0.12744 0.36768 0.04395 0.03613
0 0.1416 0.65967 0.05859 0.07324
0 0.53027 0.70166 0.05664 0.04785
0 0.31055 0.93701 0.06641 0.08105
0 0.20068 0.86768 0.07129 0.06543
