0 0.46924 0.06787 0.10645 0.08105
0 0.3374 0.20557 0.0791 0.06152
0 0.20361 0.22656 0.05957 0.04297
0 0.15283 0.28857 0.07129 0.05176
0 0.31592 0.31104 0.05566 0.05957
0 0.56445 0.33008 0.06836 0.07031
0 0.67432 0.1958 0.06348 0.05371
0 0.78564 0.20605 0.09863 0.06836
0 0.26074 0.54248 0.05859 0.07129
0 0.13965 0.6416 0.06836 0.08008
0 0.19189 0.69092 0.08691 0.1084
0 0.06201 0.64209 0.06934 0.06348
0 0.32764 0.65137 0.13184 0.14648
0 0.45312 0.74414 0.09375 0.07227
0 0.55225 0.61182 0.0752 0.0752
0 0.21045 0.79492 0.07129 0.07617
0 0.25537 0.81836 0.05371 0.0625
0 0.26025 0.88086 0.06152 0.06836
0 0.22412 0.96729 0.08887 0.05371
0 0.93799 0.33057 0.12402 0.19434
0 0.88721 0.36084 0.10059 0.06348
0 0.95312 0.03076 0.06445 0.06152
0 0.71533 0.42627 0.05957 0.10645
0 0.77832 0.82373 0.05469 0.04785
0 0.91748 0.96387 0.06543 0.0625
0 0.97461 0.81641 0.04883 0.06641
0 0.29834 0.19531 0.04395 0.06641
0 0.58594 0.29639 0.03906 0.04785
0 0.82373 0.18701 0.04199 0.05176
0 0.01221 0.16016 0.02246 0.05273
0 0.97607 0.69727 0.04785 0.07031
0 0.39941 0.71143 0.07227 0.1084
