0 0.3833 0.68164 0.1416 0.08984
0 0.6499 0.90576 0.08496 0.09277
0 0.48535 0.79834 0.10742 0.05762
0 0.46484 0.55811 0.07031 0.1377
0 0.12988 0.61572 0.08984 0.07715
0 0.55078 0.73828 0.07227 0.05664
0 0.58984 0.8457 0.07031 0.13281
0 0.37354 0.85742 0.20215 0.08984
0 0.40332 0.12061 0.12305 0.07715
0 0.10449 0.30713 0.06055 0.0752
0 0.26562 0.65332 0.0625 0.08203
0 0.75439 0.59961 0.05957 0.08008
0 0.40576 0.2207 0.03809 0.09766
0 0.34814 0.30322 0.1377 0.05762
0 0.8042 0.2749 0.12988 0.12988
0 0.89355 0.09961 0.19727 0.16016
0 0.76318 0.70459 0.16309 0.06543
0 0.13232 0.44043 0.12988 0.07227
0 0.32471 0.15332 0.05957 0.0625
0 0.04004 0.23047 0.08008 0.13672
0 0.20312 0.46973 0.15234 0.06055
0 0.63672 0.08447 0.07031 0.09082
0 0.37061 0.48682 0.14746 0.12012
0 0.53955 0.21582 0.19434 0.08789
0 0.67822 0.26807 0.20215 0.2373
0 0.51709 0.396 0.15918 0.12207
0 0.08105 0.40088 0.16211 0.08301
0 0.8208 0.89062 0.18262 0.07812
0 0.30957 0.35547 0.23438 0.0625
0 0.71191 0.05713 0.14062 0.11035
0 0.19678 0.02686 0.06543 0.0498
0 0.02832 0.06689 0.05664 0.12988
0 0.88867 0.47705 0.22266 0.2002
0 0.73193 0.46582 0.0752 0.11328
0 0.31592 0.04688 0.11816 0.08984
0 0.41064 0.04688 0.1123 0.08984
0 0.9375 0.70117 0.125 0.10742
0 0.90088 0.62207 0.19824 0.23438
0 0.8335 0.18213 0.12207 0.0498
0 0.18164 0.19092 0.33008 0.15723
0 0.24072 0.44189 0.15332 0.13965
0 0.95459 0.35547 0.09082 0.07227
0 0.75684 0.85205 0.18555 0.06934
0 0.50439 0.34473 0.22559 0.07031
0 0.78857 0.44092 0.19238 0.07715
0 0.48438 0.03564 0.05469 0.06738
0 0.04248 0.14697 0.08496 0.21582
0 0.41113 0.40332 0.14258 0.08789
0 0.58447 0.09668 0.05566 0.08984
0 0.69824 0.30322 0.21289 0.20801
0 0.88721 0.08203 0.0752 0.08008
0 0.6084 0.86816 0.03711 0.11719
0 0.2959 0.08057 0.05273 0.04199
0 0.37061 0.20703 0.04199 0.0957
0 0.55322 0.28174 0.06738 0.12988
0 0.33496 0.40088 0.08008 0.04199
0 0.27197 0.48486 0.0752 0.04004
