0 0.00928 0.08496 0.01855 0.06836
0 0.61523 0.64209 0.12695 0.12012
0 0.65234 0.0498 0.05469 0.09766
0 0.75049 0.08838 0.07129 0.1416
0 0.62988 0.46875 0.08398 0.05273
0 0.51807 0.20654 0.96387 0.24902
0 0.63184 0.18799 0.10547 0.12988
0 0.58984 0.06738 0.08594 0.13477
0 0.16895 0.95264 0.09961 0.09473
0 0.96338 0.47168 0.07324 0.09766
0 0.52344 0.19482 0.09375 0.10059
0 0.48291 0.08984 0.09668 0.12695
0 0.59131 0.75732 0.09082 0.10059
0 0.1665 0.29346 0.12988 0.11426
0 0.49707 0.59229 0.14062 0.10059
0 0.29834 0.66309 0.12402 0.09766
0 0.2998 0.48584 0.17383 0.11035
0 0.77539 0.96729 0.09766 0.06543
0 0.8916 0.97363 0.07422 0.05273
0 0.82764 0.1499 0.10254 0.07715
0 0.80518 0.06982 0.05957 0.09082
0 0.61963 0.51074 0.06152 0.04297
0 0.54102 0.4165 0.18945 0.08496
0 0.84375 0.08789 0.05078 0.08203
