0 0.05615 0.03711 0.1123 0.07422
0 0.2417 0.08545 0.06738 0.11426
0 0.25488 0.01807 0.09766 0.03613
0 0.30859 0.09961 0.05859 0.08984
0 0.15625 0.2417 0.19336 0.07324
0 0.20215 0.30615 0.10742 0.05566
0 0.09473 0.33936 0.16992 0.10254
0 0.62842 0.18213 0.08887 0.09082
0 0.60156 0.26562 0.08594 0.10352
0 0.73291 0.24561 0.06348 0.09473
0 0.78369 0.22021 0.06738 0.07324
0 0.79395 0.15771 0.13477 0.11816
0 0.20947 0.46924 0.13379 0.0791
0 0.03955 0.53955 0.06348 0.09277
0 0.47266 0.49365 0.10938 0.07715
0 0.47217 0.56836 0.0752 0.08984
0 0.42432 0.69141 0.06738 0.10547
0 0.33252 0.74219 0.12793 0.13281
0 0.33789 0.85547 0.17383 0.07422
0 0.19434 0.94727 0.16016 0.07617
0 0.05225 0.96289 0.08887 0.07422
0 0.04199 0.82178 0.08398 0.12207
0 0.3833 0.95557 0.09082 0.08887
0 0.59277 0.78125 0.05859 0.11914
0 0.80957 0.65918 0.09961 0.08008
0 0.58545 0.979 0.06934 0.04199
0 0.79199 0.92334 0.08594 0.10254
0 0.88525 0.91309 0.06348 0.10938
0 0.83154 0.79688 0.09277 0.09961
0 0.94971 0.6792 0.07715 0.09082
0 0.91699 0.56201 0.09766 0.08301
0 0.90479 0.479 0.06152 0.08301
0 0.86572 0.42188 0.11816 0.06836
0 0.78955 0.38818 0.11621 0.09277
0 0.64258 0.36963 0.10547 0.10449
0 0.55225 0.40869 0.11035 0.07715
0 0.90381 0.229 0.12402 0.12793
0 0.96582 0.12256 0.06836 0.07715
0 0.91162 0.03418 0.08496 0.06836
0 0.43408 0.89404 0.08301 0.0791
0 0.13574 0.44531 0.09766 0.08789
0 0.8125 0.96045 0.14844 0.0752
0 0.09668 0.24658 0.16406 0.05566
0 0.16016 0.31641 0.09961 0.07227
