0 0.81689 0.39746 0.05566 0.08984
0 0.75342 0.18604 0.05762 0.11426
0 0.81787 0.61768 0.07715 0.07324
0 0.68604 0.5415 0.1084 0.08887
0 0.57471 0.77686 0.10645 0.09668
0 0.21045 0.60547 0.07715 0.08398
0 0.50781 0.49316 0.08008 0.06641
0 0.49121 0.59082 0.0918 0.07031
0 0.8623 0.95996 0.06445 0.08008
0 0.39111 0.23486 0.06934 0.09277
0 0.46582 0.95605 0.09766 0.08789
0 0.33984 0.85938 0.13477 0.05664
0 0.37158 0.0376 0.0752 0.07324
0 0.86426 0.18555 0.07031 0.06836
0 0.44238 0.52246 0.10352 0.07227
0 0.11865 0.55859 0.13965 0.0918
0 0.47217 0.40967 0.09277 0.05957
0 0.22607 0.95117 0.11426 0.0625
0 0.73047 0.49219 0.04102 0.125
0 0.57861 0.29053 0.08691 0.08105
0 0.47412 0.03809 0.03418 0.07227
0 0.03076 0.96826 0.03809 0.06152
0 0.81348 0.875 0.09961 0.05859
0 0.13477 0.18262 0.21484 0.14648
0 0.56299 0.66406 0.05176 0.08594
0 0.31689 0.59961 0.10254 0.11719
0 0.80957 0.30176 0.04883 0.0625
0 0.96094 0.77295 0.07812 0.07129
0 0.87305 0.69873 0.05469 0.03613
0 0.37939 0.64551 0.07715 0.05273
0 0.65332 0.96826 0.04688 0.05957
0 0.46387 0.45117 0.11719 0.03711
0 0.0957 0.82617 0.08398 0.06055
0 0.77588 0.97559 0.05176 0.04883
0 0.96143 0.27539 0.0498 0.06445
0 0.80762 0.47949 0.08789 0.08789
0 0.91064 0.93848 0.04395 0.12305
0 0.90918 0.85645 0.0918 0.04883
0 0.38721 0.4502 0.06543 0.06641
0 0.11963 0.49414 0.09668 0.05469
0 0.42871 0.76318 0.04102 0.0791
0 0.97754 0.90625 0.04492 0.16016
0 0.22949 0.1001 0.09961 0.2002
0 0.79395 0.83203 0.04297 0.0625
0 0.68994 0.24707 0.16504 0.13477
0 0.84326 0.12744 0.06738 0.09277
0 0.02686 0.4043 0.05371 0.05469
0 0.92383 0.24902 0.05078 0.0957
0 0.52295 0.30225 0.04395 0.07715
0 0.92139 0.57324 0.07129 0.04688
0 0.58105 0.41064 0.14844 0.0498
0 0.42432 0.23535 0.11035 0.05273
0 0.4082 0.92578 0.05664 0.05859
0 0.02051 0.36133 0.04102 0.0332
0 0.12939 0.1001 0.05371 0.16113
0 0.2041 0.97314 0.05273 0.05371
0 0.13184 0.48975 0.10547 0.04004
0 0.86865 0.54736 0.12207 0.0459
0 0.61865 0.91553 0.06543 0.16895
0 0.55078 0.23682 0.05469 0.03418
0 0.27295 0.88525 0.0791 0.04785
0 0.16602 0.02344 0.05078 0.04492
0 0.94629 0.68018 0.05469 0.05176
0 0.65479 0.01318 0.03027 0.02637
0 0.54443 0.22119 0.05957 0.02832
0 0.18115 0.51855 0.12793 0.03711
0 0.08936 0.11279 0.05762 0.06934
0 0.05566 0.77002 0.08008 0.09082
0 0.8623 0.50098 0.03711 0.07031
0 0.69727 0.02637 0.04688 0.04297
0 0.07617 0.0166 0.07031 0.0332
0 0.91406 0.61475 0.03516 0.11035
0 0.82275 0.58789 0.03809 0.03906
0 0.38037 0.77881 0.09668 0.03223
0 0.02881 0.6626 0.05762 0.03809
0 0.4834 0.2959 0.04492 0.05859
0 0.13965 0.46191 0.125 0.04297
0 0.3584 0.40088 0.03711 0.09668
0 0.20312 0.93848 0.16211 0.0625
0 0.25 0.59375 0.07031 0.04883
0 0.31641 0.58154 0.11133 0.12012
