0 0.08691 0.10742 0.06445 0.05273
0 0.0918 0.1709 0.07617 0.05078
0 0.15527 0.22217 0.08398 0.0752
0 0.25244 0.29639 0.06543 0.04395
0 0.2207 0.2124 0.04883 0.05566
0 0.23779 0.15918 0.08301 0.05469
0 0.19092 0.11182 0.05371 0.04395
0 0.35596 0.0791 0.09473 0.05664
0 0.34277 0.17334 0.06641 0.04004
0 0.49365 0.16016 0.09082 0.04883
0 0.50586 0.24658 0.08789 0.06543
0 0.65088 0.22119 0.05957 0.07715
0 0.72705 0.27295 0.0752 0.07324
0 0.89209 0.0957 0.08301 0.09766
0 0.81152 0.14062 0.0625 0.04883
0 0.72363 0.1123 0.07031 0.06641
0 0.62109 0.13623 0.08789 0.06152
0 0.62256 0.09424 0.08496 0.07324
0 0.55127 0.08496 0.06543 0.04883
0 0.59863 0.03125 0.08203 0.05078
0 0.96631 0.02393 0.06738 0.04785
0 0.89502 0.02344 0.06348 0.04688
0 0.77002 0.05762 0.06543 0.07227
0 0.82715 0.0708 0.06641 0.05566
0 0.96387 0.18408 0.07227 0.04199
0 0.97949 0.13525 0.04102 0.04004
0 0.01953 0.55566 0.03906 0.07617
0 0.24561 0.51953 0.05566 0.0625
0 0.30762 0.45605 0.04688 0.10156
0 0.37061 0.43164 0.05566 0.09766
0 0.49414 0.479 0.11133 0.06152
0 0.46973 0.52197 0.05859 0.04004
0 0.29053 0.59082 0.12402 0.05078
0 0.40088 0.58545 0.09668 0.0752
0 0.46338 0.61963 0.06543 0.05957
0 0.5249 0.61621 0.08105 0.06055
0 0.54834 0.56104 0.06934 0.0498
0 0.59961 0.61035 0.07031 0.0625
0 0.74365 0.54443 0.09473 0.04785
0 0.72412 0.59766 0.06934 0.05273
0 0.85742 0.4541 0.07812 0.08594
0 0.89404 0.48584 0.13184 0.08105
0 0.90186 0.54053 0.12793 0.05176
0 0.90625 0.56201 0.07031 0.10254
0 0.80859 0.6416 0.14844 0.05859
0 0.80859 0.71875 0.06055 0.05664
0 0.82227 0.77588 0.05664 0.04395
0 0.87207 0.68262 0.06641 0.04492
0 0.95166 0.71436 0.09668 0.04785
0 0.6875 0.86475 0.09375 0.05176
0 0.5708 0.70752 0.04004 0.0498
0 0.65527 0.67236 0.05469 0.05371
0 0.49854 0.70947 0.06934 0.0459
0 0.28809 0.68604 0.06445 0.04199
0 0.34814 0.66748 0.06152 0.0498
0 0.2915 0.72217 0.1084 0.05957
0 0.17529 0.74414 0.11035 0.04297
0 0.10352 0.72266 0.05273 0.06641
0 0.03857 0.66699 0.06934 0.06445
0 0.58398 0.89941 0.14453 0.07617
0 0.69482 0.9668 0.08887 0.06641
0 0.1543 0.87451 0.0918 0.05176
0 0.11523 0.8208 0.05078 0.05762
0 0.02832 0.92969 0.05664 0.08789
0 0.23389 0.75488 0.06738 0.06836
0 0.43164 0.78613 0.05469 0.05078
0 0.86133 0.73047 0.09961 0.04883
0 0.73438 0.16309 0.06641 0.05078
0 0.28564 0.12744 0.06348 0.0752
0 0.53613 0.0376 0.07227 0.0752
