0 0.96484 0.05566 0.07031 0.10742
0 0.44336 0.34717 0.10742 0.09473
0 0.54541 0.5166 0.1377 0.125
0 0.69873 0.67578 0.14746 0.07812
0 0.89307 0.82959 0.08301 0.08496
0 0.65186 0.61719 0.10059 0.08008
0 0.99707 0.20703 0.00586 0.10547
0 0.62061 0.91064 0.08301 0.05762
0 0.88086 0.35352 0.08789 0.10742
0 0.14209 0.79688 0.10059 0.125
0 0.81836 0.13867 0.08203 0.05078
0 0.13965 0.9082 0.125 0.11328
0 0.25732 0.48682 0.08496 0.12988
0 0.61426 0.95312 0.09961 0.0625
0 0.68213 0.79199 0.06543 0.07422
0 0.07568 0.05811 0.14746 0.1123
0 0.74414 0.42969 0.125 0.08008
0 0.78955 0.85059 0.05957 0.07227
0 0.39941 0.4707 0.08984 0.09766
0 0.05957 0.26904 0.11914 0.09082
0 0.21484 0.88086 0.08984 0.08203
0 0.96484 0.72119 0.07031 0.06738
0 0.70947 0.09082 0.06934 0.12695
0 0.13574 0.56445 0.23828 0.10547
0 0.43066 0.85449 0.08203 0.1543
0 0.97363 0.18457 0.05273 0.0957
0 0.9668 0.27197 0.06641 0.07715
0 0.75586 0.89111 0.07227 0.05762
0 0.39062 0.19971 0.10742 0.14551
0 0.34814 0.08691 0.17285 0.16992
0 0.34229 0.81543 0.15527 0.09766
0 0.66309 0.03076 0.07227 0.05762
0 0.60547 0.27344 0.08203 0.11133
0 0.18066 0.48047 0.08789 0.11719
0 0.53809 0.77832 0.24805 0.10742
0 0.79834 0.37744 0.08496 0.05762
0 0.5249 0.28809 0.05371 0.04297
0 0.07812 0.73682 0.13281 0.11035
0 0.55469 0.2334 0.15039 0.07227
0 0.74072 0.1748 0.07715 0.07031
0 0.12109 0.18945 0.09766 0.09961
0 0.63574 0.77539 0.10742 0.0918
0 0.33447 0.73486 0.21973 0.08496
0 0.17871 0.64209 0.14258 0.0752
0 0.2998 0.52344 0.0625 0.0625
0 0.57715 0.57568 0.0957 0.06738
0 0.04688 0.65576 0.08984 0.08301
0 0.3623 0.87695 0.11523 0.06055
0 0.1377 0.28223 0.13281 0.07227
0 0.79541 0.24951 0.04785 0.11426
0 0.57666 0.42285 0.08691 0.08203
0 0.85742 0.66943 0.04883 0.05762
0 0.02979 0.44971 0.05957 0.04395
