0 0.77637 0.16504 0.05078 0.08398
0 0.7998 0.18555 0.0625 0.08008
0 0.85303 0.23389 0.05957 0.07715
0 0.90234 0.28027 0.05469 0.07422
0 0.62549 0.16016 0.06348 0.06055
0 0.66553 0.21924 0.06348 0.04785
0 0.72754 0.22314 0.0625 0.05371
0 0.69336 0.25684 0.05273 0.03906
0 0.67676 0.28955 0.06055 0.0459
0 0.72559 0.29932 0.06641 0.05176
0 0.70654 0.33398 0.10254 0.04688
0 0.62744 0.3208 0.05957 0.05957
0 0.60889 0.37695 0.07324 0.05273
0 0.68945 0.34961 0.10352 0.05859
0 0.46826 0.27783 0.09277 0.05566
0 0.45996 0.1958 0.07227 0.07715
0 0.50342 0.19336 0.05762 0.07227
0 0.3291 0.0166 0.08789 0.0332
0 0.06689 0.13916 0.08496 0.09082
0 0.2959 0.20215 0.0957 0.08398
0 0.24609 0.29639 0.09961 0.08496
0 0.3374 0.3501 0.0791 0.05566
0 0.27979 0.45605 0.06738 0.11328
0 0.02197 0.24316 0.04395 0.06055
0 0.47119 0.63232 0.05957 0.08105
0 0.42188 0.72949 0.08008 0.06055
0 0.50928 0.74805 0.08496 0.05273
0 0.63574 0.5166 0.09375 0.09375
0 0.7373 0.51074 0.11328 0.08203
0 0.74316 0.58301 0.11914 0.08008
0 0.86182 0.61035 0.06152 0.07617
0 0.77295 0.62842 0.06543 0.06152
0 0.79492 0.74756 0.06445 0.05176
0 0.73877 0.78613 0.09668 0.05664
0 0.91699 0.74854 0.06836 0.06543
0 0.94531 0.6748 0.07227 0.05859
0 0.45312 0.84717 0.08203 0.06934
0 0.2998 0.84473 0.0625 0.05664
0 0.89404 0.94482 0.06152 0.11035
0 0.90234 0.36621 0.07031 0.06836
0 0.97852 0.87402 0.04297 0.11133
0 0.54785 0.36523 0.05469 0.04297
0 0.43555 0.65332 0.04883 0.06641
0 0.05273 0.12109 0.10547 0.06836
0 0.39014 0.27393 0.04785 0.06348
0 0.49414 0.81885 0.0625 0.05957
