0 0.10645 0.01416 0.21289 0.02832
0 0.69043 0.41846 0.13867 0.13965
0 0.20605 0.39746 0.32031 0.16016
0 0.34619 0.04932 0.29785 0.09863
0 0.14111 0.32861 0.28223 0.10254
0 0.84668 0.15576 0.30664 0.13184
0 0.9043 0.63184 0.19141 0.16602
0 0.82129 0.02637 0.1543 0.05273
0 0.97559 0.8335 0.04883 0.15918
0 0.75977 0.78955 0.10352 0.1123
0 0.42334 0.68164 0.37988 0.11328
0 0.58203 0.08691 0.15234 0.14062
0 0.80469 0.80127 0.07617 0.12207
0 0.83057 0.81396 0.08301 0.12012
0 0.94922 0.85156 0.04688 0.24414
0 0.06787 0.13672 0.13574 0.08008
0 0.23438 0.03418 0.23242 0.06836
0 0.354 0.0542 0.25098 0.1084
