0 0.39893 0.28076 0.09473 0.11035
0 0.89551 0.10205 0.09375 0.11426
0 0.84766 0.32715 0.0625 0.08984
0 0.03711 0.4873 0.07422 0.11523
0 0.59375 0.49756 0.13281 0.15918
0 0.66699 0.12646 0.14844 0.14746
0 0.10791 0.76318 0.08691 0.09473
0 0.4917 0.16748 0.10645 0.13379
0 0.09521 0.66162 0.12402 0.08301
0 0.30176 0.2666 0.08008 0.08008
0 0.31006 0.96338 0.08496 0.07324
0 0.24561 0.03564 0.06738 0.06738
0 0.27539 0.19629 0.05859 0.07031
0 0.979 0.08203 0.04199 0.09961
0 0.96777 0.28564 0.06445 0.07324
0 0.82812 0.26025 0.07227 0.11035
