0 0.05713 0.44434 0.09473 0.10547
0 0.46191 0.3208 0.09961 0.1084
0 0.87305 0.28662 0.07227 0.08496
0 0.13574 0.66211 0.08789 0.10938
0 0.96582 0.47461 0.06836 0.10547
0 0.33447 0.27441 0.0752 0.08984
0 0.50732 0.47559 0.0752 0.13281
0 0.87988 0.35791 0.08008 0.06738
0 0.34717 0.78174 0.09473 0.12012
0 0.90723 0.12842 0.08984 0.06738
0 0.27588 0.38721 0.05176 0.10449
0 0.78076 0.79199 0.06738 0.14062
0 0.85059 0.62842 0.07227 0.10254
0 0.35303 0.49805 0.06738 0.07227
0 0.29102 0.17188 0.0625 0.06445
0 0.66553 0.94189 0.09277 0.10059
0 0.39697 0.16699 0.08496 0.08008
0 0.21094 0.7832 0.07227 0.08789
0 0.48193 0.60547 0.0752 0.10742
0 0.21533 0.9248 0.04785 0.14844
0 0.43066 0.44482 0.0625 0.08496
0 0.7998 0.27246 0.07031 0.08008
0 0.32959 0.58984 0.08496 0.125
0 0.26025 0.91309 0.0791 0.14258
0 0.78467 0.01953 0.0752 0.03906
0 0.30859 0.67432 0.10742 0.10449
0 0.03271 0.53516 0.06543 0.08008
0 0.2041 0.33887 0.08789 0.08008
0 0.16211 0.40039 0.07422 0.10742
0 0.25 0.375 0.11719 0.125
0 0.29736 0.61719 0.08496 0.11523
0 0.04834 0.87451 0.09277 0.13965
0 0.29199 0.93652 0.05664 0.12305
0 0.50977 0.91309 0.08008 0.16211
0 0.90088 0.96631 0.0791 0.06738
0 0.98877 0.32373 0.02246 0.12207
