0 0.10791 0.78369 0.09473 0.0752
0 0.51904 0.23828 0.05957 0.04492
0 0.04492 0.90723 0.08984 0.09766
0 0.50586 0.44434 0.04688 0.05664
0 0.36377 0.71875 0.16504 0.08203
0 0.76221 0.14014 0.09082 0.09082
0 0.38525 0.7749 0.24316 0.18262
0 0.67139 0.0127 0.05957 0.02539
0 0.59033 0.40771 0.0752 0.05176
0 0.08203 0.02539 0.16016 0.05078
0 0.55811 0.07617 0.06543 0.06445
0 0.48926 0.25977 0.06641 0.10938
0 0.04053 0.96924 0.08105 0.06152
0 0.41162 0.20801 0.08301 0.06641
0 0.01807 0.57422 0.03613 0.15039
0 0.65576 0.60498 0.06934 0.08887
0 0.7959 0.9043 0.10742 0.08008
0 0.0166 0.38281 0.0332 0.06641
0 0.14648 0.21045 0.07812 0.08301
0 0.76514 0.83594 0.12598 0.07812
0 0.85596 0.94482 0.13184 0.10059
0 0.93506 0.24268 0.12012 0.19629
0 0.03076 0.75977 0.05957 0.06836
0 0.1084 0.86719 0.06055 0.04688
0 0.15625 0.87744 0.08594 0.0498
0 0.02637 0.854 0.05273 0.0459
0 0.71289 0.79688 0.12695 0.12305
0 0.78076 0.70557 0.14551 0.19043
0 0.81836 0.60645 0.13281 0.08203
0 0.56885 0.92627 0.0791 0.13379
0 0.59863 0.80566 0.06641 0.06641
0 0.55957 0.73389 0.07422 0.06348
0 0.66211 0.7334 0.08398 0.07812
0 0.57471 0.65283 0.06738 0.08496
0 0.41846 0.86719 0.15332 0.13867
0 0.82617 0.23438 0.10547 0.06055
0 0.78125 0.31787 0.15234 0.2373
0 0.88037 0.50195 0.22168 0.12109
0 0.62207 0.06543 0.07812 0.07031
