0 0.6416 0.03369 0.11523 0.06738
0 0.36426 0.75342 0.09961 0.07715
0 0.14355 0.69971 0.11719 0.0752
0 0.63965 0.11182 0.17383 0.06152
0 0.49072 0.7207 0.11816 0.08203
0 0.19678 0.3584 0.24707 0.08789
0 0.21924 0.61621 0.11035 0.07227
0 0.7793 0.23535 0.16016 0.10742
0 0.03955 0.18555 0.0791 0.07227
0 0.70459 0.1748 0.1748 0.09961
0 0.55225 0.04736 0.14551 0.0752
0 0.35596 0.16797 0.20215 0.11719
0 0.14209 0.81445 0.15918 0.07031
0 0.65723 0.78955 0.18555 0.09473
0 0.75342 0.50684 0.14746 0.08008
0 0.21094 0.11328 0.16797 0.12305
0 0.70947 0.57422 0.11426 0.05469
0 0.33691 0.10449 0.18945 0.11523
0 0.02979 0.86621 0.05957 0.0625
0 0.14111 0.05957 0.1123 0.0957
0 0.24414 0.80957 0.08984 0.05469
0 0.19824 0.90576 0.14258 0.09277
0 0.64502 0.06396 0.14355 0.07129
0 0.62988 0.35205 0.16992 0.11035
0 0.66846 0.64893 0.15918 0.07324
0 0.73193 0.36475 0.13965 0.06543
0 0.60547 0.94092 0.10742 0.05957
0 0.7959 0.08057 0.16211 0.06738
0 0.07959 0.03564 0.09473 0.06738
0 0.0708 0.21094 0.12207 0.09766
0 0.10156 0.89795 0.12305 0.10059
0 0.80273 0.03906 0.1875 0.07812
0 0.93701 0.39648 0.12598 0.07031
0 0.77002 0.65186 0.11816 0.06738
0 0.52051 0.55566 0.14062 0.05664
0 0.6582 0.70801 0.15039 0.0918
0 0.57861 0.57959 0.15527 0.07129
