0 0.96631 0.34082 0.05957 0.13281
0 0.91748 0.1333 0.06348 0.14355
0 0.97607 0.14209 0.04785 0.08691
0 0.55127 0.24365 0.02246 0.08496
0 0.96533 0.01855 0.06934 0.03711
0 0.72607 0.07227 0.10254 0.09375
0 0.83838 0.15723 0.08691 0.10156
0 0.74463 0.26074 0.08887 0.07031
0 0.67432 0.14404 0.06348 0.07715
0 0.58643 0.03418 0.08105 0.06836
0 0.43115 0.04688 0.07715 0.09375
0 0.36621 0.04395 0.07422 0.08789
0 0.38281 0.12451 0.08008 0.09082
0 0.12207 0.14404 0.04297 0.06543
0 0.14307 0.25781 0.08301 0.10156
0 0.20361 0.41504 0.06543 0.05273
0 0.26123 0.46289 0.08496 0.08203
0 0.37061 0.51025 0.06543 0.06543
0 0.44238 0.53076 0.07812 0.08301
0 0.45508 0.61279 0.07422 0.07324
0 0.52832 0.60254 0.07227 0.07617
0 0.56641 0.50439 0.09766 0.11426
0 0.6748 0.57031 0.08203 0.08203
0 0.75537 0.5874 0.0752 0.0752
0 0.84229 0.74023 0.06543 0.08984
0 0.90625 0.75928 0.07031 0.07324
0 0.88818 0.94727 0.07715 0.0918
0 0.9458 0.94287 0.07324 0.08887
0 0.62354 0.93018 0.07129 0.08887
0 0.77393 0.71533 0.05176 0.0459
0 0.33398 0.96875 0.11328 0.0625
0 0.41064 0.92676 0.05371 0.05859
0 0.49121 0.9668 0.08008 0.06641
0 0.13086 0.86963 0.10352 0.09668
0 0.19971 0.72119 0.11426 0.06934
0 0.21094 0.65723 0.13086 0.08008
0 0.29785 0.67627 0.08008 0.06738
0 0.22021 0.5957 0.0752 0.0625
0 0.02393 0.61963 0.04785 0.1084
0 0.02295 0.84619 0.0459 0.10449
0 0.61328 0.70117 0.08789 0.05859
0 0.61719 0.75146 0.08789 0.06348
0 0.34375 0.36377 0.03906 0.03809
0 0.33838 0.3042 0.02246 0.02832
0 0.28271 0.94727 0.05176 0.10547
0 0.65723 0.33594 0.04297 0.04492
0 0.81641 0.02979 0.07031 0.0459
0 0.89551 0.28564 0.04688 0.05176
0 0.50049 0.24854 0.03809 0.07324
0 0.82959 0.46777 0.02832 0.03516
