0 0.41699 0.82129 0.08398 0.22852
0 0.43652 0.96533 0.11719 0.06738
0 0.354 0.57617 0.14941 0.10742
0 0.59277 0.96533 0.06445 0.06738
0 0.5415 0.9126 0.08105 0.09082
0 0.41016 0.54346 0.13086 0.25879
0 0.49902 0.16992 0.12305 0.14258
0 0.84229 0.05176 0.15332 0.10352
0 0.04395 0.75342 0.08789 0.07324
0 0.95654 0.70947 0.08691 0.07715
0 0.7749 0.17627 0.11621 0.16309
0 0.41064 0.23389 0.13574 0.09277
0 0.04199 0.00391 0.08398 0.00781
0 0.63232 0.20947 0.1748 0.14941
0 0.27686 0.34766 0.17871 0.09766
0 0.55664 0.08105 0.09375 0.08398
0 0.33154 0.31104 0.10645 0.07324
0 0.64355 0.90674 0.11719 0.1416
0 0.61279 0.90479 0.09473 0.15723
0 0.55762 0.78662 0.07031 0.07715
0 0.49268 0.73389 0.05176 0.16699
0 0.50049 0.70947 0.08887 0.06934
0 0.59863 0.70557 0.07227 0.06934
0 0.71289 0.771 0.11523 0.08691
0 0.59375 0.61768 0.08398 0.07715
0 0.61523 0.52393 0.0625 0.06738
0 0.68213 0.55664 0.10059 0.04688
0 0.71094 0.60156 0.14062 0.07812
0 0.68994 0.67871 0.08887 0.08203
