0 0.03027 0.84619 0.06055 0.09473
0 0.7251 0.96875 0.10449 0.06055
0 0.90869 0.79102 0.07715 0.16602
0 0.97021 0.74707 0.05957 0.10938
0 0.96436 0.14697 0.07129 0.29395
0 0.93799 0.38184 0.06348 0.11133
0 0.77783 0.35693 0.1084 0.07129
0 0.78174 0.21631 0.16895 0.22559
0 0.69482 0.22314 0.16504 0.11426
0 0.71338 0.10547 0.0752 0.18164
0 0.5249 0.07812 0.06738 0.07617
0 0.49902 0.13916 0.08203 0.1123
0 0.57373 0.11768 0.14551 0.1709
0 0.53125 0.29346 0.06055 0.11621
0 0.61572 0.35986 0.12402 0.11035
0 0.71338 0.5708 0.09473 0.27637
0 0.81543 0.62402 0.08398 0.26172
0 0.42578 0.64502 0.07227 0.11426
0 0.37891 0.32324 0.07031 0.125
0 0.31396 0.35352 0.08301 0.125
0 0.22314 0.34473 0.10645 0.14844
0 0.16846 0.45312 0.08105 0.16992
0 0.24707 0.55762 0.07617 0.08594
0 0.20459 0.59912 0.06934 0.12793
0 0.0293 0.42676 0.05859 0.11133
0 0.02588 0.15186 0.05176 0.08105
0 0.11133 0.14453 0.18945 0.22461
0 0.48242 0.02148 0.05469 0.04297
0 0.24463 0.0791 0.05957 0.1582
0 0.02637 0.41455 0.05273 0.15137
0 0.45898 0.62207 0.04492 0.08008
0 0.9917 0.48682 0.0166 0.04395
