0 0.7749 0.49951 0.08105 0.08887
0 0.06787 0.61377 0.12402 0.06934
0 0.05566 0.37744 0.10938 0.05957
0 0.96582 0.36816 0.06836 0.07031
0 0.4707 0.89453 0.12109 0.05859
0 0.71094 0.04248 0.07617 0.06543
0 0.37061 0.04248 0.1084 0.08496
0 0.13281 0.03125 0.09961 0.0625
0 0.29932 0.57617 0.11426 0.0625
0 0.39648 0.16699 0.08789 0.07617
0 0.55762 0.25635 0.11914 0.09277
0 0.15234 0.69189 0.10938 0.06152
0 0.75732 0.34521 0.08887 0.04785
0 0.42871 0.30566 0.0918 0.05859
0 0.84766 0.28271 0.09375 0.08691
0 0.57324 0.1582 0.08398 0.06641
0 0.64893 0.03955 0.09668 0.05371
0 0.17285 0.43506 0.09375 0.05176
0 0.97754 0.18896 0.04492 0.06152
0 0.54736 0.64697 0.06934 0.04395
0 0.40234 0.57715 0.08008 0.05078
0 0.46777 0.39404 0.08398 0.05371
0 0.75928 0.73193 0.07715 0.0498
0 0.47559 0.8501 0.08203 0.04785
0 0.98096 0.31396 0.03809 0.06152
0 0.28271 0.26221 0.09668 0.06152
0 0.77783 0.96289 0.10645 0.04688
0 0.96631 0.69873 0.06738 0.05176
0 0.34668 0.62891 0.11719 0.04883
0 0.8623 0.68213 0.06641 0.04199
0 0.74658 0.86914 0.09082 0.03711
0 0.32617 0.32861 0.09375 0.03418
0 0.67871 0.59326 0.14453 0.05371
0 0.34375 0.41016 0.08398 0.04492
0 0.09424 0.18896 0.06934 0.0459
0 0.81201 0.82959 0.09473 0.03809
0 0.06348 0.31592 0.12305 0.05176
0 0.9917 0.54688 0.0166 0.04883
0 0.43555 0.94043 0.11328 0.03906
0 0.9375 0.25781 0.07812 0.05469
0 0.26074 0.10889 0.10352 0.04199
0 0.43018 0.46875 0.07715 0.03125
0 0.18799 0.96338 0.07324 0.05566
0 0.33691 0.68848 0.13867 0.04492
0 0.97705 0.93262 0.0459 0.0293
0 0.06152 0.74756 0.08398 0.04004
0 0.61572 0.69482 0.08301 0.03613
0 0.51465 0.97119 0.09961 0.04004
0 0.49902 0.11816 0.07031 0.04297
0 0.54639 0.69385 0.0752 0.03418
0 0.22754 0.01953 0.05078 0.03711
0 0.74072 0.3916 0.09277 0.05078
0 0.26221 0.94971 0.06738 0.02832
0 0.98438 0.56104 0.03125 0.04785
0 0.23926 0.36865 0.08984 0.0459
0 0.30273 0.73242 0.11133 0.03711
0 0.33154 0.23584 0.10449 0.06738
0 0.0708 0.96045 0.1416 0.03613
0 0.89014 0.21191 0.06934 0.04102
0 0.93848 0.97217 0.10547 0.02441
0 0.36621 0.21484 0.17578 0.04492
0 0.67334 0.98975 0.05957 0.02051
0 0.6377 0.85938 0.0625 0.04297
0 0.12549 0.4668 0.0791 0.02734
0 0.2373 0.07324 0.11523 0.04102
0 0.59668 0.49512 0.05859 0.05078
0 0.75879 0.15088 0.08203 0.02832
0 0.02734 0.27734 0.05273 0.0332
0 0.06055 0.66553 0.11914 0.03809
0 0.55615 0.01514 0.05762 0.03027
0 0.84814 0.73926 0.0459 0.01562
0 0.71875 0.91357 0.15625 0.04004
0 0.85498 0.98926 0.05762 0.02148
0 0.17188 0.3667 0.15234 0.04785
0 0.98828 0.74902 0.02344 0.0293
0 0.67529 0.37402 0.09473 0.05273
0 0.6875 0.26416 0.15039 0.12598
0 0.73389 0.25732 0.10059 0.05566
0 0.54102 0.20752 0.13477 0.09668
0 0.11621 0.9707 0.06445 0.02539
0 0.20947 0.62158 0.08301 0.04004
