0 0.05713 0.56104 0.08105 0.18457
0 0.13135 0.35303 0.11621 0.1084
0 0.23096 0.31787 0.09473 0.1416
0 0.2749 0.50293 0.11816 0.15039
0 0.05127 0.19336 0.08887 0.07227
0 0.44727 0.01709 0.06445 0.03418
0 0.36621 0.05371 0.0625 0.07031
0 0.17334 0.0918 0.2002 0.18359
0 0.20264 0.19531 0.06934 0.07422
0 0.12402 0.21826 0.09375 0.12402
0 0.40381 0.18457 0.07129 0.11523
0 0.2832 0.14014 0.08594 0.07715
0 0.45508 0.37158 0.12891 0.09863
0 0.62695 0.36768 0.08203 0.08887
0 0.69189 0.10303 0.09863 0.06152
0 0.44287 0.10693 0.05762 0.09863
0 0.83398 0.0249 0.08984 0.0498
0 0.90137 0.11182 0.07617 0.06738
0 0.72559 0.41943 0.0957 0.10059
0 0.85107 0.35352 0.0752 0.08008
0 0.72754 0.52051 0.0625 0.05469
0 0.63721 0.56934 0.07129 0.10547
0 0.40137 0.63135 0.07812 0.07129
0 0.1416 0.85547 0.08203 0.11914
0 0.08545 0.95801 0.1709 0.08398
0 0.41064 0.71533 0.17676 0.09863
0 0.26318 0.77441 0.08691 0.07031
0 0.30371 0.84082 0.14844 0.08984
0 0.33447 0.87793 0.10449 0.08984
0 0.29688 0.94287 0.11523 0.07129
0 0.51221 0.97607 0.08691 0.04785
0 0.52002 0.91211 0.08105 0.07617
0 0.62109 0.79639 0.14062 0.0791
0 0.74463 0.91016 0.1123 0.07031
0 0.68457 0.95459 0.08594 0.09082
0 0.87402 0.96436 0.05859 0.07129
0 0.95264 0.90576 0.09473 0.08887
0 0.82324 0.73877 0.08203 0.08691
0 0.82031 0.66992 0.07031 0.07812
0 0.91748 0.73193 0.16504 0.08496
0 0.90137 0.65723 0.06055 0.0918
0 0.87598 0.57715 0.07812 0.07422
0 0.96387 0.61621 0.07227 0.125
0 0.86768 0.89697 0.07324 0.0791
0 0.09033 0.52734 0.03027 0.07227
0 0.13477 0.85352 0.0957 0.07422
0 0.23975 0.98438 0.08105 0.03125
0 0.3125 0.96094 0.11914 0.07617
0 0.90674 0.9917 0.05957 0.0166
0 0.26953 0.53027 0.10547 0.06055
0 0.16016 0.15332 0.11328 0.15234
0 0.98486 0.13916 0.03027 0.05566
0 0.99023 0.24951 0.01953 0.0752
