0 0.20166 0.19092 0.1084 0.08301
0 0.33252 0.28955 0.09473 0.0752
0 0.40479 0.20898 0.08887 0.11133
0 0.39697 0.11035 0.06738 0.09766
0 0.45801 0.125 0.04688 0.10742
0 0.47217 0.17236 0.0791 0.05566
0 0.55566 0.08496 0.06055 0.13477
0 0.67676 0.10352 0.05664 0.07812
0 0.70898 0.04346 0.08203 0.08105
0 0.95508 0.07031 0.08398 0.14062
0 0.42529 0.02539 0.05957 0.05078
0 0.48877 0.02344 0.05762 0.04688
0 0.33105 0.06543 0.04883 0.08008
0 0.78564 0.23047 0.09668 0.06836
0 0.59326 0.21777 0.05371 0.10156
0 0.5542 0.29492 0.09277 0.06055
0 0.60205 0.34229 0.0791 0.09473
0 0.71973 0.38281 0.06836 0.10352
0 0.93555 0.40039 0.05273 0.08008
0 0.97803 0.44189 0.04395 0.04785
0 0.94043 0.52246 0.11719 0.05859
0 0.90723 0.55713 0.08008 0.05176
0 0.74121 0.57031 0.07617 0.07422
0 0.49951 0.58643 0.07129 0.05176
0 0.47314 0.70654 0.04785 0.07715
0 0.34863 0.65234 0.09766 0.05859
0 0.54395 0.71777 0.06445 0.08008
0 0.54492 0.62744 0.08203 0.08105
0 0.86719 0.68848 0.0918 0.05859
0 0.94141 0.65088 0.07227 0.05371
0 0.97949 0.72949 0.04102 0.10938
0 0.88867 0.77197 0.06836 0.05176
0 0.24951 0.71094 0.06934 0.11719
0 0.1123 0.70898 0.06445 0.08984
0 0.15918 0.49561 0.05859 0.12988
0 0.06055 0.57959 0.07031 0.05957
0 0.01758 0.4624 0.03516 0.16699
0 0.03467 0.38672 0.06934 0.08008
0 0.13574 0.85596 0.05469 0.06152
0 0.30615 0.89844 0.06348 0.06836
0 0.37988 0.82178 0.08008 0.07324
0 0.4458 0.81152 0.04785 0.05273
0 0.51416 0.83936 0.06348 0.07324
0 0.5874 0.83545 0.0791 0.05957
0 0.76953 0.87891 0.08008 0.06641
0 0.59131 0.89502 0.05176 0.05566
0 0.5166 0.93018 0.05859 0.0752
0 0.5625 0.95752 0.04688 0.05371
0 0.63818 0.93945 0.07324 0.05469
0 0.65332 0.87891 0.05469 0.06445
0 0.44531 0.89551 0.06445 0.0625
0 0.4082 0.94189 0.07422 0.06543
0 0.15723 0.97461 0.0625 0.05078
0 0.12061 0.44287 0.07715 0.07324
0 0.42188 0.47949 0.08203 0.03906
0 0.26074 0.47998 0.04688 0.12598
0 0.2793 0.49658 0.07812 0.09277
0 0.27148 0.39648 0.05664 0.13281
