0 0.07764 0.13623 0.15332 0.08105
0 0.16943 0.20801 0.15137 0.11914
0 0.1748 0.2627 0.15625 0.14453
0 0.34131 0.146 0.08887 0.12793
0 0.47754 0.13428 0.10547 0.12402
0 0.52441 0.26367 0.15234 0.21094
0 0.45654 0.37598 0.14941 0.27148
0 0.4248 0.50781 0.17969 0.08203
0 0.30908 0.5376 0.12598 0.09863
0 0.25537 0.43994 0.15332 0.09277
0 0.11279 0.3374 0.11035 0.12402
0 0.13721 0.48438 0.27441 0.09961
0 0.37207 0.30469 0.09961 0.19531
0 0.01807 0.02881 0.03613 0.05762
0 0.75342 0.09668 0.15332 0.14844
0 0.7251 0.21582 0.08301 0.2168
0 0.83447 0.23242 0.09082 0.19336
0 0.70166 0.48682 0.15332 0.10254
0 0.6416 0.56396 0.125 0.07129
0 0.81104 0.39844 0.08105 0.17969
0 0.13379 0.63672 0.11328 0.0625
0 0.16406 0.70752 0.05664 0.11035
0 0.24609 0.75049 0.125 0.11816
0 0.35498 0.78027 0.11816 0.09961
0 0.36621 0.86279 0.19922 0.13184
0 0.36279 0.95703 0.14941 0.08594
0 0.29736 0.93994 0.12988 0.11035
0 0.14697 0.90283 0.14551 0.0752
0 0.11914 0.96436 0.16016 0.06934
0 0.54541 0.86426 0.12598 0.13086
0 0.64014 0.94678 0.11621 0.10645
0 0.60547 0.82227 0.06445 0.10938
0 0.62695 0.75928 0.11523 0.05957
0 0.63525 0.72559 0.1416 0.07422
0 0.81934 0.79248 0.11719 0.1748
0 0.78516 0.90283 0.07812 0.09473
0 0.78613 0.95947 0.08008 0.08105
0 0.87012 0.71338 0.10742 0.08105
0 0.93359 0.35938 0.13281 0.09766
0 0.05664 0.1958 0.08008 0.0459
0 0.9502 0.44189 0.08789 0.1123
