0 0.95361 0.32324 0.09277 0.08203
0 0.88818 0.0459 0.08496 0.0918
0 0.80176 0.85205 0.08008 0.09473
0 0.54443 0.00098 0.08496 0.00195
0 0.82178 0.55225 0.0752 0.09473
0 0.4292 0.16455 0.08496 0.09473
0 0.9209 0.72119 0.07812 0.10254
0 0.61328 0.02344 0.08789 0.04492
0 0.07227 0.15869 0.08008 0.06738
0 0.11816 0.92725 0.12695 0.12012
0 0.62305 0.34961 0.08203 0.05469
0 0.68311 0.61816 0.1123 0.07812
0 0.55957 0.50488 0.08008 0.08008
0 0.54688 0.67188 0.08008 0.07031
0 0.76953 0.75049 0.0957 0.10254
0 0.07959 0.57324 0.06934 0.06836
0 0.64941 0.53564 0.08984 0.07715
0 0.72559 0.49951 0.07227 0.0752
0 0.0332 0.52344 0.0625 0.07227
0 0.91602 0.62305 0.0625 0.07227
0 0.59961 0.93213 0.10547 0.10059
