0 0.37402 0.5752 0.10742 0.10547
0 0.14111 0.73291 0.08887 0.09082
0 0.59521 0.15234 0.10645 0.18164
0 0.96045 0.88184 0.0791 0.09961
0 0.36084 0.84814 0.08887 0.08887
0 0.11523 0.65039 0.11133 0.07031
0 0.02539 0.03906 0.05078 0.07227
0 0.57764 0.93066 0.15332 0.08594
0 0.31104 0.03027 0.10645 0.06055
0 0.19434 0.73584 0.10352 0.06543
0 0.02441 0.40381 0.04883 0.08496
0 0.06055 0.48145 0.08594 0.07617
0 0.75293 0.70898 0.08984 0.08984
0 0.04004 0.76172 0.0625 0.08984
0 0.94092 0.75049 0.0752 0.1084
0 0.27881 0.52148 0.12207 0.12109
0 0.43018 0.08936 0.1377 0.06738
0 0.35693 0.48047 0.10645 0.05859
0 0.34082 0.10889 0.10938 0.08691
0 0.875 0.21289 0.25 0.09375
0 0.36523 0.65576 0.13867 0.08887
0 0.85596 0.02197 0.08301 0.04395
0 0.86914 0.92139 0.10938 0.05566
0 0.41309 0.92432 0.08789 0.08691
0 0.93408 0.51318 0.13184 0.08105
0 0.16455 0.95605 0.05957 0.08789
0 0.30566 0.93213 0.06836 0.13574
0 0.84424 0.96484 0.07324 0.07031
0 0.55127 0.98877 0.09668 0.02246
0 0.77148 0.63672 0.13086 0.06055
0 0.96826 0.56104 0.06348 0.06152
0 0.9668 0.76172 0.06445 0.10742
0 0.90283 0.61377 0.14551 0.05762
0 0.76758 0.03857 0.07422 0.06934
0 0.72607 0.10938 0.10449 0.05859
0 0.28613 0.11768 0.10352 0.06152
0 0.05762 0.92188 0.09375 0.07422
0 0.0752 0.97852 0.08398 0.04297
0 0.30322 0.7207 0.08105 0.08984
0 0.2583 0.63867 0.07129 0.08984
0 0.19043 0.55322 0.10352 0.1084
0 0.021 0.79883 0.04199 0.06445
0 0.90674 0.97852 0.07129 0.04297
