0 0.66113 0.93799 0.375 0.10059
0 0.89209 0.06152 0.13574 0.12305
0 0.5791 0.8418 0.35547 0.15039
0 0.37402 0.85352 0.20117 0.06641
0 0.10889 0.77637 0.21777 0.18555
0 0.05859 0.22559 0.11719 0.18945
0 0.1875 0.72266 0.19141 0.07617
0 0.71436 0.40234 0.14551 0.19531
0 0.08252 0.63477 0.16504 0.12695
0 0.11865 0.3667 0.2373 0.14746
0 0.94971 0.19922 0.09473 0.07617
0 0.39307 0.95215 0.27832 0.0957
0 0.4082 0.03027 0.28516 0.06055
0 0.77295 0.0332 0.19434 0.06055
0 0.22656 0.14502 0.2207 0.0498
0 0.11182 0.05566 0.22363 0.11133
0 0.84521 0.24121 0.22363 0.1543
0 0.84766 0.43066 0.13672 0.08008
0 0.37109 0.09521 0.14258 0.1377
0 0.78369 0.44824 0.12988 0.10156
