0 0.34717 0.37354 0.09473 0.08887
0 0.45361 0.23828 0.14551 0.11133
0 0.28906 0.27344 0.08594 0.10156
0 0.13867 0.17969 0.06445 0.13477
0 0.19971 0.16553 0.06934 0.10254
0 0.24414 0.13135 0.06641 0.09668
0 0.67578 0.13184 0.0625 0.10938
0 0.04053 0.30322 0.08105 0.09863
0 0.05273 0.40088 0.0625 0.08301
0 0.16895 0.35889 0.07422 0.06738
0 0.18018 0.42334 0.09473 0.07129
0 0.13916 0.50244 0.06543 0.05957
0 0.07812 0.57764 0.10156 0.1084
0 0.16504 0.58252 0.08203 0.12207
0 0.2876 0.55225 0.14941 0.15137
0 0.48828 0.43604 0.06836 0.06348
0 0.5293 0.56836 0.12695 0.05664
0 0.51709 0.63281 0.08887 0.0625
0 0.47852 0.72949 0.13086 0.0918
0 0.65918 0.64307 0.08008 0.07324
0 0.11328 0.82178 0.07422 0.06543
0 0.22461 0.52734 0.05273 0.07031
0 0.63818 0.42383 0.07324 0.14258
0 0.58887 0.51367 0.06641 0.07617
0 0.73682 0.4917 0.06348 0.07715
0 0.83301 0.47998 0.10547 0.06348
0 0.59668 0.29102 0.09766 0.10547
0 0.68604 0.37891 0.06738 0.08594
0 0.86377 0.38135 0.07129 0.10645
0 0.83496 0.22217 0.05859 0.1123
0 0.90723 0.22998 0.08789 0.08691
0 0.84863 0.30273 0.0625 0.06445
0 0.82373 0.0376 0.06543 0.07324
0 0.96582 0.41162 0.06836 0.11035
0 0.94775 0.49561 0.07324 0.06348
0 0.75684 0.73877 0.10352 0.07129
0 0.86816 0.76562 0.10742 0.0625
0 0.95166 0.75391 0.06152 0.10352
0 0.98291 0.72754 0.03418 0.07422
0 0.96143 0.82227 0.07715 0.09375
0 0.85791 0.98438 0.12012 0.03125
0 0.6958 0.87891 0.06934 0.14258
0 0.67188 0.96436 0.08203 0.07129
0 0.49854 0.8501 0.07324 0.06934
0 0.49512 0.94092 0.0625 0.11816
0 0.59277 0.94287 0.06445 0.06348
0 0.23682 0.97314 0.08691 0.05371
0 0.02686 0.05469 0.05371 0.10938
0 0.0498 0.96875 0.07227 0.0625
0 0.01855 0.16309 0.03711 0.06445
0 0.0918 0.5332 0.04883 0.05273
0 0.02441 0.54688 0.04883 0.05469
0 0.04297 0.62646 0.05469 0.05566
0 0.47852 0.67773 0.07617 0.05273
0 0.54688 0.94629 0.05664 0.06641
0 0.46436 0.91797 0.04199 0.13086
0 0.7793 0.98193 0.06445 0.03613
0 0.98096 0.38672 0.03613 0.08789
0 0.22168 0.60938 0.07031 0.07227
0 0.1665 0.31738 0.04785 0.04688
