0 0.104 0.87158 0.09277 0.06152
0 0.04102 0.95459 0.08203 0.09082
0 0.15137 0.69678 0.0625 0.0791
0 0.20557 0.62988 0.06543 0.12695
0 0.26221 0.6377 0.07324 0.09961
0 0.04395 0.48926 0.08789 0.10352
0 0.02588 0.39209 0.05176 0.10059
0 0.0249 0.25439 0.0498 0.08105
0 0.14453 0.3999 0.08008 0.06934
0 0.23779 0.3877 0.06934 0.05859
0 0.26221 0.46631 0.07715 0.08496
0 0.41211 0.18457 0.0918 0.17969
0 0.32275 0.25391 0.06152 0.08203
0 0.4834 0.30908 0.13867 0.09082
0 0.43359 0.40479 0.11914 0.10449
0 0.53271 0.44531 0.08887 0.08008
0 0.53564 0.35303 0.05566 0.07715
0 0.63574 0.40869 0.06055 0.07129
0 0.45459 0.55322 0.10059 0.10254
0 0.64941 0.50879 0.10742 0.08398
0 0.73682 0.44434 0.08691 0.07031
0 0.72314 0.30176 0.07715 0.07031
0 0.73291 0.23242 0.1377 0.1582
0 0.79248 0.24707 0.05176 0.08984
0 0.95996 0.24902 0.06641 0.11523
0 0.8125 0.37256 0.0918 0.08496
0 0.80225 0.45947 0.07324 0.09473
0 0.87646 0.45898 0.0791 0.10742
0 0.9375 0.41357 0.10352 0.09277
0 0.93115 0.49365 0.12988 0.07715
0 0.86475 0.54785 0.08887 0.05469
0 0.84668 0.64404 0.0918 0.05371
0 0.91162 0.61621 0.05566 0.05859
0 0.85498 0.59521 0.05957 0.04785
0 0.8623 0.71924 0.08008 0.06348
0 0.96924 0.58789 0.06152 0.0625
0 0.37695 0.82275 0.06836 0.09082
0 0.23584 0.76807 0.04785 0.08105
0 0.44141 0.77246 0.04688 0.0625
0 0.44531 0.84277 0.07812 0.06836
0 0.64258 0.82764 0.06641 0.07129
0 0.69971 0.84082 0.05371 0.05859
0 0.65381 0.88867 0.07324 0.0625
0 0.71777 0.89502 0.07422 0.05566
0 0.62305 0.96436 0.09375 0.07129
0 0.83301 0.92041 0.0625 0.07129
0 0.29297 0.9541 0.08203 0.0918
0 0.729 0.61475 0.07129 0.0752
0 0.58105 0.37256 0.07422 0.07715
0 0.29102 0.95801 0.18359 0.08398
