0 0.04053 0.16064 0.08105 0.08496
0 0.05811 0.2373 0.06738 0.0918
0 0.06494 0.3457 0.05957 0.05469
0 0.05273 0.30371 0.0957 0.07422
0 0.06201 0.5293 0.10449 0.11133
0 0.03174 0.73975 0.06348 0.09668
0 0.08154 0.7168 0.06934 0.13281
0 0.13818 0.75195 0.06152 0.11523
0 0.27148 0.70996 0.11133 0.12305
0 0.13184 0.58008 0.13672 0.07617
0 0.20605 0.43018 0.11133 0.06738
0 0.20654 0.19775 0.05957 0.07715
0 0.23096 0.13525 0.07324 0.06543
0 0.22119 0.02979 0.07129 0.05957
0 0.41357 0.02002 0.08301 0.04004
0 0.55127 0.11328 0.12402 0.0918
0 0.70117 0.10156 0.10742 0.10938
0 0.84229 0.06055 0.09668 0.10352
0 0.8042 0.2334 0.05176 0.13477
0 0.88135 0.24951 0.08301 0.0791
0 0.4624 0.22266 0.09863 0.05273
0 0.53564 0.2959 0.06934 0.08789
0 0.83252 0.38428 0.08301 0.07715
0 0.79102 0.45312 0.06445 0.08594
0 0.95703 0.43164 0.08594 0.11914
0 0.3291 0.23779 0.05664 0.12207
0 0.38721 0.41309 0.08496 0.11914
0 0.34961 0.5083 0.07227 0.0752
0 0.37598 0.81885 0.06641 0.14355
0 0.1123 0.94629 0.06641 0.07031
0 0.09717 0.92139 0.06152 0.10254
0 0.92432 0.93604 0.11426 0.12793
0 0.77832 0.8418 0.12109 0.11719
0 0.91162 0.78711 0.06152 0.08594
0 0.69434 0.7041 0.09375 0.11133
0 0.64746 0.68896 0.0957 0.06543
0 0.62305 0.80127 0.10547 0.10059
0 0.53027 0.88867 0.05664 0.05469
0 0.46729 0.78223 0.09473 0.07617
0 0.95752 0.6582 0.08496 0.08203
0 0.89258 0.60059 0.07812 0.08789
0 0.50781 0.4624 0.08594 0.07324
0 0.88281 0.84863 0.05078 0.05273
