0 0.8999 0.64014 0.14355 0.15137
0 0.6167 0.36328 0.25488 0.1582
0 0.2666 0.48486 0.16992 0.2002
0 0.30713 0.70801 0.20996 0.13281
0 0.41113 0.8833 0.14648 0.14746
0 0.8374 0.22607 0.12012 0.10645
0 0.82715 0.4707 0.1543 0.17188
0 0.80811 0.0752 0.20996 0.13477
0 0.12598 0.06445 0.15234 0.125
0 0.28955 0.16553 0.14551 0.18262
0 0.45215 0.53027 0.125 0.11719
0 0.45703 0.97363 0.07422 0.05273
0 0.53467 0.57568 0.09473 0.07715
0 0.25195 0.08203 0.09961 0.14453
0 0.9458 0.28809 0.1084 0.08398
0 0.44775 0.70703 0.08301 0.08984
0 0.03857 0.23975 0.07715 0.08105
