0 0.52832 0.60938 0.13281 0.08984
0 0.31396 0.89795 0.09277 0.0791
0 0.46191 0.13574 0.10547 0.09766
0 0.45068 0.30957 0.11816 0.08984
0 0.66992 0.72363 0.125 0.07812
0 0.54346 0.86719 0.12207 0.10547
0 0.92773 0.8623 0.14453 0.07812
0 0.53809 0.76904 0.15625 0.08887
0 0.2207 0.52344 0.0918 0.08789
0 0.39062 0.78809 0.09375 0.09375
0 0.44482 0.91162 0.0791 0.07324
0 0.21484 0.15186 0.08008 0.0752
0 0.89014 0.64307 0.09473 0.07715
0 0.18701 0.30811 0.11035 0.08301
0 0.44189 0.61963 0.14941 0.08496
0 0.3335 0.59863 0.08301 0.14258
0 0.24707 0.58203 0.11914 0.07031
0 0.03809 0.07617 0.0625 0.10742
0 0.2085 0.02686 0.09277 0.0498
0 0.70996 0.32031 0.13281 0.04492
0 0.97412 0.74463 0.05176 0.06738
