0 0.0918 0.19287 0.09961 0.08105
0 0.11768 0.27393 0.08301 0.05957
0 0.18896 0.27295 0.05957 0.07324
0 0.3252 0.16211 0.06641 0.0625
0 0.36914 0.22119 0.07031 0.07715
0 0.63623 0.20508 0.08301 0.04883
0 0.85645 0.06445 0.10938 0.07227
0 0.89502 0.04346 0.10449 0.0498
0 0.24072 0.04248 0.05957 0.08496
0 0.08984 0.0293 0.05859 0.05859
0 0.14697 0.09277 0.05371 0.05469
0 0.00928 0.43604 0.01855 0.09668
0 0.05127 0.76953 0.05957 0.08008
0 0.22559 0.61035 0.08203 0.05469
0 0.17822 0.53711 0.07324 0.05859
0 0.12012 0.53223 0.05273 0.06445
0 0.4292 0.50293 0.08301 0.06641
0 0.38818 0.66943 0.0791 0.06738
0 0.51025 0.67529 0.05176 0.05762
0 0.55322 0.71484 0.09473 0.07227
0 0.49658 0.78467 0.09863 0.08691
0 0.58984 0.83594 0.10547 0.08789
0 0.50928 0.92188 0.07715 0.08789
0 0.2627 0.90576 0.07227 0.06543
0 0.15332 0.81934 0.06445 0.07617
0 0.09766 0.79492 0.05664 0.08984
0 0.18359 0.97754 0.06836 0.04492
0 0.0293 0.68213 0.03516 0.04785
0 0.78955 0.87354 0.09668 0.08301
0 0.73926 0.74756 0.08008 0.06348
0 0.78613 0.65186 0.07031 0.08496
0 0.80322 0.55957 0.09082 0.05469
0 0.87842 0.49658 0.08887 0.05762
0 0.81592 0.42676 0.06543 0.05859
0 0.77148 0.46875 0.05273 0.05469
0 0.87256 0.60596 0.08105 0.08105
0 0.97266 0.53662 0.05469 0.05176
0 0.9292 0.95361 0.09473 0.06738
0 0.85645 0.93555 0.06055 0.07617
0 0.52051 0.55029 0.05859 0.06738
0 0.61621 0.51611 0.07812 0.06152
0 0.52637 0.41064 0.09766 0.07715
0 0.43164 0.37061 0.07617 0.09473
0 0.61914 0.33008 0.07227 0.06836
0 0.92773 0.34131 0.12695 0.06934
0 0.8584 0.3584 0.07227 0.07031
0 0.95605 0.21045 0.08789 0.05957
0 0.45361 0.12549 0.07129 0.06152
0 0.32764 0.24902 0.05762 0.04883
0 0.14893 0.02002 0.06934 0.04004
0 0.74414 0.80713 0.07617 0.06152
