0 0.54102 0.25635 0.07422 0.08887
0 0.26367 0.0957 0.05859 0.08398
0 0.43262 0.5957 0.08008 0.06445
0 0.53076 0.88672 0.08105 0.08398
0 0.37842 0.33789 0.06934 0.06641
0 0.72949 0.96729 0.05469 0.06543
0 0.04053 0.6626 0.08105 0.07324
0 0.72852 0.29736 0.07617 0.10059
0 0.48584 0.23486 0.05762 0.07324
0 0.86963 0.30029 0.04395 0.0791
0 0.42383 0.06543 0.13086 0.08594
0 0.84033 0.34863 0.03809 0.10156
0 0.63428 0.22217 0.03418 0.11426
0 0.97754 0.18506 0.04492 0.0752
0 0.00732 0.38867 0.01465 0.04297
0 0.40576 0.7373 0.08301 0.04492
0 0.72754 0.7002 0.04883 0.08203
0 0.55762 0.36963 0.10352 0.04785
0 0.34473 0.36035 0.06445 0.07617
0 0.50879 0.04443 0.04102 0.08691
0 0.36963 0.26562 0.03027 0.13477
0 0.70898 0.33789 0.08203 0.05078
0 0.23047 0.60889 0.04688 0.10449
0 0.57422 0.72754 0.05859 0.05273
0 0.18994 0.66406 0.05566 0.04688
0 0.48682 0.98291 0.0752 0.03418
0 0.04053 0.30811 0.07129 0.05762
0 0.44336 0.68652 0.04297 0.0625
0 0.05566 0.14844 0.05859 0.05078
0 0.9707 0.02979 0.05859 0.04004
0 0.57373 0.81006 0.06934 0.0459
0 0.38086 0.9668 0.05078 0.05469
0 0.40137 0.69043 0.05469 0.05469
0 0.67188 0.68994 0.0625 0.04395
0 0.5957 0.59961 0.05469 0.05664
0 0.6499 0.3501 0.06543 0.04785
0 0.56152 0.66357 0.06445 0.08301
0 0.42383 0.40771 0.05859 0.06152
0 0.28369 0.93262 0.06738 0.03125
0 0.97852 0.96387 0.04297 0.04688
0 0.45947 0.78955 0.06738 0.04199
0 0.00635 0.10645 0.0127 0.05859
0 0.53271 0.94971 0.04199 0.08105
0 0.74414 0.65625 0.05469 0.0625
0 0.38428 0.93799 0.06543 0.03223
0 0.80859 0.36523 0.04297 0.06836
0 0.93555 0.11084 0.05078 0.0791
0 0.54199 0.75098 0.08203 0.04883
0 0.6543 0.08643 0.04492 0.04004
0 0.59131 0.9165 0.05371 0.05176
0 0.24268 0.27441 0.05176 0.04492
0 0.01514 0.72754 0.03027 0.02734
0 0.1167 0.6792 0.08496 0.03809
0 0.48389 0.8999 0.05762 0.06348
0 0.93115 0.97998 0.04785 0.03613
0 0.18213 0.76025 0.0791 0.07324
0 0.34863 0.71484 0.03516 0.05469
0 0.2002 0.354 0.04492 0.06348
0 0.68164 0.06934 0.04688 0.04688
0 0.74463 0.90723 0.05371 0.04297
0 0.37158 0.8877 0.03809 0.04492
0 0.81348 0.27197 0.03125 0.09863
0 0.9126 0.15186 0.07715 0.03223
0 0.7959 0.1084 0.05078 0.04688
0 0.39062 0.76318 0.04688 0.04785
0 0.3209 0.38105 0.04199 0.04492
0 0.83545 0.02686 0.04004 0.0459
0 0.89209 0.0415 0.06738 0.06543
0 0.92676 0.77734 0.06641 0.03516
0 0.05713 0.97021 0.1084 0.04004
0 0.23926 0.97559 0.07227 0.03711
