0 0.02686 0.18604 0.05371 0.11035
0 0.08301 0.12646 0.08203 0.12402
0 0.17139 0.07568 0.08105 0.15137
0 0.04639 0.02783 0.06934 0.05566
0 0.43213 0.0459 0.0498 0.08398
0 0.32422 0.10938 0.04297 0.11914
0 0.26709 0.08496 0.06348 0.10547
0 0.23535 0.24121 0.06055 0.0918
0 0.36621 0.2749 0.06055 0.09277
0 0.39844 0.20703 0.05078 0.08008
0 0.57031 0.14209 0.07031 0.05762
0 0.6001 0.04736 0.05371 0.09473
0 0.61328 0.12158 0.05664 0.0752
0 0.65967 0.02148 0.0498 0.04297
0 0.75146 0.05518 0.05176 0.06738
0 0.7085 0.09473 0.05566 0.08008
0 0.69385 0.18555 0.05176 0.06055
0 0.83594 0.14014 0.04492 0.08887
0 0.76367 0.20557 0.04883 0.06348
0 0.84814 0.21826 0.08301 0.0752
0 0.92041 0.16162 0.05371 0.08301
0 0.8457 0.03271 0.08594 0.06543
0 0.9668 0.02783 0.06641 0.05566
0 0.979 0.11523 0.04199 0.11719
0 0.04004 0.39551 0.06641 0.08398
0 0.02539 0.5166 0.05078 0.08398
0 0.08301 0.56494 0.10156 0.09473
0 0.20752 0.57861 0.1084 0.13574
0 0.18506 0.604 0.05176 0.0459
0 0.38477 0.60693 0.0625 0.08496
0 0.375 0.51074 0.08203 0.10742
0 0.30811 0.38428 0.08301 0.06152
0 0.38574 0.41895 0.07422 0.08203
0 0.54492 0.43213 0.08984 0.13574
0 0.4873 0.52002 0.07031 0.06152
0 0.53711 0.60205 0.05078 0.06543
0 0.60889 0.60742 0.08887 0.05664
0 0.71191 0.43945 0.08398 0.12891
0 0.64355 0.4248 0.11328 0.11914
0 0.69336 0.32959 0.07422 0.0752
0 0.75781 0.32666 0.04297 0.05371
0 0.80078 0.35254 0.06055 0.06836
0 0.81934 0.40723 0.04688 0.05859
0 0.82861 0.45801 0.08105 0.06055
0 0.79541 0.60205 0.10254 0.06738
0 0.61084 0.67139 0.06152 0.0498
0 0.53662 0.74365 0.0498 0.0498
0 0.68457 0.74609 0.05859 0.0918
0 0.75439 0.68115 0.07324 0.05176
0 0.95166 0.59619 0.08887 0.12598
0 0.9585 0.51758 0.08105 0.06055
0 0.88428 0.39551 0.0752 0.07812
0 0.95166 0.36572 0.07129 0.13379
0 0.83252 0.29541 0.05762 0.08887
0 0.89404 0.2959 0.06543 0.07617
0 0.03906 0.71289 0.07422 0.08984
0 0.16846 0.7002 0.05176 0.05664
0 0.29102 0.67871 0.06641 0.08594
0 0.34619 0.69873 0.05957 0.07715
0 0.10254 0.84863 0.05859 0.07031
0 0.17334 0.91113 0.05566 0.05859
0 0.4082 0.9375 0.09375 0.06055
0 0.44678 0.88623 0.05762 0.05957
0 0.54883 0.92578 0.0918 0.07227
0 0.73242 0.9624 0.07422 0.0752
0 0.43457 0.8335 0.05664 0.04785
0 0.85645 0.82666 0.08008 0.05371
0 0.93262 0.74072 0.0625 0.06543
0 0.95654 0.78418 0.08691 0.06055
0 0.55371 0.78662 0.06055 0.0459
0 0.6416 0.10889 0.04102 0.06348
0 0.78809 0.23486 0.03906 0.05762
0 0.0249 0.33057 0.0498 0.0459
0 0.08203 0.44385 0.04492 0.09082
0 0.86377 0.76904 0.05371 0.03809
0 0.86035 0.69531 0.06055 0.0332
0 0.96289 0.25195 0.04297 0.05078
0 0.75293 0.15869 0.05469 0.06738
0 0.77051 0.43506 0.03516 0.05566
0 0.27783 0.24121 0.0498 0.05859
0 0.30908 0.63574 0.03223 0.03516
0 0.73145 0.03271 0.04297 0.0498
