0 0.8999 0.75049 0.04785 0.08691
0 0.33057 0.12842 0.05176 0.08887
0 0.83643 0.21289 0.05176 0.10742
0 0.71973 0.74658 0.04297 0.06934
0 0.12744 0.12256 0.06348 0.06543
0 0.55518 0.27344 0.05762 0.05664
0 0.40137 0.76611 0.0625 0.06348
0 0.06494 0.93701 0.02637 0.12207
0 0.6748 0.25098 0.04883 0.07031
0 0.26416 0.02539 0.07129 0.05078
0 0.14795 0.86328 0.05957 0.05078
0 0.12305 0.58105 0.07422 0.05469
0 0.73486 0.42432 0.0752 0.0791
0 0.00732 0.47168 0.01465 0.04297
0 0.3916 0.01416 0.05859 0.02637
0 0.11621 0.16895 0.03906 0.08008
0 0.65576 0.12695 0.02637 0.07617
0 0.28564 0.88672 0.06738 0.04688
0 0.74512 0.37744 0.05469 0.05762
0 0.32422 0.67773 0.04883 0.04883
0 0.4126 0.58301 0.0498 0.04102
0 0.78955 0.13965 0.0459 0.06445
0 0.31006 0.5249 0.05371 0.06152
0 0.39941 0.93018 0.04297 0.05957
0 0.34912 0.53564 0.05371 0.06152
0 0.22119 0.93457 0.07324 0.02148
0 0.87207 0.46631 0.04688 0.07129
0 0.92334 0.47705 0.04785 0.05371
0 0.979 0.73291 0.03613 0.06152
0 0.47266 0.89307 0.06641 0.04199
0 0.48975 0.79932 0.04004 0.05566
0 0.8457 0.56396 0.04688 0.05957
0 0.56543 0.55469 0.04688 0.06055
0 0.01465 0.9248 0.0293 0.0293
0 0.29004 0.60254 0.0293 0.0625
0 0.12988 0.98193 0.05859 0.01855
0 0.36328 0.85205 0.03711 0.04199
0 0.33008 0.11035 0.05859 0.06445
0 0.33008 0.26318 0.05859 0.04395
0 0.50342 0.43555 0.0459 0.05273
0 0.24365 0.42969 0.06348 0.04688
0 0.77686 0.93359 0.03027 0.05273
0 0.68555 0.63965 0.03906 0.02344
0 0.55713 0.61182 0.0791 0.0498
0 0.69629 0.14697 0.04688 0.06543
0 0.72998 0.35791 0.03809 0.08496
0 0.48389 0.71094 0.05957 0.03711
0 0.53271 0.7583 0.05371 0.04785
0 0.84668 0.67041 0.04102 0.04395
0 0.71533 0.44922 0.04004 0.04688
0 0.57129 0.91211 0.04688 0.05078
0 0.70068 0.90088 0.0459 0.04395
0 0.31055 0.93506 0.05273 0.02832
0 0.09619 0.86426 0.0498 0.03125
0 0.81348 0.63525 0.0332 0.04785
