0 0.25 0.04834 0.05078 0.09668
0 0.88916 0.33008 0.06152 0.09375
0 0.17676 0.96484 0.06641 0.06445
0 0.61182 0.09717 0.04395 0.10645
0 0.61084 0.7417 0.04395 0.09473
0 0.56152 0.92578 0.05469 0.0918
0 0.0918 0.24951 0.07227 0.11035
0 0.36328 0.24756 0.05469 0.09863
0 0.20898 0.32812 0.04492 0.10547
0 0.42285 0.33057 0.0625 0.11035
0 0.78857 0.56543 0.03223 0.10547
0 0.30127 0.87891 0.09473 0.11133
0 0.52881 0.93555 0.0791 0.0957
0 0.43213 0.23975 0.0791 0.1123
0 0.49219 0.10449 0.07031 0.07617
0 0.84668 0.85889 0.07227 0.1416
0 0.1416 0.34668 0.04883 0.08398
0 0.2998 0.5835 0.02539 0.10059
0 0.09619 0.64062 0.08105 0.07422
0 0.13086 0.53613 0.11133 0.10352
0 0.05225 0.90234 0.05762 0.13281
0 0.97363 0.40625 0.0332 0.08008
0 0.88135 0.42285 0.07129 0.05664
0 0.64502 0.25684 0.07715 0.11719
0 0.77539 0.89111 0.05859 0.10254
0 0.89014 0.7666 0.03223 0.13477
0 0.66357 0.06348 0.02441 0.07422
0 0.12305 0.11768 0.04883 0.15332
0 0.39307 0.04297 0.04785 0.06836
0 0.86475 0.02002 0.07715 0.03809
0 0.69141 0.9043 0.05859 0.08203
0 0.28906 0.2041 0.08398 0.1582
0 0.97266 0.70703 0.05469 0.07031
0 0.59082 0.15918 0.06836 0.05078
0 0.02295 0.72754 0.0459 0.10156
0 0.45166 0.01904 0.08496 0.03613
0 0.90674 0.07812 0.04395 0.07812
0 0.67432 0.94531 0.06934 0.10938
0 0.25049 0.28027 0.10645 0.10742
0 0.75293 0.21045 0.05664 0.05566
0 0.1543 0.27295 0.05273 0.09277
0 0.56982 0.26465 0.07715 0.1543
0 0.62988 0.83984 0.05469 0.05469
0 0.91895 0.15576 0.05664 0.03613
0 0.23926 0.72607 0.06445 0.0459
0 0.92383 0.6748 0.05859 0.07812
0 0.94727 0.27881 0.0293 0.12207
0 0.02588 0.5332 0.05176 0.08398
0 0.42627 0.99121 0.06934 0.01758
0 0.65039 0.30713 0.05859 0.04395
0 0.5498 0.9873 0.05078 0.02539
0 0.76709 0.76172 0.05762 0.10547
0 0.00977 0.46191 0.01953 0.03711
0 0.01221 0.8584 0.02441 0.02148
0 0.81543 0.77246 0.08203 0.04688
0 0.73877 0.82471 0.09082 0.07715
0 0.09033 0.08984 0.18066 0.15234
0 0.79736 0.98779 0.07715 0.02441
0 0.72363 0.99072 0.0625 0.01855
0 0.74902 0.021 0.04688 0.03809
