0 0.53955 0.77441 0.16699 0.07422
0 0.09863 0.37158 0.13672 0.15527
0 0.50635 0.98828 0.12598 0.02344
0 0.30127 0.4209 0.13965 0.07422
0 0.58447 0.45654 0.14941 0.09082
0 0.50439 0.40186 0.18652 0.0791
0 0.64111 0.19775 0.12012 0.11035
0 0.83301 0.47852 0.08984 0.08008
0 0.6709 0.15088 0.10156 0.16504
0 0.05713 0.83887 0.11426 0.05469
0 0.22754 0.49561 0.0957 0.1748
0 0.36719 0.69629 0.17773 0.0918
0 0.63037 0.03027 0.12988 0.06055
0 0.77051 0.34082 0.10742 0.11719
0 0.47705 0.61475 0.12598 0.09277
0 0.05225 0.80859 0.10449 0.0625
0 0.33252 0.98389 0.10645 0.03223
0 0.35254 0.51514 0.2207 0.12598
0 0.46143 0.03711 0.20605 0.07422
0 0.19531 0.83105 0.15234 0.0625
0 0.61084 0.93506 0.14941 0.08105
0 0.53125 0.7959 0.17969 0.07617
0 0.86084 0.69678 0.05176 0.05176
0 0.60742 0.26221 0.0957 0.08301
0 0.35693 0.6626 0.17285 0.08887
0 0.14404 0.67822 0.19043 0.08887
0 0.1665 0.61816 0.17676 0.07422
0 0.20264 0.70117 0.10449 0.17969
0 0.72363 0.4834 0.10156 0.06641
0 0.65332 0.42773 0.0957 0.10938
0 0.67285 0.44141 0.07422 0.09766
