0 0.03223 0.61426 0.06055 0.08789
0 0.38086 0.15918 0.06445 0.08398
0 0.61865 0.56689 0.05957 0.08105
0 0.45508 0.17871 0.07031 0.08398
0 0.01172 0.91748 0.02344 0.0498
0 0.51953 0.5708 0.08203 0.08691
0 0.24609 0.96045 0.05078 0.0791
0 0.50342 0.36719 0.06738 0.06641
0 0.42139 0.03857 0.06543 0.07324
0 0.16602 0.26465 0.08594 0.07422
0 0.97266 0.04785 0.05078 0.0918
0 0.00781 0.07031 0.01562 0.06641
0 0.71436 0.32471 0.04004 0.08301
0 0.9624 0.3584 0.04785 0.07422
0 0.19678 0.68213 0.05566 0.06934
0 0.24072 0.15039 0.06348 0.05859
0 0.79736 0.41406 0.06738 0.05273
0 0.33594 0.78613 0.12109 0.04883
0 0.58936 0.20215 0.05176 0.10742
0 0.46338 0.25049 0.09082 0.1416
0 0.16162 0.43164 0.06543 0.05078
0 0.96924 0.58887 0.06152 0.05859
0 0.50879 0.02881 0.06641 0.05566
0 0.95947 0.43555 0.0459 0.06055
0 0.84473 0.10303 0.0957 0.06934
0 0.43164 0.77002 0.06445 0.05371
0 0.12354 0.62012 0.08301 0.04688
0 0.25732 0.38232 0.06543 0.04785
0 0.93457 0.25586 0.07812 0.08398
0 0.60449 0.2002 0.04102 0.10352
0 0.60205 0.73828 0.04785 0.06641
0 0.76904 0.02539 0.0459 0.04883
0 0.80518 0.68066 0.05762 0.05078
0 0.34424 0.63477 0.07129 0.04883
0 0.16553 0.47607 0.06738 0.04199
0 0.34326 0.6748 0.06152 0.07812
0 0.24854 0.0332 0.03613 0.06641
0 0.1416 0.56104 0.06836 0.08301
0 0.64697 0.98682 0.06738 0.02246
0 0.65869 0.2085 0.07129 0.10645
0 0.19189 0.52881 0.07324 0.03223
0 0.07129 0.31982 0.0957 0.0459
0 0.26025 0.03516 0.03027 0.07031
0 0.96182 0.73687 0.06465 0.04775
0 0.12988 0.13672 0.05078 0.02734
0 0.08838 0.979 0.11035 0.03809
0 0.03662 0.69141 0.05371 0.03516
0 0.52979 0.53467 0.05176 0.0498
0 0.71973 0.74561 0.03711 0.07129
0 0.79639 0.32373 0.06934 0.02637
0 0.54053 0.86768 0.02637 0.06934
0 0.97754 0.70557 0.04102 0.03809
0 0.52588 0.44434 0.03613 0.06836
0 0.27734 0.51758 0.04883 0.02734
0 0.31836 0.37061 0.05859 0.0498
0 0.90234 0.01562 0.05078 0.0293
0 0.53564 0.68262 0.06348 0.03906
0 0.49219 0.71729 0.15234 0.05176
0 0.35107 0.84766 0.09082 0.04102
0 0.32373 0.93555 0.06543 0.03125
0 0.91748 0.46143 0.0498 0.04395
0 0.62012 0.02295 0.04883 0.0459
0 0.17139 0.84619 0.08496 0.03027
0 0.05762 0.17969 0.04102 0.0293
0 0.78564 0.16504 0.0752 0.03711
0 0.92822 0.86279 0.05762 0.03809
0 0.8877 0.52148 0.04297 0.03516
0 0.3833 0.68945 0.06348 0.04688
0 0.6416 0.43066 0.04102 0.03906
0 0.20166 0.88184 0.10449 0.04688
0 0.9248 0.01465 0.03711 0.0293
0 0.34326 0.53223 0.12012 0.03906
0 0.01904 0.74854 0.03809 0.03613
0 0.82373 0.93701 0.08496 0.0498
0 0.76904 0.9458 0.10059 0.06543
0 0.75 0.59912 0.08008 0.10449
0 0.44238 0.56982 0.05859 0.06738
