0 0.01709 0.72168 0.03418 0.14453
0 0.0791 0.83252 0.05469 0.05957
0 0.1582 0.87451 0.08789 0.06543
0 0.15723 0.72705 0.06836 0.0752
0 0.229 0.95703 0.05957 0.07227
0 0.11084 0.6416 0.08691 0.06836
0 0.00928 0.47754 0.01855 0.04297
0 0.03418 0.49316 0.05469 0.06836
0 0.0957 0.40039 0.08008 0.10938
0 0.00928 0.40869 0.01855 0.05762
0 0.18066 0.45557 0.06836 0.10449
0 0.24951 0.42236 0.07715 0.05176
0 0.0459 0.021 0.08008 0.04199
0 0.0166 0.10205 0.0332 0.04004
0 0.20068 0.07715 0.08301 0.07031
0 0.34912 0.03418 0.08496 0.06836
0 0.37744 0.08252 0.08301 0.09082
0 0.48486 0.14307 0.10059 0.12402
0 0.56689 0.12598 0.05957 0.08594
0 0.71875 0.10449 0.17188 0.0625
0 0.81738 0.06592 0.06055 0.09473
0 0.75879 0.06104 0.06641 0.06738
0 0.31592 0.31836 0.08105 0.08203
0 0.38477 0.4624 0.12891 0.08496
0 0.48096 0.38623 0.08301 0.12988
0 0.55859 0.39551 0.08203 0.06055
0 0.65186 0.29346 0.06934 0.06738
0 0.72852 0.55273 0.04883 0.10742
0 0.53174 0.58789 0.09473 0.07227
0 0.32422 0.58984 0.06055 0.08594
0 0.38135 0.60205 0.07129 0.06934
0 0.39941 0.68115 0.07422 0.10059
0 0.35645 0.72559 0.08398 0.10547
0 0.28906 0.78662 0.0918 0.09277
0 0.46826 0.67822 0.0791 0.08691
0 0.54443 0.7124 0.07715 0.08691
0 0.39893 0.85547 0.07129 0.0918
0 0.32227 0.89697 0.06445 0.06348
0 0.37988 0.93262 0.06836 0.06445
0 0.31982 0.96094 0.06348 0.06836
0 0.58301 0.95166 0.17773 0.07715
0 0.69775 0.88574 0.08887 0.06836
0 0.81836 0.85303 0.07422 0.09863
0 0.93848 0.8418 0.08594 0.1582
0 0.87061 0.71582 0.07324 0.08594
0 0.96289 0.59277 0.07422 0.05469
0 0.97314 0.55859 0.05371 0.06836
0 0.97119 0.50391 0.05762 0.07617
0 0.94922 0.44971 0.06055 0.06934
0 0.93701 0.35205 0.09473 0.06152
0 0.68945 0.49805 0.13086 0.05664
0 0.05615 0.04736 0.1123 0.06543
0 0.6792 0.02197 0.04199 0.04395
0 0.40039 0.42969 0.05469 0.04492
0 0.55762 0.57275 0.07617 0.06152
0 0.38037 0.57715 0.07129 0.06445
0 0.68848 0.39746 0.05078 0.07227
0 0.67285 0.43701 0.04688 0.04004
0 0.0083 0.60645 0.0166 0.03516
0 0.73486 0.53418 0.09277 0.11523
0 0.52783 0.97412 0.0459 0.04395
