0 0.85986 0.05078 0.07715 0.09961
0 0.74756 0.4458 0.05566 0.09473
0 0.96191 0.42725 0.07617 0.07324
0 0.93408 0.64209 0.13184 0.06152
0 0.33008 0.73438 0.12891 0.08594
0 0.52881 0.39209 0.1084 0.06543
0 0.81348 0.24316 0.11328 0.06445
0 0.72363 0.78027 0.0625 0.07031
0 0.23145 0.45312 0.08008 0.05078
0 0.67725 0.18604 0.08691 0.06543
0 0.42188 0.70996 0.06641 0.06641
0 0.8833 0.81641 0.12793 0.03906
0 0.21338 0.71045 0.11035 0.04395
0 0.34326 0.11133 0.1123 0.09375
0 0.86035 0.15674 0.10547 0.0459
0 0.94385 0.53369 0.10059 0.05176
0 0.47168 0.0791 0.11719 0.08203
0 0.36768 0.43066 0.06152 0.04102
0 0.05762 0.70068 0.10352 0.04004
0 0.12549 0.07715 0.14355 0.10938
0 0.64258 0.45117 0.03516 0.0918
0 0.95703 0.8125 0.08203 0.0332
0 0.33154 0.14648 0.08496 0.04883
0 0.72266 0.52393 0.09766 0.0752
0 0.22314 0.83643 0.11035 0.0498
0 0.15869 0.74316 0.1084 0.05273
0 0.45117 0.19824 0.08398 0.04883
0 0.43311 0.81738 0.13184 0.04102
0 0.59229 0.81885 0.12988 0.04004
0 0.26221 0.20166 0.10449 0.06152
0 0.03516 0.16602 0.07031 0.03711
0 0.18018 0.38477 0.05371 0.04102
0 0.17285 0.62451 0.06445 0.05762
0 0.47754 0.78564 0.11914 0.04199
0 0.43115 0.8877 0.11816 0.04297
0 0.53418 0.68799 0.08203 0.02832
0 0.72656 0.73096 0.10352 0.03223
0 0.89355 0.57764 0.12305 0.05566
0 0.62207 0.87354 0.07422 0.07129
0 0.42432 0.45654 0.07715 0.04004
0 0.07764 0.15381 0.06543 0.06543
0 0.94092 0.479 0.08691 0.03809
0 0.3042 0.6665 0.08301 0.05371
0 0.69238 0.69678 0.07617 0.04395
0 0.56689 0.5498 0.06738 0.03711
0 0.05322 0.66455 0.10645 0.04004
0 0.04639 0.0166 0.04785 0.0332
0 0.7666 0.51514 0.05859 0.03027
0 0.60449 0.73682 0.11523 0.03418
0 0.53125 0.2002 0.10547 0.05273
0 0.86182 0.41748 0.1123 0.04004
0 0.19727 0.53076 0.0625 0.03027
0 0.45654 0.2749 0.08691 0.02832
0 0.71973 0.84473 0.07227 0.03711
0 0.10107 0.47656 0.12012 0.08008
0 0.7832 0.83447 0.08008 0.02832
0 0.63574 0.23096 0.16406 0.05371
0 0.23047 0.67725 0.12305 0.03418
0 0.34131 0.06934 0.1084 0.06055
0 0.05859 0.8291 0.10938 0.0293
0 0.86182 0.44922 0.06152 0.02734
0 0.11523 0.13867 0.13867 0.07617
0 0.86133 0.4873 0.08984 0.03906
0 0.72998 0.90723 0.09277 0.02344
0 0.94629 0.78711 0.10742 0.02734
0 0.51025 0.23389 0.1123 0.04395
0 0.6665 0.81494 0.1084 0.03223
0 0.08057 0.46582 0.16113 0.03906
0 0.09082 0.80908 0.13477 0.06152
0 0.60645 0.79492 0.09375 0.02148
0 0.57275 0.18311 0.08301 0.04785
0 0.15137 0.75244 0.10547 0.04199
0 0.1416 0.78613 0.09961 0.04492
0 0.03516 0.54248 0.06641 0.04199
0 0.6875 0.7793 0.03906 0.04297
0 0.08398 0.75293 0.06836 0.04492
0 0.0957 0.46631 0.10156 0.05566
0 0.77979 0.5459 0.05762 0.02734
