0 0.46094 0.58984 0.07227 0.08008
0 0.37158 0.62451 0.07324 0.06934
0 0.58545 0.55859 0.08887 0.07031
0 0.65967 0.17578 0.0752 0.0957
0 0.85986 0.65576 0.04395 0.08496
0 0.20508 0.14795 0.05469 0.09863
0 0.58691 0.60205 0.08398 0.06738
0 0.4624 0.51514 0.09082 0.11621
0 0.87012 0.47168 0.04492 0.10938
0 0.21387 0.62158 0.07617 0.07324
0 0.19727 0.5293 0.13672 0.08594
0 0.66895 0.49023 0.07422 0.08594
0 0.9541 0.21436 0.05859 0.08301
0 0.01562 0.85498 0.03125 0.05957
0 0.78906 0.18066 0.04492 0.13867
0 0.771 0.50879 0.04395 0.07227
0 0.78613 0.58252 0.04883 0.06934
0 0.09375 0.47803 0.08984 0.12598
0 0.97314 0.88672 0.05371 0.07422
0 0.2002 0.91992 0.10547 0.05469
0 0.01514 0.20898 0.03027 0.08789
0 0.62549 0.5498 0.05957 0.06641
0 0.79297 0.78955 0.10156 0.12988
0 0.33203 0.48145 0.05078 0.07812
0 0.94287 0.48779 0.0498 0.10254
0 0.27881 0.45605 0.04004 0.08398
0 0.41309 0.979 0.02539 0.04199
0 0.04346 0.80078 0.06152 0.06445
0 0.59424 0.47119 0.06152 0.06934
0 0.7251 0.08057 0.04395 0.12598
0 0.22461 0.97754 0.08203 0.04492
0 0.30713 0.57471 0.04395 0.06543
0 0.0835 0.92578 0.06738 0.03516
0 0.36621 0.43262 0.06055 0.05078
0 0.3374 0.54395 0.04199 0.05859
0 0.62158 0.22852 0.0459 0.06641
0 0.90723 0.03711 0.04297 0.0625
0 0.76709 0.6333 0.03027 0.0498
0 0.49023 0.75098 0.05859 0.05078
0 0.64551 0.70117 0.04297 0.04492
0 0.46777 0.01367 0.04297 0.02539
0 0.99023 0.52148 0.01953 0.04297
0 0.92285 0.97656 0.07031 0.04688
0 0.19189 0.01611 0.0498 0.02637
0 0.42627 0.29102 0.06348 0.03516
0 0.70215 0.41797 0.04883 0.04883
