0 0.16211 0.01123 0.16016 0.02246
0 0.94873 0.73828 0.10254 0.11328
0 0.19189 0.10205 0.12012 0.12988
0 0.64209 0.42578 0.0752 0.08203
0 0.55322 0.00732 0.19238 0.01465
0 0.15088 0.70801 0.11816 0.08789
0 0.12842 0.30322 0.1123 0.07715
0 0.81104 0.77979 0.1123 0.12012
0 0.92969 0.1084 0.08008 0.08203
0 0.60547 0.71094 0.13281 0.09766
0 0.25195 0.49951 0.0957 0.09082
0 0.93945 0.87305 0.10547 0.13281
0 0.25977 0.43066 0.07031 0.07812
0 0.54541 0.35791 0.27246 0.10254
0 0.87451 0.5332 0.10449 0.10742
0 0.97607 0.27832 0.04785 0.09766
0 0.32324 0.83594 0.19727 0.12695
0 0.1709 0.87842 0.1582 0.08301
0 0.31104 0.06348 0.09277 0.12695
0 0.85986 0.18213 0.12988 0.11426
0 0.66602 0.50977 0.0625 0.04492
0 0.83691 0.31104 0.07031 0.05762
0 0.64062 0.2334 0.07227 0.16211
0 0.70996 0.30078 0.08008 0.17188
0 0.37451 0.16455 0.06934 0.09473
0 0.81104 0.87207 0.14746 0.08008
0 0.68555 0.63086 0.13281 0.11719
0 0.34424 0.8335 0.20996 0.08301
0 0.72852 0.58545 0.19727 0.09277
0 0.42432 0.42725 0.09473 0.20996
0 0.79688 0.22607 0.16016 0.09277
0 0.05811 0.83203 0.07715 0.30469
0 0.31934 0.21436 0.07031 0.0752
0 0.52197 0.86572 0.06934 0.04785
0 0.88721 0.95117 0.10059 0.09766
0 0.45996 0.97363 0.08203 0.05273
0 0.9292 0.55957 0.08496 0.08008
0 0.11475 0.46436 0.0752 0.08496
0 0.20459 0.85596 0.03418 0.10254
0 0.56348 0.97607 0.04297 0.04785
0 0.94727 0.88477 0.10547 0.10547
0 0.84326 0.86328 0.10254 0.05273
