0 0.15918 0.22803 0.08008 0.08105
0 0.86572 0.07324 0.1123 0.12695
0 0.51074 0.36328 0.05664 0.04688
0 0.82959 0.59131 0.08887 0.08301
0 0.71436 0.18799 0.08496 0.07715
0 0.59424 0.32471 0.0752 0.08496
0 0.09717 0.81592 0.10059 0.10254
0 0.05371 0.78857 0.0625 0.04785
0 0.63916 0.05469 0.12012 0.10547
0 0.68555 0.47705 0.07031 0.06738
0 0.69678 0.91455 0.09473 0.08496
0 0.77051 0.04932 0.09766 0.08496
0 0.73926 0.84814 0.07031 0.08301
0 0.61475 0.69775 0.10449 0.09863
0 0.68604 0.74414 0.05176 0.04883
0 0.30908 0.03027 0.09473 0.06055
0 0.78955 0.72656 0.05957 0.03711
0 0.71191 0.68018 0.05078 0.04004
