0 0.06201 0.67041 0.08105 0.0791
0 0.66992 0.42822 0.08984 0.10254
0 0.02734 0.41162 0.05469 0.08105
0 0.76221 0.63428 0.08496 0.08496
0 0.05469 0.55225 0.08008 0.09473
0 0.16797 0.20654 0.06836 0.06543
0 0.62549 0.96875 0.06738 0.0625
0 0.05322 0.23047 0.06738 0.11719
0 0.96631 0.18066 0.06348 0.07227
0 0.75342 0.27344 0.08301 0.07227
0 0.86816 0.35205 0.08203 0.11426
0 0.79736 0.46826 0.08496 0.08496
0 0.96484 0.59619 0.07031 0.10254
0 0.07178 0.90967 0.08105 0.06934
0 0.86963 0.62842 0.06934 0.08691
0 0.67822 0.91064 0.12793 0.07715
0 0.54199 0.38818 0.08203 0.12793
0 0.97363 0.90039 0.05273 0.0625
0 0.63574 0.67969 0.07227 0.11523
0 0.66455 0.76172 0.09082 0.125
0 0.90771 0.51904 0.10059 0.07129
0 0.85059 0.83984 0.09766 0.08984
0 0.62451 0.55566 0.0752 0.07812
0 0.51953 0.61719 0.07422 0.10547
0 0.88916 0.1709 0.08496 0.12305
0 0.53809 0.66699 0.07227 0.08984
0 0.84717 0.95947 0.08496 0.06934
0 0.84326 0.24707 0.07715 0.10938
0 0.61719 0.0791 0.05273 0.12891
0 0.84473 0.90674 0.08984 0.0752
0 0.29883 0.79639 0.06836 0.08301
0 0.22949 0.60645 0.06641 0.08789
0 0.30615 0.41602 0.07129 0.11133
0 0.23096 0.31494 0.07324 0.09277
0 0.44678 0.90869 0.06543 0.0791
0 0.48145 0.23242 0.0625 0.08984
0 0.78711 0.70703 0.06641 0.0625
0 0.96777 0.95264 0.06445 0.05566
0 0.0166 0.24316 0.0332 0.09766
