0 0.11816 0.24951 0.10742 0.12207
0 0.04004 0.36816 0.08008 0.10938
0 0.03125 0.09229 0.0625 0.06152
0 0.07764 0.05713 0.05566 0.11426
0 0.57959 0.0459 0.11035 0.0918
0 0.65234 0.07471 0.06641 0.06934
0 0.95264 0.08057 0.0791 0.06543
0 0.59375 0.26025 0.08398 0.09863
0 0.27393 0.33301 0.07324 0.12891
0 0.3208 0.35742 0.07129 0.11523
0 0.10205 0.52002 0.12988 0.05371
0 0.21338 0.521 0.0752 0.06543
0 0.26611 0.51514 0.08105 0.05371
0 0.40332 0.50244 0.0957 0.1084
0 0.03564 0.59229 0.07129 0.06152
0 0.07422 0.83643 0.12891 0.04785
0 0.21436 0.84912 0.1084 0.05176
0 0.31104 0.8623 0.06152 0.07812
0 0.27686 0.74805 0.06738 0.05273
0 0.38086 0.66406 0.06836 0.13086
0 0.46045 0.68408 0.07715 0.07715
0 0.6377 0.77295 0.13086 0.08105
0 0.4082 0.77686 0.10156 0.06738
0 0.45215 0.81152 0.06445 0.07812
0 0.52979 0.81104 0.08496 0.06348
0 0.38428 0.89551 0.08301 0.07031
0 0.32471 0.9541 0.08105 0.05664
0 0.15674 0.9082 0.09668 0.08594
0 0.58252 0.95264 0.10449 0.07324
0 0.78662 0.83008 0.07715 0.0918
0 0.8208 0.58252 0.1084 0.06543
0 0.87988 0.41992 0.07227 0.10938
0 0.80176 0.36572 0.05469 0.14355
0 0.75537 0.38184 0.05957 0.10547
0 0.90527 0.29443 0.04492 0.13184
0 0.91113 0.94434 0.15234 0.11133
0 0.5 0.01758 0.05078 0.03516
0 0.64551 0.70752 0.08984 0.0498
0 0.48242 0.59912 0.0625 0.05566
0 0.73438 0.90283 0.05469 0.09668
0 0.14209 0.04443 0.09277 0.08887
0 0.14746 0.0332 0.08008 0.06445
0 0.15283 0.50732 0.04785 0.03418
0 0.14355 0.80908 0.10547 0.05957
0 0.45361 0.73096 0.07129 0.06348
0 0.38574 0.53711 0.07227 0.05273
0 0.85449 0.03711 0.0332 0.05469
0 0.87549 0.80811 0.11035 0.06934
