0 0.60205 0.04395 0.06738 0.08008
0 0.70215 0.03906 0.07812 0.07812
0 0.68311 0.20312 0.04785 0.11328
0 0.57666 0.87598 0.07715 0.07031
0 0.83203 0.2915 0.08594 0.10449
0 0.55566 0.28418 0.05078 0.08203
0 0.15771 0.50049 0.11816 0.04004
0 0.43359 0.92285 0.0625 0.06445
0 0.68457 0.90967 0.0625 0.06738
0 0.2041 0.61279 0.02734 0.0752
0 0.84814 0.95215 0.06348 0.0625
0 0.12354 0.07324 0.09668 0.02539
0 0.30859 0.22021 0.07227 0.05176
0 0.22949 0.01758 0.03906 0.03516
0 0.41504 0.62646 0.04688 0.06152
0 0.53125 0.87939 0.05078 0.06738
0 0.97266 0.27197 0.05078 0.04395
0 0.12061 0.2334 0.04785 0.05664
0 0.26221 0.87158 0.0752 0.05371
0 0.9209 0.0293 0.02734 0.05859
0 0.31299 0.0415 0.06152 0.05957
0 0.30713 0.64648 0.06152 0.05078
0 0.24268 0.6792 0.03613 0.05176
0 0.34961 0.26465 0.12695 0.04883
0 0.87598 0.57471 0.05469 0.05957
0 0.67725 0.34033 0.04785 0.03613
0 0.33447 0.96631 0.09863 0.03809
0 0.90723 0.36621 0.05469 0.04492
0 0.42041 0.39111 0.12207 0.04395
0 0.13574 0.40039 0.05859 0.02344
0 0.0542 0.33594 0.04785 0.05078
0 0.78613 0.72754 0.05469 0.03711
0 0.14893 0.73584 0.09277 0.04395
0 0.7959 0.93018 0.02539 0.06934
0 0.04297 0.01514 0.04492 0.03027
0 0.13867 0.9541 0.06055 0.02344
0 0.35986 0.8418 0.07715 0.03516
0 0.28564 0.92188 0.05566 0.04102
0 0.39111 0.97998 0.04004 0.04004
0 0.07959 0.3667 0.08496 0.03418
0 0.22168 0.33008 0.07031 0.05859
0 0.05029 0.88428 0.10059 0.03613
0 0.28516 0.35547 0.08789 0.08008
0 0.39404 0.08105 0.05566 0.04297
0 0.89453 0.90869 0.04102 0.03223
0 0.07373 0.2749 0.0498 0.03418
0 0.38428 0.63818 0.08691 0.03027
0 0.06641 0.28125 0.05078 0.0332
0 0.39111 0.29639 0.05762 0.0498
0 0.81641 0.89307 0.0332 0.04395
0 0.87451 0.32031 0.05176 0.04102
0 0.72314 0.9082 0.04199 0.04688
0 0.08838 0.93066 0.10449 0.04883
0 0.8916 0.6167 0.0332 0.04785
0 0.06494 0.28467 0.05371 0.04199
