0 0.25 0.08594 0.06836 0.09766
0 0.31201 0.09619 0.07715 0.08887
0 0.74316 0.0332 0.16406 0.06641
0 0.49902 0.15869 0.07422 0.06152
0 0.63525 0.1748 0.20801 0.07812
0 0.77686 0.16406 0.13965 0.05859
0 0.87695 0.17871 0.07617 0.05664
0 0.84229 0.28125 0.08105 0.08789
0 0.70459 0.35498 0.0791 0.10449
0 0.53613 0.34912 0.08789 0.09863
0 0.46729 0.40527 0.13184 0.10938
0 0.43262 0.52588 0.09766 0.08691
0 0.69678 0.54688 0.0752 0.11914
0 0.73145 0.6167 0.12891 0.06738
0 0.83154 0.52832 0.11035 0.06445
0 0.87646 0.46924 0.09082 0.08496
0 0.97412 0.32422 0.05176 0.08789
0 0.91846 0.56592 0.1084 0.07324
0 0.97998 0.60498 0.04004 0.04785
0 0.75586 0.73438 0.125 0.05469
0 0.6875 0.79736 0.05664 0.10645
0 0.53223 0.82471 0.15234 0.07324
0 0.84131 0.78857 0.11426 0.05176
0 0.94238 0.70996 0.07812 0.05859
0 0.95166 0.80615 0.04395 0.12207
0 0.97998 0.87793 0.04004 0.07617
0 0.8208 0.92871 0.15527 0.14258
0 0.54492 0.87891 0.10742 0.04492
0 0.5249 0.96631 0.09473 0.06738
0 0.35449 0.91406 0.18555 0.06836
0 0.41064 0.80176 0.06152 0.08789
0 0.35547 0.76953 0.05469 0.08203
0 0.26758 0.66162 0.04688 0.1123
0 0.22266 0.729 0.07422 0.0791
0 0.30566 0.646 0.04297 0.0791
0 0.55273 0.08008 0.06445 0.07812
0 0.05518 0.9292 0.09082 0.1416
0 0.1333 0.79688 0.10645 0.09375
0 0.96924 0.03076 0.06152 0.06152
0 0.08936 0.34229 0.06934 0.07324
0 0.01953 0.29102 0.03906 0.09375
0 0.18213 0.14648 0.0498 0.0918
0 0.18945 0.33398 0.04492 0.04688
0 0.29346 0.26562 0.06738 0.07422
0 0.3418 0.12891 0.07031 0.13867
0 0.50488 0.09912 0.03711 0.02637
0 0.17188 0.47852 0.03906 0.03906
