0 0.3042 0.23535 0.11426 0.10742
0 0.21582 0.0166 0.07617 0.0332
0 0.34375 0.02344 0.11914 0.04688
0 0.97803 0.20557 0.04395 0.06543
0 0.55371 0.11572 0.08008 0.07324
0 0.10254 0.95312 0.04297 0.0625
0 0.05518 0.96094 0.0752 0.05664
0 0.19141 0.83008 0.07812 0.04883
0 0.23389 0.75928 0.08691 0.12793
0 0.12109 0.73096 0.0625 0.06934
0 0.03564 0.79688 0.07129 0.08398
0 0.14355 0.96631 0.08203 0.06738
0 0.25635 0.91016 0.07715 0.04688
0 0.50781 0.90479 0.0625 0.09277
0 0.45898 0.93213 0.07227 0.05566
0 0.57959 0.97754 0.07129 0.04492
0 0.68213 0.92383 0.09473 0.10547
0 0.78662 0.95605 0.11426 0.06445
0 0.85107 0.9458 0.1123 0.08301
0 0.86133 0.83447 0.11523 0.05566
0 0.96191 0.80225 0.07617 0.08691
0 0.02344 0.40088 0.04688 0.12402
0 0.07373 0.51221 0.06934 0.08887
0 0.19678 0.36328 0.05957 0.08008
0 0.23291 0.48926 0.0752 0.07422
0 0.32617 0.31836 0.0625 0.08984
0 0.40771 0.35205 0.0498 0.1123
0 0.44189 0.39014 0.05176 0.1084
0 0.35742 0.35693 0.05273 0.07324
0 0.5791 0.22998 0.08398 0.10254
0 0.8335 0.15674 0.08301 0.08887
0 0.81934 0.24268 0.0625 0.10449
0 0.6709 0.36816 0.10156 0.18359
0 0.94385 0.20898 0.05176 0.07812
0 0.87646 0.24756 0.07715 0.08887
0 0.95996 0.4043 0.07422 0.05859
0 0.93408 0.45898 0.13184 0.07422
0 0.96338 0.55322 0.07324 0.05762
0 0.58838 0.50781 0.13574 0.07031
0 0.47412 0.48877 0.06738 0.07129
0 0.36816 0.58887 0.06445 0.07422
0 0.47266 0.61816 0.04688 0.05273
0 0.61133 0.63428 0.17188 0.07129
0 0.37061 0.67139 0.12793 0.09473
0 0.51367 0.74805 0.13086 0.11719
0 0.68994 0.70898 0.12402 0.14062
0 0.80518 0.75049 0.09668 0.07129
0 0.88818 0.65625 0.12598 0.07422
0 0.88281 0.69922 0.06836 0.10156
0 0.91846 0.74219 0.11621 0.12109
0 0.63867 0.83252 0.07422 0.08105
0 0.72852 0.81006 0.04688 0.05762
0 0.11865 0.9165 0.06934 0.04395
0 0.13477 0.62598 0.05859 0.06836
0 0.09814 0.44287 0.05176 0.04199
0 0.20312 0.0542 0.06641 0.04395
0 0.69287 0.03076 0.06152 0.06152
0 0.93066 0.90088 0.05273 0.02832
0 0.96729 0.84424 0.05762 0.0498
0 0.71484 0.78369 0.06055 0.03809
0 0.64697 0.78516 0.07324 0.08008
0 0.15039 0.12598 0.05859 0.07812
0 0.21289 0.94922 0.06055 0.06641
