0 0.01855 0.74854 0.03711 0.0791
0 0.09375 0.8335 0.07227 0.05957
0 0.02588 0.47656 0.05176 0.08398
0 0.04492 0.29883 0.08984 0.07422
0 0.04834 0.20264 0.09668 0.07324
0 0.03369 0.01221 0.06738 0.02441
0 0.25781 0.29688 0.08203 0.06836
0 0.18506 0.39355 0.07715 0.08789
0 0.30859 0.45508 0.07031 0.08789
0 0.37988 0.42432 0.05664 0.06543
0 0.35742 0.38281 0.05859 0.05664
0 0.51318 0.31201 0.0752 0.08301
0 0.38135 0.21582 0.07324 0.06055
0 0.55615 0.19043 0.09082 0.0957
0 0.63232 0.46045 0.06543 0.07324
0 0.71484 0.42236 0.06836 0.0791
0 0.74072 0.36035 0.06934 0.06445
0 0.80957 0.42188 0.07617 0.07227
0 0.75586 0.70508 0.125 0.07617
0 0.14893 0.69531 0.06152 0.06641
0 0.40674 0.7915 0.0752 0.06934
0 0.25781 0.79541 0.05469 0.05371
0 0.29639 0.85059 0.06738 0.07031
0 0.17139 0.9126 0.06738 0.10449
0 0.20166 0.97754 0.0752 0.04492
0 0.64502 0.95361 0.09473 0.08887
0 0.73291 0.83398 0.05762 0.07422
0 0.80273 0.84082 0.08984 0.07031
0 0.76807 0.77686 0.08105 0.06348
0 0.93213 0.78467 0.13574 0.0791
0 0.9668 0.87744 0.06641 0.07129
0 0.40967 0.29199 0.04199 0.05469
0 0.91113 0.13379 0.125 0.08398
0 0.21729 0.36279 0.05176 0.05762
0 0.2002 0.94629 0.08008 0.07031
0 0.78467 0.67334 0.06152 0.03809
