0 0.04492 0.16895 0.06836 0.04688
0 0.02344 0.08838 0.04688 0.07715
0 0.21387 0.13037 0.08398 0.08691
0 0.39355 0.10791 0.09375 0.05371
0 0.1543 0.95361 0.08594 0.07715
0 0.94189 0.89355 0.07324 0.07422
0 0.97754 0.84375 0.04492 0.06836
0 0.83154 0.78564 0.08105 0.0752
0 0.66748 0.75 0.14746 0.09766
0 0.46338 0.82715 0.09668 0.10156
0 0.32422 0.73535 0.11719 0.09961
0 0.23145 0.70898 0.11328 0.07812
0 0.24072 0.54395 0.11035 0.08789
0 0.18408 0.58154 0.08496 0.07129
0 0.06006 0.57715 0.08496 0.0625
0 0.26953 0.33447 0.09375 0.10254
0 0.20605 0.40723 0.05664 0.05859
0 0.42676 0.48047 0.11523 0.05469
0 0.38867 0.42529 0.08398 0.06152
0 0.49707 0.56836 0.09961 0.04492
0 0.50684 0.5083 0.06445 0.06152
0 0.6001 0.5 0.09668 0.08008
0 0.66992 0.59912 0.08789 0.06543
0 0.77197 0.61133 0.09082 0.09766
0 0.97949 0.70264 0.04102 0.0498
0 0.8999 0.47363 0.14941 0.13086
0 0.7793 0.36475 0.07617 0.08691
0 0.75439 0.50195 0.09863 0.08398
0 0.48535 0.27441 0.08203 0.15039
0 0.27002 0.19189 0.09473 0.06152
0 0.34814 0.2334 0.08496 0.05273
0 0.39062 0.30762 0.05469 0.05469
0 0.69482 0.33105 0.0498 0.06641
0 0.56006 0.14062 0.09668 0.07031
0 0.521 0.18994 0.08887 0.06543
0 0.44727 0.03955 0.08008 0.0791
0 0.3623 0.07422 0.06055 0.03906
0 0.54053 0.04199 0.08691 0.08398
0 0.81152 0.04053 0.06836 0.06152
0 0.72266 0.05908 0.07227 0.08301
0 0.94043 0.07812 0.08789 0.08398
0 0.35547 0.60742 0.06445 0.06055
0 0.47559 0.62158 0.10352 0.05566
0 0.56592 0.31836 0.12988 0.08203
0 0.25049 0.48486 0.06543 0.05566
