0 0.19922 0.01465 0.08984 0.0293
0 0.90088 0.03027 0.09082 0.05859
0 0.96631 0.03125 0.06738 0.05664
0 0.44727 0.04639 0.08008 0.09082
0 0.56641 0.09131 0.05469 0.05566
0 0.39795 0.2251 0.08496 0.11816
0 0.16846 0.15771 0.08887 0.07129
0 0.58936 0.23438 0.13574 0.06445
0 0.60352 0.17822 0.09766 0.05371
0 0.75977 0.20557 0.1543 0.12207
0 0.82715 0.28906 0.10547 0.06445
0 0.60889 0.41504 0.07715 0.06641
0 0.51953 0.43213 0.0957 0.06738
0 0.14795 0.44385 0.06543 0.05566
0 0.25342 0.60059 0.06934 0.05078
0 0.45361 0.58594 0.15137 0.24023
0 0.5498 0.67725 0.07617 0.0752
0 0.47803 0.50098 0.18652 0.25391
0 0.18506 0.86328 0.07715 0.05859
0 0.15332 0.9043 0.11914 0.16992
0 0.04102 0.90088 0.07617 0.07715
0 0.28955 0.91846 0.06934 0.06543
0 0.42383 0.92578 0.08984 0.10938
0 0.85791 0.96924 0.05957 0.06152
0 0.68945 0.92578 0.05469 0.05664
0 0.75586 0.88037 0.08008 0.0752
0 0.71143 0.80029 0.11426 0.11621
0 0.83594 0.81152 0.13477 0.07422
0 0.9502 0.22314 0.07227 0.09082
0 0.979 0.18652 0.04199 0.07031
0 0.94092 0.86816 0.06543 0.06445
0 0.96777 0.8374 0.06445 0.12402
0 0.82568 0.93311 0.05566 0.06348
0 0.31787 0.77051 0.08105 0.05469
0 0.77588 0.57812 0.05176 0.06055
0 0.10107 0.33008 0.05371 0.05273
0 0.99072 0.36621 0.01855 0.05469
0 0.03369 0.79736 0.06543 0.05566
0 0.01709 0.85498 0.03418 0.0498
0 0.02197 0.44385 0.04395 0.05762
