0 0.47217 0.1665 0.05762 0.08496
0 0.29053 0.67529 0.0791 0.06543
0 0.33105 0.31787 0.06445 0.11035
0 0.95215 0.10254 0.08008 0.09766
0 0.25586 0.29492 0.06445 0.08398
0 0.9082 0.93311 0.11328 0.09082
0 0.89062 0.59131 0.09766 0.11035
0 0.47656 0.41699 0.10352 0.08398
0 0.84766 0.88574 0.09766 0.07617
0 0.39551 0.36377 0.07422 0.10449
0 0.74365 0.14355 0.08105 0.08398
0 0.86719 0.10303 0.07422 0.07129
0 0.4873 0.82324 0.08008 0.08984
0 0.44434 0.27832 0.09375 0.11719
0 0.3252 0.97656 0.10742 0.04688
0 0.81641 0.96387 0.08203 0.07227
0 0.16504 0.20752 0.09375 0.14551
0 0.39648 0.20166 0.08008 0.10645
0 0.06055 0.73291 0.09375 0.09277
0 0.96973 0.71045 0.06055 0.09863
0 0.90674 0.23291 0.10059 0.10449
0 0.19824 0.76514 0.08984 0.11426
0 0.54443 0.20166 0.11426 0.07324
0 0.94531 0.67334 0.07031 0.13965
0 0.01855 0.83887 0.03711 0.08789
0 0.05029 0.02539 0.10059 0.05078
0 0.44775 0.53662 0.08105 0.09473
0 0.05029 0.4668 0.08301 0.08594
0 0.60645 0.02686 0.12695 0.05371
0 0.18506 0.94092 0.10059 0.10059
0 0.20947 0.6333 0.09668 0.09082
0 0.21924 0.20605 0.06738 0.04688
0 0.28711 0.20068 0.06836 0.06738
0 0.25391 0.12207 0.07227 0.10938
0 0.20312 0.11963 0.06641 0.08496
0 0.74268 0.4292 0.04785 0.05176
0 0.81104 0.04053 0.06934 0.08105
0 0.93506 0.04736 0.07715 0.08691
