0 0.59424 0.11768 0.1123 0.08301
0 0.86572 0.75732 0.15723 0.11035
0 0.00098 0.00977 0.00195 0.01953
0 0.02979 0.92725 0.05957 0.12793
0 0.70801 0.56689 0.09766 0.1123
0 0.65088 0.27832 0.05566 0.08594
0 0.83643 0.60645 0.15723 0.11523
0 0.72363 0.22559 0.14258 0.07227
0 0.06592 0.12109 0.1123 0.10742
0 0.74072 0.92334 0.12207 0.07324
0 0.83496 0.52002 0.09766 0.10059
0 0.70459 0.09131 0.12988 0.09277
0 0.92969 0.03467 0.125 0.06934
0 0.04346 0.02881 0.08691 0.05762
0 0.73193 0.78711 0.13574 0.10547
0 0.62549 0.90967 0.11816 0.10449
0 0.97217 0.64062 0.05566 0.08984
0 0.69727 0.32178 0.08203 0.07715
0 0.88232 0.22119 0.12988 0.07715
0 0.00098 0.32959 0.00195 0.05566
0 0.0332 0.72607 0.06641 0.08301
0 0.69678 0.03125 0.12012 0.0625
0 0.82568 0.86816 0.07324 0.07227
0 0.51221 0.25439 0.06543 0.05566
0 0.896 0.11084 0.12012 0.0791
0 0.61719 0.95801 0.13086 0.08398
0 0.95264 0.48145 0.09473 0.13086
0 0.96045 0.54199 0.0791 0.08594
0 0.95996 0.2417 0.08008 0.10059
0 0.92725 0.8833 0.14551 0.07715
0 0.73828 0.74609 0.07812 0.09766
0 0.95898 0.09912 0.08203 0.04785
0 0.79688 0.96875 0.09961 0.0625
0 0.52246 0.84277 0.09375 0.09961
0 0.96338 0.83545 0.07324 0.06543
0 0.979 0.95996 0.04199 0.07227
