0 0.95459 0.17334 0.09082 0.08691
0 0.70312 0.34619 0.08008 0.06934
0 0.81201 0.55811 0.06934 0.09277
0 0.95068 0.31006 0.09863 0.08496
0 0.97119 0.8374 0.05762 0.12012
0 0.79639 0.06445 0.07715 0.12891
0 0.8584 0.71973 0.07812 0.09961
0 0.80225 0.23193 0.0498 0.05566
0 0.97607 0.40332 0.04785 0.08203
0 0.62061 0.16797 0.06543 0.08008
0 0.93604 0.5332 0.07715 0.07812
0 0.90918 0.45459 0.08008 0.06934
0 0.76709 0.62207 0.09082 0.07422
0 0.87061 0.62109 0.08691 0.07227
0 0.95605 0.73047 0.08789 0.07227
0 0.87695 0.37158 0.05469 0.09082
0 0.92529 0.14404 0.06543 0.0752
