0 0.06201 0.02344 0.06348 0.04688
0 0.12451 0.21826 0.06543 0.10449
0 0.13086 0.33252 0.05273 0.08691
0 0.05469 0.3291 0.07227 0.08398
0 0.0166 0.38184 0.0332 0.08008
0 0.44678 0.37207 0.08301 0.08594
0 0.25537 0.36865 0.07129 0.04395
0 0.24951 0.44531 0.05957 0.06641
0 0.13037 0.4209 0.08691 0.05664
0 0.04199 0.51611 0.06836 0.0752
0 0.58398 0.34961 0.06641 0.07422
0 0.61572 0.2373 0.06152 0.05664
0 0.28369 0.02344 0.05957 0.04492
0 0.35547 0.02197 0.08984 0.04395
0 0.66943 0.03076 0.11426 0.06152
0 0.79492 0.02588 0.08594 0.05176
0 0.87646 0.021 0.06934 0.04199
0 0.81299 0.10693 0.04395 0.04004
0 0.87549 0.3291 0.06738 0.08398
0 0.95361 0.31641 0.08496 0.07422
0 0.81006 0.36768 0.06543 0.0498
0 0.67285 0.39258 0.0625 0.05078
0 0.65039 0.4458 0.06055 0.03613
0 0.63916 0.47754 0.06152 0.04883
0 0.61572 0.51807 0.11816 0.05957
0 0.7124 0.5332 0.09082 0.04688
0 0.72363 0.56006 0.06055 0.06738
0 0.76416 0.60645 0.1084 0.05859
0 0.83496 0.45361 0.08203 0.0459
0 0.96387 0.46777 0.07227 0.07422
0 0.69775 0.6709 0.07715 0.05664
0 0.76416 0.67676 0.07129 0.04883
0 0.50098 0.51416 0.07031 0.08691
0 0.3125 0.80713 0.0625 0.05371
0 0.09863 0.94531 0.08008 0.06641
0 0.14844 0.76514 0.05078 0.04785
0 0.03027 0.87549 0.05273 0.09473
0 0.021 0.9375 0.04199 0.04492
0 0.06494 0.78906 0.07324 0.07812
0 0.70605 0.8042 0.07031 0.08301
0 0.95264 0.77295 0.09473 0.09277
0 0.83105 0.96387 0.07031 0.07227
0 0.91797 0.94141 0.06055 0.05859
0 0.80615 0.77881 0.0791 0.06348
0 0.87012 0.80518 0.06055 0.06152
0 0.7959 0.84424 0.07227 0.07715
0 0.75 0.85986 0.05469 0.05176
0 0.68848 0.85938 0.05859 0.05664
0 0.6084 0.88525 0.08789 0.05957
0 0.67139 0.94482 0.11816 0.09473
0 0.70312 0.92529 0.06641 0.04785
0 0.93115 0.36328 0.05957 0.04102
0 0.7002 0.12061 0.0332 0.02832
0 0.51758 0.01953 0.05273 0.03516
0 0.32959 0.38477 0.03418 0.0332
0 0.15918 0.26172 0.05664 0.05078
