0 0.05029 0.0625 0.10059 0.08984
0 0.0415 0.92188 0.08301 0.0918
0 0.27246 0.95215 0.07227 0.0957
0 0.17041 0.91406 0.05762 0.07812
0 0.05469 0.69482 0.08789 0.16504
0 0.2002 0.73926 0.08789 0.09961
0 0.24756 0.57666 0.13184 0.07324
0 0.29199 0.62695 0.08008 0.07227
0 0.11572 0.50879 0.07324 0.04883
0 0.07959 0.58545 0.06738 0.04785
0 0.04297 0.36328 0.08594 0.08398
0 0.19141 0.38916 0.07617 0.09082
0 0.27734 0.39697 0.08594 0.08887
0 0.36914 0.44971 0.08008 0.08496
0 0.46777 0.48682 0.0918 0.0752
0 0.49805 0.57227 0.05664 0.10938
0 0.62354 0.68115 0.11621 0.10254
0 0.48145 0.76562 0.0957 0.13672
0 0.36816 0.86475 0.0957 0.07324
0 0.24512 0.85938 0.05859 0.06055
0 0.37207 0.67334 0.12305 0.06152
0 0.12256 0.17676 0.12402 0.07031
0 0.24072 0.10059 0.11816 0.13477
0 0.31885 0.20459 0.07715 0.11621
0 0.44141 0.16211 0.13281 0.06836
0 0.53906 0.06787 0.05469 0.09863
0 0.63623 0.19336 0.1416 0.07422
0 0.62207 0.25684 0.07812 0.06055
0 0.46045 0.36035 0.06934 0.0957
0 0.72852 0.3623 0.08008 0.1582
0 0.80664 0.38916 0.10352 0.05762
0 0.73145 0.57373 0.06055 0.06934
0 0.81348 0.55127 0.06445 0.0498
0 0.88916 0.51953 0.08105 0.03906
0 0.30811 0.02393 0.0752 0.04785
0 0.42188 0.07666 0.05469 0.06543
0 0.44922 0.01855 0.08789 0.03711
0 0.58545 0.09326 0.04004 0.05566
0 0.94629 0.3042 0.10547 0.15137
0 0.8501 0.17529 0.09277 0.06934
0 0.91943 0.03955 0.06738 0.0791
0 0.96533 0.03809 0.06934 0.07617
0 0.82861 0.7334 0.08105 0.08203
0 0.70508 0.78467 0.12695 0.05176
0 0.6958 0.83887 0.12012 0.08203
0 0.6875 0.8916 0.06445 0.05664
0 0.55176 0.97217 0.11914 0.05566
0 0.90186 0.94092 0.06934 0.07324
0 0.80518 0.83789 0.05762 0.0625
0 0.93311 0.63672 0.08105 0.08398
0 0.96094 0.58008 0.07812 0.05273
0 0.35449 0.79834 0.08203 0.0752
