0 0.17383 0.13721 0.06641 0.06543
0 0.2251 0.18652 0.0752 0.06836
0 0.16357 0.21973 0.06348 0.07227
0 0.09082 0.19141 0.08984 0.11133
0 0.43066 0.18506 0.0918 0.06934
0 0.78564 0.16455 0.09473 0.09863
0 0.70703 0.37988 0.08203 0.07227
0 0.65283 0.29883 0.06348 0.06836
0 0.71533 0.28613 0.06348 0.06641
0 0.3335 0.45361 0.08691 0.12988
0 0.26514 0.45703 0.05566 0.10938
0 0.31348 0.60156 0.07227 0.07812
0 0.11475 0.6543 0.08105 0.13867
0 0.20557 0.75439 0.06543 0.08301
0 0.13379 0.77686 0.11328 0.08887
0 0.32715 0.69824 0.07031 0.07812
0 0.44141 0.68506 0.09766 0.06543
0 0.47412 0.74854 0.07129 0.06934
0 0.61719 0.71826 0.10352 0.06738
0 0.57227 0.80615 0.0625 0.0752
0 0.7373 0.75098 0.06836 0.05469
0 0.83203 0.6709 0.08594 0.14648
0 0.64258 0.82471 0.0625 0.05957
0 0.66992 0.86865 0.06445 0.06348
0 0.20117 0.86426 0.07812 0.08008
0 0.26709 0.93457 0.08301 0.08594
0 0.56787 0.93115 0.11035 0.12793
0 0.74414 0.92725 0.08594 0.08496
0 0.89355 0.92432 0.08594 0.0791
0 0.90625 0.48486 0.0918 0.07715
0 0.90967 0.32227 0.06543 0.06445
0 0.28564 0.375 0.1123 0.07422
