0 0.01709 0.45801 0.03418 0.08008
0 0.01758 0.57471 0.03516 0.09473
0 0.38623 0.76123 0.06934 0.09863
0 0.04248 0.08447 0.06152 0.10254
0 0.60693 0.06787 0.05176 0.12012
0 0.78027 0.94434 0.04688 0.10547
0 0.43262 0.05029 0.06641 0.09863
0 0.56104 0.28223 0.0752 0.14062
0 0.33643 0.06055 0.04395 0.0918
0 0.75537 0.56299 0.06152 0.07129
0 0.05518 0.67969 0.04004 0.10156
0 0.46338 0.50684 0.05371 0.07617
0 0.12695 0.49023 0.06055 0.09375
0 0.2168 0.45654 0.04297 0.1123
0 0.21094 0.59717 0.03906 0.07715
0 0.56494 0.86084 0.04785 0.0752
0 0.92578 0.34814 0.0332 0.11816
0 0.17383 0.21777 0.0625 0.08008
0 0.32861 0.73975 0.08496 0.09082
0 0.95361 0.14551 0.02832 0.09961
0 0.06201 0.55322 0.04785 0.07324
0 0.36426 0.83936 0.06836 0.06934
0 0.53711 0.09277 0.04297 0.14453
0 0.88672 0.45459 0.07617 0.12012
0 0.03809 0.8418 0.03711 0.08398
0 0.8501 0.49658 0.06348 0.12207
0 0.71729 0.84473 0.04395 0.08203
0 0.6001 0.21289 0.0498 0.11523
0 0.66113 0.38818 0.10938 0.12207
0 0.0376 0.19531 0.07129 0.09375
0 0.54395 0.72656 0.05469 0.07617
0 0.25098 0.32666 0.13672 0.11035
0 0.39307 0.47412 0.04004 0.09863
0 0.81592 0.8916 0.05762 0.08203
0 0.43164 0.44238 0.07422 0.07422
0 0.8584 0.21729 0.08398 0.08887
0 0.30908 0.85449 0.08301 0.05078
0 0.8208 0.87207 0.06738 0.06055
0 0.61621 0.15186 0.05469 0.07324
0 0.16846 0.85352 0.04395 0.0625
0 0.81299 0.05127 0.03418 0.10254
0 0.36279 0.41113 0.02832 0.11328
0 0.58252 0.72119 0.05762 0.15723
0 0.76904 0.36719 0.02441 0.10156
0 0.74072 0.2124 0.02637 0.16895
0 0.19727 0.11035 0.06836 0.0957
0 0.93945 0.03711 0.04883 0.07422
0 0.33936 0.41113 0.02637 0.08398
0 0.43799 0.78564 0.03613 0.1123
0 0.22705 0.53271 0.07324 0.0459
0 0.77148 0.02832 0.04297 0.05664
0 0.91992 0.80615 0.02539 0.09082
0 0.33643 0.19678 0.0498 0.08496
0 0.90723 0.07227 0.07227 0.13672
0 0.83545 0.81738 0.06348 0.05664
0 0.20215 0.06689 0.08594 0.07129
0 0.51465 0.89404 0.02539 0.06934
0 0.62891 0.42529 0.02734 0.12793
0 0.62061 0.73096 0.05371 0.11035
0 0.63721 0.65039 0.02832 0.12305
0 0.771 0.83301 0.06543 0.06641
0 0.29443 0.11377 0.03223 0.13184
0 0.65479 0.74463 0.09473 0.12012
0 0.08252 0.24756 0.04004 0.06738
0 0.41064 0.21045 0.05176 0.1123
0 0.20557 0.03418 0.03027 0.06836
0 0.14502 0.91992 0.05566 0.06836
0 0.56152 0.25098 0.07812 0.09766
0 0.01514 0.23047 0.03027 0.13477
0 0.27295 0.09131 0.0459 0.06543
0 0.12109 0.88672 0.04297 0.08398
0 0.08252 0.49756 0.05176 0.0498
0 0.24414 0.11621 0.08594 0.07031
0 0.46777 0.89258 0.04492 0.05469
0 0.25488 0.52783 0.04492 0.05566
0 0.70459 0.29346 0.03223 0.05762
0 0.81689 0.04248 0.03223 0.05957
0 0.47412 0.8501 0.04395 0.04395
