0 0.03613 0.00879 0.07227 0.01758
0 0.04199 0.05029 0.08398 0.07129
0 0.03271 0.17285 0.06543 0.08984
0 0.01904 0.28857 0.03809 0.09277
0 0.0542 0.3916 0.06348 0.14648
0 0.1167 0.46143 0.06348 0.06152
0 0.02979 0.67725 0.05957 0.05957
0 0.07324 0.69043 0.04297 0.05469
0 0.17773 0.64111 0.08594 0.06543
0 0.18945 0.71973 0.11328 0.07617
0 0.13818 0.75195 0.06543 0.0625
0 0.04688 0.97461 0.09375 0.05078
0 0.24609 0.97217 0.10352 0.05566
0 0.2251 0.91846 0.07715 0.0752
0 0.29004 0.92188 0.06445 0.06641
0 0.2793 0.84473 0.09766 0.08398
0 0.39014 0.7832 0.07715 0.06445
0 0.73828 0.8877 0.07227 0.0625
0 0.70654 0.96924 0.07129 0.06152
0 0.69336 0.7417 0.10156 0.0752
0 0.71924 0.67236 0.0752 0.05957
0 0.68262 0.61816 0.08008 0.0625
0 0.56787 0.71875 0.06934 0.07227
0 0.5293 0.68018 0.07227 0.0752
0 0.4668 0.6123 0.08398 0.08984
0 0.27588 0.61328 0.09668 0.08008
0 0.35303 0.57568 0.09668 0.0752
0 0.37646 0.63232 0.06152 0.06543
0 0.40576 0.46875 0.08105 0.0625
0 0.3208 0.25439 0.07715 0.16895
0 0.25488 0.30322 0.07617 0.08691
0 0.19922 0.32764 0.0625 0.05762
0 0.58057 0.38477 0.08105 0.0918
0 0.45312 0.17822 0.0957 0.09473
0 0.61572 0.23975 0.10449 0.07324
0 0.65967 0.11377 0.06348 0.05957
0 0.61426 0.07227 0.10352 0.07422
0 0.31543 0.04346 0.07422 0.08691
0 0.271 0.07764 0.05957 0.07715
0 0.22852 0.03418 0.07812 0.06836
0 0.16211 0.09277 0.08984 0.11133
0 0.78076 0.03955 0.07129 0.0791
0 0.91895 0.15479 0.06836 0.07129
0 0.97705 0.16162 0.0459 0.07324
0 0.93018 0.24756 0.07715 0.06738
0 0.91797 0.30762 0.06055 0.06445
0 0.74609 0.48438 0.0918 0.07812
0 0.87061 0.60156 0.08105 0.06641
0 0.97998 0.5835 0.04004 0.06152
0 0.98828 0.64453 0.02344 0.06641
0 0.91406 0.66309 0.11328 0.08398
0 0.97656 0.70801 0.04688 0.08203
0 0.92871 0.75049 0.06836 0.06543
0 0.50244 0.99023 0.05566 0.01953
0 0.23779 0.47021 0.06738 0.07324
0 0.94629 0.91846 0.06445 0.08887
0 0.88379 0.92676 0.0625 0.08203
0 0.35938 0.14258 0.07812 0.08203
0 0.5166 0.20117 0.03906 0.06055
0 0.44141 0.27246 0.06445 0.06055
0 0.01807 0.34082 0.03613 0.05078
0 0.85352 0.48779 0.07422 0.05762
0 0.62256 0.78613 0.09082 0.05273
0 0.77637 0.98096 0.05859 0.03809
0 0.84863 0.70264 0.05859 0.04395
0 0.88184 0.7627 0.04297 0.04492
