0 0.96094 0.22168 0.07422 0.07031
0 0.85352 0.06152 0.0918 0.05664
0 0.62939 0.09619 0.05957 0.15918
0 0.33691 0.51074 0.05859 0.11523
0 0.17676 0.71582 0.06445 0.10156
0 0.79688 0.48096 0.08789 0.04785
0 0.24268 0.6084 0.11621 0.10547
0 0.04102 0.73828 0.08203 0.04297
0 0.97168 0.40234 0.03711 0.08008
0 0.8833 0.24316 0.04004 0.07227
0 0.89404 0.45947 0.13379 0.11426
0 0.08447 0.07666 0.09082 0.15332
0 0.57178 0.0498 0.07324 0.0918
0 0.72119 0.93457 0.05762 0.08398
0 0.0166 0.66797 0.0332 0.03906
0 0.22217 0.68799 0.07715 0.08105
0 0.08496 0.41211 0.07422 0.09961
0 0.35596 0.83154 0.0791 0.13379
0 0.69238 0.73975 0.04688 0.11426
0 0.4043 0.48242 0.1582 0.10352
0 0.73438 0.74121 0.05469 0.08008
0 0.24219 0.40479 0.10938 0.12207
0 0.43652 0.9668 0.0918 0.0625
0 0.41016 0.43359 0.14062 0.13477
0 0.81787 0.89551 0.06152 0.06445
0 0.50635 0.7251 0.15723 0.06934
0 0.29248 0.05127 0.06934 0.04004
0 0.4834 0.17578 0.07227 0.07227
0 0.17871 0.30859 0.02344 0.08789
0 0.25342 0.82764 0.04395 0.07129
0 0.33496 0.87012 0.03125 0.06641
0 0.87109 0.02686 0.02539 0.05371
0 0.44873 0.0625 0.06348 0.05078
0 0.94043 0.26758 0.09961 0.03711
0 0.79541 0.84473 0.1123 0.04297
0 0.90088 0.80908 0.06934 0.05762
0 0.93506 0.58398 0.03613 0.0625
0 0.67676 0.15674 0.04492 0.06152
0 0.65381 0.55908 0.11621 0.03613
0 0.36621 0.96289 0.05078 0.05664
0 0.08545 0.83496 0.08691 0.03125
0 0.07227 0.88867 0.05273 0.06445
0 0.22998 0.95166 0.09277 0.03223
0 0.01953 0.89062 0.03906 0.05664
0 0.49854 0.97461 0.06934 0.04102
0 0.39551 0.18164 0.14062 0.02734
0 0.48145 0.02051 0.09766 0.02539
0 0.97559 0.64697 0.04883 0.02246
0 0.51074 0.28174 0.13477 0.03418
0 0.33301 0.98242 0.03516 0.03516
0 0.82324 0.98291 0.04492 0.03418
0 0.65283 0.63428 0.13379 0.1377
0 0.77881 0.67822 0.13379 0.08887
0 0.52881 0.23779 0.0498 0.03613
0 0.25879 0.49463 0.07812 0.02832
0 0.69482 0.45752 0.17285 0.12207
0 0.29883 0.75439 0.05273 0.03223
0 0.97559 0.19629 0.04492 0.05469
0 0.63672 0.01221 0.05273 0.02441
0 0.87598 0.66211 0.0625 0.07227
0 0.69043 0.89697 0.06641 0.04785
0 0.60742 0.84961 0.07227 0.03906
0 0.84766 0.96436 0.06641 0.03613
0 0.646 0.46045 0.06543 0.04395
0 0.17383 0.40625 0.15039 0.125
0 0.2998 0.69922 0.05469 0.11328
0 0.90967 0.53955 0.05762 0.04004
0 0.02832 0.4873 0.05664 0.04102
0 0.36084 0.1123 0.05371 0.01758
0 0.74561 0.2959 0.20996 0.05273
0 0.27246 0.44922 0.07227 0.05664
0 0.30469 0.95508 0.11328 0.08984
0 0.07764 0.56396 0.06152 0.04785
0 0.04492 0.53516 0.08984 0.04883
