0 0.20508 0.51221 0.10156 0.05762
0 0.89307 0.44775 0.09082 0.05371
0 0.60156 0.25879 0.09766 0.10547
0 0.0542 0.46875 0.10645 0.05078
0 0.26514 0.03564 0.09863 0.06934
0 0.37451 0.3252 0.14551 0.08398
0 0.73682 0.19043 0.09863 0.10547
0 0.87354 0.79297 0.09668 0.07617
0 0.26953 0.17627 0.08203 0.0459
0 0.28613 0.88281 0.11914 0.06055
0 0.18408 0.07959 0.09277 0.06348
0 0.68799 0.34277 0.1416 0.04883
0 0.9043 0.36719 0.07617 0.06641
0 0.43408 0.45068 0.16504 0.0498
0 0.87354 0.10156 0.13379 0.04688
0 0.29443 0.38574 0.09473 0.04883
0 0.15283 0.04004 0.09668 0.05664
0 0.04248 0.71094 0.08301 0.03125
0 0.23975 0.89795 0.10254 0.05566
0 0.42529 0.40674 0.09473 0.05176
0 0.85205 0.50488 0.10254 0.03711
0 0.46631 0.50781 0.10254 0.05078
0 0.62012 0.16943 0.11328 0.0498
0 0.11426 0.51611 0.11719 0.0459
0 0.14795 0.78711 0.16309 0.05078
0 0.06934 0.15283 0.12695 0.06152
0 0.80371 0.56152 0.07227 0.04492
0 0.43945 0.87256 0.10742 0.04199
0 0.46289 0.63037 0.07812 0.02637
0 0.14404 0.55371 0.09668 0.05469
0 0.84912 0.59961 0.10254 0.03516
0 0.28516 0.27051 0.10547 0.0293
0 0.17725 0.57959 0.14746 0.03809
0 0.29004 0.61279 0.0957 0.02637
0 0.43945 0.18604 0.125 0.07715
0 0.53125 0.12256 0.0625 0.06934
0 0.04102 0.36475 0.08203 0.06738
0 0.40527 0.82471 0.12305 0.05762
0 0.70752 0.63867 0.08301 0.01953
0 0.98193 0.35156 0.03613 0.0293
0 0.40381 0.24219 0.10254 0.05664
0 0.95117 0.49121 0.09766 0.0332
0 0.98877 0.1123 0.02246 0.09766
0 0.78174 0.82471 0.09863 0.03418
0 0.90625 0.64209 0.10156 0.04199
0 0.85742 0.01465 0.06055 0.0293
0 0.87109 0.57764 0.05859 0.04199
0 0.70117 0.76025 0.10547 0.02832
0 0.62598 0.92432 0.125 0.04004
0 0.1626 0.17578 0.08105 0.04102
0 0.65576 0.5542 0.10254 0.02441
0 0.33936 0.52246 0.06152 0.0293
0 0.82617 0.18652 0.08008 0.02539
0 0.66797 0.85254 0.08008 0.03125
0 0.979 0.82471 0.04199 0.02832
0 0.36475 0.02979 0.07129 0.05957
0 0.21533 0.65479 0.2666 0.07324
0 0.39258 0.22949 0.11328 0.04688
0 0.51221 0.78711 0.08691 0.03906
0 0.60547 0.83496 0.09766 0.03711
0 0.87158 0.28809 0.08887 0.04297
0 0.02148 0.58936 0.04102 0.02832
0 0.04297 0.53564 0.08594 0.04785
0 0.04102 0.89844 0.08008 0.0293
0 0.0918 0.83447 0.18359 0.06738
0 0.4375 0.97217 0.14062 0.03418
0 0.49268 0.98389 0.06348 0.02051
0 0.86816 0.81885 0.08203 0.02441
0 0.42188 0.15967 0.0957 0.04199
0 0.19824 0.96973 0.16016 0.06055
0 0.33252 0.15186 0.08887 0.04199
0 0.52246 0.24316 0.05469 0.01758
0 0.18457 0.94922 0.15625 0.06055
0 0.02295 0.18408 0.04395 0.0166
0 0.51074 0.06885 0.11523 0.06738
0 0.5249 0.62451 0.05566 0.02441
0 0.47217 0.84277 0.09277 0.0625
