0 0.13135 0.82617 0.08301 0.0957
0 0.10498 0.75293 0.09863 0.0918
0 0.16309 0.71973 0.05469 0.07812
0 0.28662 0.82129 0.09668 0.0918
0 0.24316 0.60303 0.08203 0.13379
0 0.39502 0.88672 0.11816 0.06055
0 0.37109 0.95215 0.0957 0.06836
0 0.23047 0.90137 0.06445 0.07031
0 0.57227 0.90918 0.07422 0.08594
0 0.56689 0.97266 0.06348 0.05469
0 0.75439 0.91211 0.08887 0.06445
0 0.39746 0.53076 0.08398 0.08301
0 0.40869 0.61719 0.07324 0.08789
0 0.53223 0.60107 0.08984 0.08691
0 0.53711 0.69092 0.06836 0.07715
0 0.46045 0.71533 0.12012 0.05957
0 0.52881 0.77686 0.06348 0.07324
0 0.68311 0.69434 0.11035 0.08594
0 0.6499 0.60156 0.08105 0.14062
0 0.76025 0.78467 0.08496 0.06738
0 0.90332 0.71191 0.08203 0.11328
0 0.86133 0.7998 0.07227 0.07227
0 0.84863 0.97021 0.07227 0.05957
0 0.91699 0.96924 0.06641 0.06152
0 0.97656 0.71777 0.04688 0.05859
0 0.96484 0.625 0.07031 0.13281
0 0.90039 0.47021 0.0957 0.0752
0 0.76367 0.43311 0.07227 0.0752
0 0.6582 0.43115 0.07227 0.0752
0 0.50977 0.42627 0.08789 0.12012
0 0.40381 0.38379 0.10059 0.06641
0 0.40527 0.30859 0.125 0.08398
0 0.15381 0.38379 0.1377 0.06836
0 0.18555 0.44434 0.07422 0.05664
0 0.2417 0.27734 0.11426 0.08008
0 0.09229 0.16309 0.06543 0.14062
0 0.14209 0.14258 0.07324 0.09961
0 0.25146 0.17773 0.06348 0.06445
0 0.40088 0.14648 0.08691 0.08984
0 0.59668 0.2041 0.07812 0.09961
0 0.55371 0.01367 0.11523 0.02734
0 0.63818 0.06299 0.06543 0.12598
0 0.57422 0.07129 0.07031 0.08984
0 0.68311 0.0332 0.06348 0.06641
0 0.76025 0.03174 0.08887 0.06348
0 0.88086 0.13184 0.06641 0.0918
0 0.38965 0.02979 0.05664 0.05957
0 0.46484 0.75928 0.13086 0.06738
0 0.23584 0.39014 0.09277 0.06348
0 0.45947 0.87842 0.06738 0.07715
0 0.96582 0.45264 0.05078 0.0752
0 0.21875 0.99023 0.08594 0.01953
0 0.36426 0.98828 0.09961 0.02344
0 0.97803 0.55029 0.04004 0.06934
0 0.0083 0.32031 0.0166 0.08984
