0 0.05664 0.0249 0.07617 0.0498
0 0.11621 0.0708 0.06836 0.05176
0 0.17236 0.16943 0.06348 0.08301
0 0.23682 0.14746 0.09277 0.06836
0 0.30664 0.1709 0.05859 0.05078
0 0.34229 0.19141 0.06738 0.05469
0 0.43555 0.18799 0.06055 0.06152
0 0.67383 0.11719 0.07227 0.08789
0 0.77002 0.11328 0.07324 0.05078
0 0.82227 0.04248 0.07812 0.06543
0 0.04932 0.96094 0.07129 0.07812
0 0.03223 0.89893 0.06445 0.05371
0 0.16602 0.97656 0.07812 0.04688
0 0.28564 0.92871 0.06934 0.05664
0 0.33398 0.95264 0.06055 0.05176
0 0.02588 0.54297 0.05176 0.05078
0 0.05859 0.58008 0.05469 0.05664
0 0.06641 0.63135 0.06836 0.08105
0 0.07715 0.46094 0.08789 0.07031
0 0.31592 0.62158 0.1123 0.05566
0 0.43164 0.53027 0.08203 0.08398
0 0.54492 0.53174 0.08203 0.08887
0 0.52881 0.60352 0.10254 0.05469
0 0.56689 0.69238 0.06934 0.05859
0 0.44482 0.76611 0.07129 0.09473
0 0.46094 0.70898 0.0625 0.04688
0 0.57715 0.76953 0.07031 0.07812
0 0.6582 0.75195 0.0625 0.05078
0 0.70264 0.57178 0.08301 0.06934
0 0.69336 0.52295 0.09375 0.07129
0 0.81396 0.65576 0.09863 0.0791
0 0.67578 0.62988 0.07617 0.06836
0 0.89648 0.59424 0.07617 0.0752
0 0.95801 0.55908 0.07031 0.06543
0 0.91748 0.4917 0.06348 0.08691
0 0.88477 0.84033 0.11523 0.09863
0 0.94678 0.92627 0.10645 0.06152
0 0.58887 0.96289 0.09766 0.07422
0 0.60742 0.12354 0.08594 0.06738
0 0.57959 0.06055 0.07324 0.05078
