0 0.98828 0.06348 0.02344 0.0625
0 0.81299 0.05762 0.10254 0.08398
0 0.05615 0.20947 0.11035 0.06348
0 0.25977 0.49121 0.10352 0.07812
0 0.86523 0.43799 0.09766 0.05566
0 0.81885 0.51904 0.10059 0.06543
0 0.17236 0.11816 0.10059 0.06641
0 0.04883 0.10107 0.08203 0.06152
0 0.81348 0.22803 0.07422 0.06543
0 0.45264 0.67041 0.09277 0.05566
0 0.12549 0.47705 0.10645 0.05762
0 0.36621 0.7334 0.08789 0.0625
0 0.98975 0.16113 0.02051 0.04883
0 0.93018 0.21436 0.0791 0.05566
0 0.20117 0.20947 0.07617 0.0498
0 0.41162 0.19873 0.07715 0.05566
0 0.07373 0.81348 0.11426 0.04688
0 0.14111 0.65479 0.10254 0.03809
0 0.44189 0.37109 0.11426 0.07031
0 0.33447 0.93018 0.08691 0.0498
0 0.04736 0.27734 0.09277 0.04102
0 0.40723 0.61719 0.08789 0.03711
0 0.92725 0.28662 0.08496 0.05762
0 0.75537 0.82275 0.07715 0.04785
0 0.64453 0.03564 0.08203 0.05762
0 0.50439 0.85498 0.10059 0.04785
0 0.33838 0.78906 0.09277 0.05273
0 0.1416 0.90039 0.08203 0.03906
0 0.6665 0.2793 0.11621 0.05078
0 0.88574 0.30322 0.06641 0.04199
0 0.39746 0.9126 0.07617 0.04004
0 0.73633 0.08301 0.10742 0.07422
0 0.8042 0.98486 0.0791 0.02441
0 0.44531 0.31738 0.16406 0.04883
0 0.33936 0.17725 0.10254 0.11035
0 0.87207 0.8667 0.08984 0.03613
0 0.46338 0.89746 0.11426 0.05273
0 0.83057 0.55371 0.06934 0.0293
0 0.76074 0.14502 0.10547 0.08691
0 0.27246 0.8916 0.125 0.04297
0 0.63379 0.53955 0.08008 0.04004
0 0.1167 0.854 0.09082 0.0498
0 0.78613 0.86816 0.07812 0.04883
0 0.82812 0.96387 0.08984 0.0332
0 0.28174 0.86719 0.12402 0.03906
0 0.09961 0.75537 0.11523 0.06152
0 0.03955 0.43311 0.0791 0.04785
0 0.104 0.54248 0.08691 0.03418
0 0.34766 0.67676 0.16016 0.06055
0 0.98242 0.35303 0.03516 0.03418
0 0.72852 0.52344 0.0918 0.03711
0 0.52539 0.57959 0.09961 0.0459
0 0.5415 0.9585 0.06934 0.03809
0 0.28174 0.96973 0.12207 0.04297
0 0.60547 0.71387 0.14062 0.06055
0 0.04688 0.89404 0.09375 0.04199
0 0.51367 0.84033 0.0957 0.05176
0 0.05762 0.6084 0.11328 0.04297
0 0.83643 0.88818 0.08496 0.04785
0 0.03662 0.51416 0.07324 0.04785
0 0.42383 0.28174 0.05859 0.04395
0 0.93066 0.31934 0.07617 0.05078
0 0.75781 0.67139 0.10547 0.03809
0 0.69434 0.90479 0.09961 0.05176
0 0.66992 0.85205 0.05273 0.04199
0 0.01758 0.92627 0.0332 0.02832
0 0.02246 0.5752 0.04492 0.03125
0 0.52637 0.5415 0.11523 0.05762
0 0.54395 0.53369 0.08203 0.06348
0 0.3125 0.18164 0.06836 0.06055
