0 0.4873 0.09375 0.08789 0.08398
0 0.37646 0.12549 0.19434 0.08301
0 0.62061 0.20117 0.08301 0.06641
0 0.41846 0.19287 0.12402 0.0752
0 0.18945 0.2666 0.14453 0.15625
0 0.09033 0.5293 0.1084 0.15625
0 0.229 0.75049 0.09863 0.2041
0 0.65088 0.59717 0.11816 0.07715
0 0.25928 0.96484 0.21191 0.07031
0 0.79199 0.46729 0.07422 0.06543
0 0.45215 0.48291 0.05078 0.07129
0 0.98193 0.38232 0.03613 0.11035
0 0.86279 0.52637 0.0498 0.05859
0 0.83398 0.39844 0.0625 0.06641
0 0.80176 0.30566 0.05664 0.0957
0 0.65576 0.33936 0.08887 0.07715
0 0.68652 0.29932 0.06055 0.05957
0 0.6001 0.3252 0.05762 0.06641
0 0.89941 0.25586 0.14258 0.10352
0 0.96875 0.2627 0.0625 0.08203
0 0.98389 0.19727 0.03223 0.13086
0 0.95996 0.07373 0.08008 0.08887
0 0.87988 0.11328 0.08984 0.08008
0 0.97168 0.0249 0.05664 0.0498
0 0.7627 0.52002 0.05078 0.06934
0 0.94336 0.51367 0.11328 0.13086
0 0.82471 0.73828 0.05957 0.0625
0 0.77881 0.37842 0.07324 0.08691
0 0.04004 0.47314 0.08008 0.09082
0 0.50342 0.64062 0.06543 0.03906
0 0.01514 0.41406 0.03027 0.03711
