0 0.94824 0.66504 0.10352 0.08008
0 0.66553 0.5 0.11426 0.16211
0 0.93799 0.53174 0.1084 0.0752
0 0.88623 0.62549 0.14355 0.06934
0 0.64307 0.84277 0.11035 0.11523
0 0.45947 0.56396 0.11816 0.08496
0 0.40723 0.22021 0.15234 0.08105
0 0.2998 0.97949 0.125 0.04102
0 0.82129 0.94824 0.1543 0.10352
0 0.21826 0.13428 0.19824 0.12988
0 0.26562 0.08643 0.07031 0.1084
0 0.35352 0.07666 0.07422 0.09277
0 0.5 0.18652 0.09375 0.11719
0 0.58496 0.09033 0.10547 0.15527
0 0.72949 0.12109 0.05469 0.09961
0 0.70605 0.14111 0.05664 0.06934
0 0.65723 0.06934 0.07422 0.07227
0 0.75537 0.23584 0.06934 0.0791
0 0.854 0.2876 0.0752 0.0752
0 0.6582 0.30371 0.13672 0.05273
0 0.57959 0.35742 0.06738 0.06055
0 0.41211 0.37891 0.08203 0.06055
0 0.15137 0.25293 0.12891 0.06641
0 0.05469 0.21484 0.09961 0.06445
0 0.10889 0.1709 0.09277 0.07227
0 0.14111 0.14844 0.10059 0.06641
0 0.02979 0.13721 0.05957 0.06348
0 0.7627 0.0376 0.0625 0.0752
0 0.86328 0.08887 0.14844 0.14648
0 0.88281 0.17578 0.07422 0.08203
0 0.96924 0.06299 0.06152 0.05957
0 0.04346 0.39941 0.08691 0.10742
0 0.33008 0.6543 0.07422 0.07031
0 0.4165 0.73047 0.11426 0.08594
0 0.55908 0.65576 0.06738 0.05371
0 0.33594 0.80811 0.13477 0.05957
0 0.24023 0.73633 0.07031 0.05859
0 0.0957 0.63525 0.13086 0.07129
0 0.04736 0.73584 0.09473 0.06348
0 0.33447 0.896 0.08105 0.06152
0 0.45215 0.93408 0.07617 0.06152
0 0.01953 0.91797 0.03711 0.08594
0 0.45166 0.30518 0.09082 0.06543
0 0.36475 0.14502 0.07129 0.06348
0 0.96533 0.58594 0.06738 0.04102
0 0.07471 0.69824 0.08301 0.08594
0 0.15088 0.83203 0.09082 0.17969
0 0.44385 0.9707 0.14551 0.05859
0 0.70166 0.83691 0.13184 0.10742
