0 0.32178 0.53955 0.11035 0.09082
0 0.87451 0.61182 0.18457 0.0752
0 0.23926 0.41846 0.11523 0.09277
0 0.21289 0.54736 0.09766 0.08496
0 0.8457 0.35205 0.125 0.0791
0 0.80713 0.69971 0.12012 0.0752
0 0.91211 0.84961 0.0957 0.09961
0 0.20801 0.04932 0.13281 0.09473
0 0.07568 0.75195 0.09277 0.0957
0 0.67188 0.11328 0.08008 0.06836
0 0.32617 0.75293 0.10742 0.07227
0 0.73438 0.01709 0.08008 0.03418
0 0.33203 0.96875 0.13086 0.0625
0 0.16553 0.62695 0.10254 0.08008
0 0.07666 0.44727 0.0752 0.08984
0 0.1709 0.15332 0.09766 0.08203
0 0.08838 0.3667 0.10254 0.08496
0 0.26953 0.3374 0.125 0.08496
0 0.94971 0.84326 0.10059 0.09277
0 0.3501 0.01318 0.10254 0.02051
