0 0.81445 0.33984 0.08398 0.10547
0 0.76611 0.2251 0.06348 0.06934
0 0.72021 0.14258 0.0752 0.11328
0 0.92676 0.03857 0.05664 0.07715
0 0.95801 0.09766 0.07031 0.10156
0 0.91553 0.17822 0.10059 0.05762
0 0.98145 0.38672 0.03711 0.0957
0 0.4707 0.15576 0.07422 0.11035
0 0.58447 0.15723 0.07324 0.06641
0 0.59277 0.24951 0.05664 0.06348
0 0.57227 0.33936 0.08203 0.08887
0 0.53027 0.47266 0.08203 0.10547
0 0.64453 0.47949 0.07227 0.11914
0 0.71924 0.60498 0.08691 0.0791
0 0.82861 0.51465 0.08691 0.10352
0 0.79443 0.60938 0.07324 0.0957
0 0.7832 0.71143 0.10156 0.0791
0 0.45215 0.5415 0.07422 0.10449
0 0.60986 0.73096 0.07324 0.06152
0 0.31299 0.75049 0.06738 0.09082
0 0.27148 0.78955 0.09375 0.10645
0 0.1792 0.83594 0.04004 0.05078
0 0.19678 0.8457 0.13965 0.08008
0 0.05664 0.80908 0.11328 0.06152
0 0.23584 0.59375 0.12402 0.07227
0 0.29395 0.49951 0.08398 0.11426
0 0.30762 0.31738 0.09961 0.15625
0 0.40479 0.21729 0.09277 0.15723
0 0.32617 0.10254 0.08398 0.0918
0 0.25342 0.10449 0.07715 0.05859
0 0.20947 0.02295 0.12207 0.0459
0 0.10352 0.4082 0.15625 0.10742
0 0.07812 0.55273 0.12109 0.10547
0 0.07861 0.96045 0.15723 0.0791
0 0.47021 0.97363 0.0791 0.05273
0 0.10352 0.229 0.07617 0.07324
0 0.84766 0.11133 0.07812 0.06445
0 0.69287 0.95557 0.06348 0.0459
0 0.79736 0.91943 0.05762 0.07715
0 0.44775 0.05176 0.07715 0.0625
0 0.11914 0.65137 0.03711 0.04688
0 0.38623 0.97314 0.06738 0.05371
0 0.14453 0.02246 0.05469 0.04492
0 0.04688 0.12793 0.06055 0.06055
0 0.28613 0.31104 0.05469 0.15332
0 0.47949 0.46533 0.0918 0.07715
0 0.05859 0.72119 0.0918 0.06738
