0 0.93799 0.28613 0.09277 0.17773
0 0.84473 0.55176 0.08008 0.09961
0 0.94336 0.92822 0.11328 0.12793
0 0.35742 0.32666 0.08594 0.07324
0 0.71826 0.36084 0.09277 0.14746
0 0.14844 0.21582 0.09766 0.13672
0 0.28174 0.96973 0.09473 0.06055
0 0.9248 0.73828 0.15039 0.12305
0 0.71094 0.78564 0.12305 0.09277
0 0.08057 0.93311 0.12207 0.1123
0 0.69678 0.93994 0.12988 0.12012
0 0.08203 0.4624 0.08984 0.13965
0 0.1582 0.39502 0.08789 0.14355
0 0.79248 0.15186 0.08496 0.10059
0 0.84473 0.85498 0.07617 0.08105
0 0.96582 0.49072 0.05273 0.09668
0 0.91846 0.06201 0.08301 0.10059
0 0.7749 0.09424 0.0752 0.12012
0 0.68604 0.17627 0.10059 0.24707
0 0.05078 0.68457 0.09766 0.13477
0 0.8208 0.9585 0.07715 0.07715
0 0.85449 0.39697 0.06055 0.11035
