0 0.15967 0.94434 0.06738 0.07227
0 0.35254 0.89258 0.10156 0.06641
0 0.40918 0.94971 0.06836 0.05957
0 0.35205 0.98682 0.08691 0.02637
0 0.49658 0.97607 0.09473 0.04785
0 0.97168 0.89697 0.05664 0.07129
0 0.85156 0.87451 0.0918 0.10254
0 0.64941 0.83643 0.05664 0.06152
0 0.44287 0.85596 0.05371 0.09277
0 0.51025 0.79688 0.07715 0.06641
0 0.5 0.75098 0.07617 0.04883
0 0.37305 0.69238 0.05664 0.08203
0 0.49219 0.6792 0.12695 0.06543
0 0.1123 0.70215 0.08594 0.11133
0 0.0166 0.55127 0.0332 0.0752
0 0.06152 0.6167 0.05664 0.07715
0 0.12598 0.61279 0.07227 0.07715
0 0.17822 0.6416 0.06934 0.07422
0 0.31006 0.61182 0.10254 0.08301
0 0.22607 0.56104 0.05762 0.09668
0 0.54102 0.60889 0.09375 0.06738
0 0.7124 0.57471 0.06934 0.06934
0 0.79639 0.58984 0.08301 0.06445
0 0.90332 0.58447 0.0625 0.07129
0 0.87646 0.68359 0.06934 0.0625
0 0.63818 0.47949 0.06543 0.08398
0 0.81982 0.45459 0.05957 0.06934
0 0.35059 0.42432 0.0625 0.06152
0 0.20117 0.35449 0.08594 0.10352
0 0.07617 0.41406 0.05469 0.05859
0 0.26758 0.48291 0.0625 0.04395
0 0.46387 0.47412 0.10156 0.08496
0 0.49805 0.5127 0.05469 0.05078
0 0.57324 0.52686 0.08008 0.06543
0 0.53027 0.30957 0.10156 0.12695
0 0.48877 0.23145 0.06543 0.05078
0 0.23682 0.15576 0.08301 0.11035
0 0.04297 0.11523 0.05664 0.05859
0 0.08838 0.16992 0.06348 0.07422
0 0.25391 0.02734 0.09375 0.05273
0 0.37646 0.03418 0.06738 0.06055
0 0.48096 0.0752 0.05566 0.0918
0 0.52588 0.06689 0.0459 0.05566
0 0.62061 0.18701 0.05957 0.05566
0 0.7041 0.19824 0.04688 0.11133
0 0.6792 0.06201 0.10059 0.08691
0 0.87207 0.1167 0.07617 0.05566
0 0.8374 0.21826 0.06348 0.05371
0 0.96777 0.08105 0.0625 0.11133
0 0.90527 0.52637 0.0918 0.07812
0 0.93994 0.04004 0.08496 0.05664
0 0.67676 0.01367 0.03906 0.02734
0 0.52979 0.02832 0.05176 0.0332
0 0.07812 0.01123 0.05664 0.02246
0 0.79102 0.5498 0.05273 0.04102
0 0.65479 0.74414 0.04395 0.04883
0 0.43164 0.99023 0.09375 0.01953
