0 0.31201 0.29688 0.13965 0.08984
0 0.21338 0.13574 0.11816 0.07227
0 0.24316 0.50928 0.20703 0.0752
0 0.63916 0.95703 0.09277 0.08594
0 0.66846 0.38574 0.2627 0.0918
0 0.54492 0.79053 0.17773 0.08691
0 0.09326 0.05566 0.11035 0.0625
0 0.48047 0.67969 0.14258 0.09961
0 0.02539 0.875 0.04883 0.15234
0 0.03906 0.12305 0.07227 0.08008
0 0.48828 0.23486 0.11328 0.08496
0 0.59717 0.18701 0.12988 0.05566
0 0.07422 0.23926 0.14844 0.06445
0 0.52441 0.62061 0.10547 0.08301
0 0.03467 0.28076 0.06934 0.07324
0 0.32568 0.12695 0.11816 0.06445
0 0.26074 0.69775 0.0918 0.12012
0 0.68555 0.55225 0.14258 0.0752
0 0.76709 0.71582 0.15918 0.07227
0 0.52686 0.91602 0.12988 0.08789
0 0.78467 0.76562 0.12988 0.0625
0 0.32471 0.17188 0.11035 0.06055
0 0.05029 0.93408 0.10059 0.12988
0 0.18213 0.91992 0.10059 0.16016
0 0.28076 0.75635 0.15332 0.06152
0 0.71387 0.9502 0.14062 0.09766
0 0.89111 0.96094 0.1377 0.07812
0 0.95166 0.625 0.09668 0.08594
0 0.52441 0.27246 0.09961 0.08008
