0 0.5 0.03613 0.05469 0.05078
0 0.40088 0.20361 0.06543 0.04395
0 0.10205 0.1665 0.06543 0.07324
0 0.15186 0.18506 0.09473 0.04395
0 0.10791 0.23877 0.06152 0.06738
0 0.17969 0.25537 0.04688 0.0498
0 0.11279 0.30762 0.06348 0.08203
0 0.09424 0.37451 0.04395 0.06152
0 0.26221 0.46289 0.06738 0.05859
0 0.36914 0.49854 0.08789 0.08691
0 0.40283 0.29248 0.12012 0.06543
0 0.4873 0.35645 0.11328 0.06641
0 0.56689 0.39893 0.08496 0.07715
0 0.56982 0.33496 0.05176 0.04492
0 0.62256 0.29395 0.1416 0.0625
0 0.59814 0.24756 0.1084 0.05762
0 0.28955 0.27295 0.07129 0.12988
0 0.69287 0.20117 0.0459 0.07617
0 0.76123 0.20166 0.09863 0.06152
0 0.76953 0.24609 0.12891 0.06055
0 0.90137 0.22461 0.08594 0.05859
0 0.95557 0.24072 0.05957 0.05176
0 0.87939 0.15527 0.08887 0.0625
0 0.95508 0.12061 0.05859 0.05762
0 0.97656 0.06299 0.04688 0.06348
0 0.07227 0.96143 0.07812 0.07715
0 0.03174 0.90234 0.04395 0.04883
0 0.17822 0.7168 0.08691 0.05664
0 0.06055 0.72412 0.05859 0.06348
0 0.06689 0.79785 0.06348 0.0625
0 0.16455 0.79883 0.07715 0.05078
0 0.16748 0.8457 0.07324 0.06445
0 0.18018 0.90674 0.06348 0.05371
0 0.25098 0.81641 0.07227 0.05859
0 0.30518 0.8584 0.09863 0.05859
0 0.39404 0.73682 0.05176 0.06348
0 0.48047 0.76611 0.0918 0.0791
0 0.49805 0.68262 0.08984 0.05859
0 0.4375 0.90186 0.06055 0.06152
0 0.57129 0.84424 0.07617 0.08301
0 0.67578 0.96484 0.08398 0.07031
0 0.71924 0.78613 0.11035 0.10547
0 0.79443 0.79053 0.09473 0.06543
0 0.83252 0.83301 0.11621 0.05664
0 0.63477 0.83301 0.06055 0.09766
0 0.91553 0.66113 0.06543 0.07031
0 0.82666 0.64453 0.06543 0.04102
0 0.85938 0.69385 0.0625 0.05176
0 0.93652 0.73584 0.10547 0.07324
0 0.96631 0.65381 0.06738 0.05957
0 0.97021 0.60449 0.05957 0.04883
0 0.55322 0.56006 0.07324 0.05371
0 0.54736 0.59717 0.07324 0.04785
0 0.61572 0.6123 0.06934 0.05273
0 0.69189 0.61084 0.07715 0.05371
0 0.91406 0.0415 0.07031 0.04395
0 0.85449 0.62646 0.10547 0.03809
0 0.34766 0.72217 0.03711 0.03418
0 0.12109 0.95068 0.04102 0.03809
0 0.14844 0.93213 0.04492 0.04395
