0 0.19678 0.95703 0.09082 0.08594
0 0.01855 0.71631 0.03711 0.1123
0 0.0708 0.82275 0.09277 0.08496
0 0.18994 0.77832 0.08887 0.08008
0 0.11426 0.53662 0.0918 0.08105
0 0.24707 0.4458 0.0957 0.09277
0 0.29492 0.29834 0.125 0.12598
0 0.47314 0.34863 0.04004 0.11133
0 0.60205 0.40527 0.08496 0.09375
0 0.44189 0.5293 0.08887 0.10938
0 0.36182 0.60205 0.11035 0.09863
0 0.29346 0.59863 0.09277 0.07422
0 0.30664 0.66113 0.08008 0.06641
0 0.40039 0.69824 0.06055 0.06641
0 0.46777 0.66211 0.09961 0.07031
0 0.62744 0.66504 0.06934 0.08398
0 0.26807 0.74658 0.06348 0.07324
0 0.32422 0.78223 0.06445 0.0625
0 0.34229 0.82861 0.14746 0.06348
0 0.64746 0.89502 0.10156 0.11816
0 0.97852 0.77637 0.04297 0.0625
0 0.92676 0.7959 0.07031 0.06641
0 0.8252 0.7207 0.07227 0.06836
0 0.88379 0.7041 0.05664 0.06055
0 0.83643 0.65674 0.06543 0.05957
0 0.96436 0.60498 0.07129 0.11621
0 0.68945 0.47949 0.06445 0.07422
0 0.77393 0.47705 0.1084 0.1123
0 0.95166 0.45801 0.09668 0.12695
0 0.54297 0.43311 0.08008 0.09863
0 0.62793 0.62646 0.08203 0.05371
0 0.76465 0.65088 0.07031 0.06934
0 0.57568 0.66113 0.06152 0.06836
0 0.98682 0.8623 0.02637 0.05469
0 0.01416 0.96729 0.02832 0.06152
0 0.36572 0.97705 0.05957 0.0459
0 0.4126 0.99121 0.08691 0.01758
0 0.67529 0.98975 0.03809 0.02051
