0 0.04297 0.75488 0.07422 0.10156
0 0.10547 0.76123 0.07617 0.09082
0 0.1084 0.68555 0.07812 0.06836
0 0.18115 0.66064 0.10059 0.06152
0 0.20898 0.75928 0.12695 0.14551
0 0.13477 0.57861 0.12109 0.0791
0 0.1167 0.50977 0.07324 0.07422
0 0.05078 0.52246 0.08398 0.04492
0 0.03613 0.47266 0.05664 0.06836
0 0.11084 0.34766 0.06934 0.06055
0 0.02197 0.41211 0.04395 0.05664
0 0.24463 0.42383 0.06543 0.08398
0 0.33936 0.48828 0.09082 0.06055
0 0.37305 0.70654 0.06836 0.13965
0 0.43652 0.65723 0.07812 0.08984
0 0.43018 0.74902 0.05371 0.05078
0 0.55713 0.70703 0.10059 0.06836
0 0.63086 0.73584 0.08594 0.07324
0 0.60938 0.78369 0.07422 0.08691
0 0.49609 0.84082 0.11328 0.07422
0 0.59717 0.91602 0.09277 0.0957
0 0.48828 0.93311 0.09961 0.06543
0 0.40479 0.96924 0.08301 0.06152
0 0.17676 0.9585 0.10156 0.07715
0 0.08838 0.97656 0.08496 0.04688
0 0.82568 0.87598 0.07129 0.0918
0 0.88428 0.89014 0.07129 0.09082
0 0.93506 0.88086 0.06543 0.08789
0 0.96973 0.92676 0.06055 0.07031
0 0.95703 0.77588 0.08594 0.06738
0 0.85352 0.79053 0.12109 0.06543
0 0.74609 0.79541 0.07422 0.05957
0 0.76123 0.61768 0.07324 0.06543
0 0.94531 0.62354 0.07031 0.08496
0 0.46777 0.44189 0.08008 0.07129
0 0.60254 0.46094 0.12695 0.08008
0 0.5791 0.52686 0.06445 0.06543
0 0.77539 0.4917 0.07031 0.07715
0 0.8252 0.48438 0.07422 0.08789
0 0.89307 0.47119 0.07715 0.05566
0 0.93018 0.52197 0.07715 0.07324
0 0.76172 0.35986 0.0625 0.06543
0 0.97266 0.40967 0.05469 0.07129
0 0.85889 0.26221 0.08105 0.08105
0 0.4707 0.21436 0.07617 0.0791
0 0.34961 0.1626 0.07422 0.0752
0 0.38281 0.11084 0.0625 0.05566
0 0.5752 0.09766 0.08594 0.06836
0 0.69434 0.23926 0.05859 0.06445
0 0.07422 0.08789 0.10938 0.07031
0 0.48975 0.02832 0.08496 0.05664
0 0.56348 0.02783 0.07422 0.05566
0 0.63184 0.03955 0.08203 0.0791
0 0.91016 0.04053 0.07812 0.06543
0 0.94775 0.47949 0.05957 0.05469
0 0.80713 0.96973 0.07129 0.06055
0 0.63086 0.31152 0.05469 0.05469
