0 0.66309 0.67041 0.07031 0.07715
0 0.61084 0.06299 0.05957 0.08691
0 0.33789 0.92383 0.09961 0.08203
0 0.68799 0.06982 0.06934 0.09473
0 0.56201 0.90234 0.09473 0.18555
0 0.17822 0.62354 0.06934 0.10645
0 0.83838 0.39258 0.12793 0.11133
0 0.11084 0.36914 0.08691 0.07227
0 0.74268 0.37939 0.06348 0.09082
0 0.50684 0.75049 0.08594 0.10645
0 0.16895 0.30371 0.12891 0.13867
0 0.26221 0.21484 0.06738 0.11914
0 0.83643 0.96924 0.05762 0.05762
0 0.29883 0.8457 0.0957 0.07031
0 0.72607 0.79541 0.02441 0.09277
0 0.87891 0.59766 0.05469 0.10938
0 0.44727 0.66162 0.03125 0.11035
0 0.50488 0.26221 0.11914 0.07324
0 0.4834 0.57568 0.06641 0.08301
0 0.93018 0.65918 0.04199 0.10742
0 0.12988 0.87988 0.03516 0.10547
0 0.86426 0.34766 0.03711 0.09375
0 0.68799 0.27588 0.08105 0.06934
0 0.79443 0.77637 0.03223 0.0625
0 0.21338 0.03369 0.03809 0.06738
0 0.70508 0.1582 0.02539 0.07227
0 0.49072 0.62012 0.04395 0.07812
0 0.65137 0.12305 0.0293 0.09961
0 0.20557 0.53027 0.04004 0.16797
0 0.92822 0.58691 0.04004 0.09375
0 0.8833 0.9292 0.03223 0.13184
0 0.22363 0.89062 0.12305 0.17188
0 0.9624 0.30811 0.0752 0.07129
0 0.59131 0.35596 0.19043 0.0791
0 0.9209 0.95898 0.02344 0.06836
0 0.75488 0.97559 0.04688 0.04883
0 0.44434 0.02832 0.02734 0.05664
0 0.14746 0.12549 0.11328 0.03809
0 0.84619 0.86475 0.0498 0.05566
0 0.14209 0.14502 0.04199 0.08301
0 0.55469 0.0376 0.0293 0.0752
0 0.18701 0.79492 0.06934 0.03906
0 0.65381 0.92334 0.03809 0.15332
0 0.24658 0.94434 0.07324 0.07812
0 0.90137 0.14648 0.04102 0.05469
0 0.87402 0.68164 0.08008 0.05078
0 0.04492 0.85938 0.06641 0.04297
0 0.74951 0.01367 0.04199 0.02734
0 0.48682 0.5083 0.05762 0.0498
0 0.47607 0.93311 0.08105 0.05566
0 0.56738 0.14795 0.10156 0.21387
0 0.76807 0.09033 0.03027 0.06934
0 0.71191 0.32324 0.17383 0.08398
0 0.09619 0.56738 0.05957 0.05859
0 0.08594 0.24414 0.08398 0.07031
0 0.01465 0.01318 0.0293 0.02637
0 0.05859 0.04688 0.11719 0.06641
