0 0.71924 0.2749 0.05566 0.10254
0 0.82422 0.22607 0.06836 0.09668
0 0.82324 0.62451 0.07617 0.1123
0 0.35254 0.03711 0.0918 0.07422
0 0.72998 0.86768 0.04785 0.08301
0 0.25684 0.95459 0.06445 0.09082
0 0.06006 0.06104 0.11035 0.06152
0 0.87646 0.75684 0.04395 0.09961
0 0.83545 0.06396 0.07129 0.09863
0 0.35205 0.65186 0.06543 0.08105
0 0.59766 0.57275 0.06836 0.08301
0 0.05469 0.47949 0.0918 0.07812
0 0.48193 0.39941 0.06934 0.06641
0 0.53076 0.23877 0.05762 0.12402
0 0.36084 0.31299 0.08496 0.09082
0 0.97852 0.95752 0.04297 0.0791
0 0.65479 0.54102 0.04199 0.09375
0 0.5542 0.65039 0.08887 0.10938
0 0.82764 0.9541 0.0752 0.08594
0 0.23926 0.53418 0.05078 0.11523
0 0.08447 0.20654 0.09863 0.10254
0 0.17773 0.86035 0.08984 0.06641
0 0.95459 0.65234 0.06934 0.0918
0 0.979 0.29346 0.04199 0.09473
0 0.27539 0.10254 0.07227 0.06836
0 0.49951 0.8877 0.05957 0.0957
0 0.83691 0.54346 0.05273 0.06738
0 0.38184 0.41992 0.05859 0.09961
0 0.17627 0.35156 0.09668 0.07422
0 0.16797 0.22949 0.11328 0.11523
0 0.1377 0.86279 0.07031 0.06738
0 0.88477 0.96875 0.07812 0.05078
0 0.56055 0.51025 0.05469 0.09277
0 0.9541 0.35205 0.05273 0.06934
0 0.354 0.89844 0.09863 0.08398
0 0.4375 0.95947 0.07031 0.05566
0 0.9624 0.59668 0.0752 0.04297
0 0.60254 0.39111 0.08008 0.06934
0 0.1377 0.71191 0.05469 0.06836
0 0.91748 0.27734 0.10449 0.12109
0 0.93994 0.73633 0.03223 0.03906
0 0.37646 0.53857 0.04785 0.11035
0 0.1626 0.66992 0.11621 0.11328
0 0.03369 0.42432 0.06738 0.0498
0 0.26416 0.64795 0.06738 0.04395
0 0.67334 0.66553 0.06543 0.0498
0 0.22559 0.66406 0.11133 0.06445
0 0.12354 0.28125 0.07129 0.0918
0 0.66895 0.98291 0.05664 0.03418
0 0.35596 0.83594 0.08887 0.03516
0 0.63477 0.06592 0.04688 0.06934
0 0.57471 0.01758 0.03809 0.03516
0 0.84033 0.72754 0.05176 0.06641
0 0.44531 0.40527 0.07031 0.04688
0 0.18604 0.39014 0.08301 0.0752
0 0.69922 0.6582 0.04297 0.06055
0 0.46045 0.71631 0.06543 0.03613
0 0.12402 0.04443 0.13672 0.08691
0 0.23975 0.74023 0.05176 0.05664
0 0.9292 0.02783 0.04395 0.05566
0 0.49268 0.7002 0.06934 0.0332
0 0.44727 0.01709 0.05469 0.03418
0 0.35449 0.97021 0.08594 0.05957
0 0.71777 0.05713 0.09961 0.11426
0 0.22021 0.98145 0.06348 0.03711
0 0.28467 0.33301 0.0752 0.09961
0 0.79736 0.03564 0.04395 0.07129
0 0.73877 0.07178 0.0752 0.06934
0 0.2085 0.93115 0.05371 0.05371
0 0.95654 0.71631 0.04199 0.05957
