0 0.62598 0.96924 0.08008 0.06152
0 0.55908 0.97559 0.09082 0.04883
0 0.48535 0.97559 0.08984 0.04883
0 0.82178 0.90771 0.0752 0.06738
0 0.96924 0.86035 0.06152 0.07422
0 0.6416 0.8252 0.06836 0.05469
0 0.75439 0.81494 0.14746 0.05957
0 0.7334 0.76172 0.0957 0.08008
0 0.87744 0.7832 0.04785 0.06641
0 0.91846 0.73633 0.16309 0.07227
0 0.69238 0.65625 0.06055 0.08008
0 0.78662 0.6665 0.07129 0.0791
0 0.80518 0.56689 0.08301 0.12012
0 0.99121 0.65771 0.01758 0.06934
0 0.80127 0.45703 0.13965 0.07812
0 0.69775 0.48926 0.07129 0.08203
0 0.5874 0.42139 0.08496 0.05371
0 0.59912 0.50049 0.11035 0.11035
0 0.43164 0.43359 0.13086 0.08789
0 0.40039 0.52539 0.08984 0.14453
0 0.67529 0.32373 0.09277 0.06934
0 0.74658 0.3125 0.08496 0.06445
0 0.90869 0.27295 0.06348 0.0752
0 0.79443 0.2417 0.09863 0.07129
0 0.9502 0.3877 0.09961 0.06055
0 0.98145 0.34277 0.03711 0.07031
0 0.98193 0.20654 0.03613 0.07715
0 0.98096 0.10645 0.03809 0.05469
0 0.85547 0.1167 0.17383 0.07129
0 0.83496 0.05029 0.06445 0.07715
0 0.48682 0.03369 0.08301 0.06738
0 0.31201 0.14893 0.08301 0.07129
0 0.21826 0.22168 0.06934 0.07227
0 0.29248 0.25146 0.07129 0.06934
0 0.39697 0.00879 0.09277 0.01758
0 0.41357 0.04492 0.06348 0.05469
0 0.23926 0.02832 0.11328 0.05664
0 0.02441 0.15967 0.04883 0.09863
0 0.10303 0.36426 0.07129 0.06641
0 0.03711 0.36816 0.07422 0.09766
0 0.17676 0.49512 0.08008 0.0918
0 0.08643 0.59326 0.09082 0.15723
0 0.10156 0.83008 0.08789 0.08789
0 0.10596 0.7334 0.08887 0.06445
0 0.16895 0.74512 0.05664 0.08789
0 0.3252 0.91406 0.07617 0.0625
0 0.88281 0.50537 0.06836 0.08887
0 0.86035 0.77295 0.04492 0.07129
0 0.05664 0.88232 0.09766 0.06738
0 0.10791 0.51709 0.04785 0.05762
0 0.34033 0.55518 0.06934 0.09277
0 0.51172 0.43506 0.04102 0.07129
0 0.03467 0.14111 0.05957 0.09082
0 0.87207 0.01172 0.07422 0.02344
0 0.84863 0.48633 0.07812 0.0625
