0 0.32812 0.44873 0.05664 0.09277
0 0.61768 0.41309 0.0791 0.06445
0 0.5791 0.19629 0.09766 0.05273
0 0.75635 0.35742 0.06543 0.08203
0 0.19873 0.05029 0.08691 0.05371
0 0.09521 0.39209 0.08496 0.04395
0 0.53809 0.08594 0.07422 0.04492
0 0.35107 0.36035 0.11621 0.07617
0 0.68945 0.41162 0.06836 0.04785
0 0.12354 0.22021 0.08887 0.04395
0 0.5791 0.64014 0.10938 0.05566
0 0.97168 0.47998 0.05273 0.05762
0 0.93945 0.18701 0.07422 0.05957
0 0.46338 0.40967 0.06152 0.06543
0 0.91553 0.62598 0.05957 0.05469
0 0.96875 0.55176 0.05859 0.05078
0 0.86816 0.74561 0.07812 0.0459
0 0.73633 0.53125 0.08398 0.04492
0 0.07812 0.13379 0.09375 0.05078
0 0.17236 0.54492 0.08887 0.05078
0 0.63135 0.98193 0.0752 0.03223
0 0.68945 0.87109 0.09766 0.04102
0 0.20801 0.8667 0.10547 0.03809
0 0.01709 0.72949 0.03418 0.03516
0 0.02197 0.56494 0.04395 0.02441
0 0.0625 0.76953 0.09766 0.08203
0 0.59277 0.80566 0.09375 0.03906
0 0.48145 0.27979 0.08398 0.04004
0 0.00977 0.91211 0.01953 0.03906
0 0.02832 0.48193 0.05469 0.04004
0 0.34277 0.9668 0.09766 0.05664
0 0.94385 0.68262 0.06152 0.04883
0 0.25391 0.5249 0.10156 0.02441
0 0.56006 0.84375 0.06543 0.03711
0 0.53711 0.43652 0.06641 0.07227
0 0.28418 0.57715 0.08203 0.03711
0 0.37695 0.86963 0.11133 0.02832
0 0.35059 0.71338 0.08398 0.03027
0 0.18311 0.48584 0.07324 0.04395
0 0.65283 0.52344 0.09668 0.03711
0 0.11279 0.54932 0.11035 0.05957
0 0.00977 0.49121 0.01953 0.02148
0 0.69629 0.13135 0.07617 0.02637
0 0.06543 0.43652 0.07617 0.0293
0 0.40674 0.47461 0.05176 0.0332
0 0.55811 0.74365 0.1123 0.0459
0 0.41016 0.95801 0.08008 0.0293
0 0.34131 0.90234 0.0791 0.02148
0 0.65234 0.01221 0.08984 0.02246
0 0.67676 0.57715 0.02734 0.08008
0 0.56787 0.89014 0.08105 0.03418
0 0.2583 0.80078 0.06934 0.03711
0 0.84692 0.45557 0.09307 0.04688
0 0.4541 0.54199 0.06055 0.03516
0 0.89648 0.84033 0.04102 0.05176
0 0.92871 0.93848 0.08203 0.02539
0 0.67676 0.94434 0.05859 0.01953
0 0.8501 0.8584 0.08887 0.03906
0 0.77686 0.80518 0.06738 0.03809
0 0.69287 0.32324 0.05566 0.04297
0 0.62842 0.479 0.08887 0.02832
0 0.32812 0.18604 0.0957 0.09863
