0 0.2002 0.49707 0.11719 0.16016
0 0.58057 0.3501 0.15137 0.10059
0 0.2666 0.22314 0.12109 0.14551
0 0.78174 0.09961 0.1748 0.09375
0 0.81982 0.51074 0.20605 0.15039
0 0.59375 0.67334 0.09961 0.13379
0 0.5415 0.76807 0.1084 0.09863
0 0.28516 0.82861 0.11719 0.11816
0 0.07422 0.80322 0.13477 0.17676
0 0.17773 0.0708 0.13867 0.07324
0 0.11865 0.15137 0.09668 0.10352
0 0.36914 0.48242 0.10156 0.06445
0 0.43311 0.56348 0.10254 0.07812
0 0.19873 0.81641 0.07324 0.07812
0 0.31641 0.91943 0.08984 0.08691
0 0.76514 0.8208 0.0752 0.07715
0 0.78174 0.86768 0.07129 0.05957
0 0.83936 0.94287 0.07715 0.06152
0 0.82275 0.65234 0.09863 0.08398
0 0.66504 0.61475 0.07812 0.05957
0 0.70312 0.44629 0.06641 0.08594
0 0.93311 0.47656 0.13379 0.14258
0 0.60938 0.23047 0.11133 0.06836
0 0.58887 0.10059 0.13086 0.08203
0 0.37842 0.021 0.15137 0.04199
0 0.97852 0.38867 0.04297 0.07227
0 0.85742 0.27832 0.11914 0.07812
0 0.80811 0.23145 0.1377 0.06836
0 0.97266 0.11133 0.05469 0.0625
0 0.45947 0.82812 0.07129 0.06055
0 0.63135 0.98193 0.0752 0.03613
