0 0.04297 0.31543 0.05664 0.09375
0 0.5459 0.90967 0.05469 0.09473
0 0.19141 0.25439 0.04297 0.07715
0 0.4751 0.30273 0.05957 0.09766
0 0.56641 0.31201 0.06445 0.08105
0 0.7417 0.04297 0.03809 0.08594
0 0.22852 0.91211 0.05469 0.08984
0 0.02686 0.38818 0.05371 0.08887
0 0.11865 0.31055 0.03809 0.08789
0 0.76416 0.88135 0.07129 0.08887
0 0.29541 0.3623 0.06348 0.08594
0 0.64355 0.03223 0.03711 0.06445
0 0.12744 0.70361 0.06348 0.0752
0 0.82227 0.04443 0.03516 0.08691
0 0.65723 0.78662 0.04883 0.1084
0 0.44238 0.14941 0.05078 0.12109
0 0.30225 0.03271 0.03613 0.06543
0 0.92188 0.03809 0.0332 0.07227
0 0.25244 0.34277 0.05957 0.07812
0 0.42139 0.02979 0.04199 0.05957
0 0.32568 0.82178 0.04395 0.09668
0 0.37598 0.03809 0.04102 0.07422
0 0.03369 0.10742 0.06543 0.05859
0 0.53369 0.50293 0.04199 0.09961
0 0.50195 0.03711 0.05469 0.07227
0 0.73438 0.3125 0.05469 0.05859
0 0.47217 0.11621 0.0498 0.07812
0 0.27588 0.12842 0.04785 0.06543
0 0.87451 0.19482 0.04395 0.06543
0 0.43555 0.58008 0.04297 0.0625
0 0.14355 0.95166 0.05859 0.06152
0 0.04199 0.4585 0.07227 0.04395
0 0.42432 0.97559 0.03027 0.04883
0 0.7168 0.32959 0.04492 0.0752
0 0.35986 0.32715 0.05176 0.06836
0 0.58203 0.97412 0.05273 0.04785
0 0.94678 0.91699 0.02832 0.08008
0 0.14941 0.63623 0.05664 0.05176
0 0.93799 0.81396 0.03223 0.05371
0 0.90381 0.43311 0.04395 0.06152
0 0.67139 0.52832 0.06152 0.05469
0 0.2793 0.42139 0.02539 0.07129
0 0.32764 0.94238 0.03223 0.08398
0 0.21289 0.94824 0.04297 0.0625
0 0.91064 0.9751 0.03027 0.0498
0 0.72461 0.51807 0.03711 0.05371
0 0.68945 0.85498 0.05664 0.03809
0 0.12402 0.19141 0.03906 0.05664
0 0.50879 0.3999 0.05664 0.06543
0 0.4292 0.62451 0.06543 0.05176
0 0.18213 0.1748 0.06152 0.04688
0 0.41699 0.53125 0.05273 0.03711
0 0.92188 0.14404 0.04688 0.05762
0 0.39258 0.48291 0.08398 0.0459
0 0.70068 0.70508 0.04199 0.11719
0 0.0791 0.73877 0.05469 0.02832
0 0.18213 0.90137 0.04004 0.06836
0 0.97949 0.65283 0.02734 0.07715
0 0.92383 0.41992 0.02539 0.07031
0 0.60693 0.15332 0.0498 0.04883
0 0.72607 0.97021 0.03809 0.03809
0 0.85889 0.48682 0.02832 0.05957
0 0.98096 0.62109 0.03809 0.0957
0 0.94141 0.72656 0.06055 0.03516
0 0.82373 0.69775 0.04004 0.05176
0 0.86914 0.58252 0.03711 0.05176
0 0.2959 0.87012 0.03711 0.03906
0 0.42236 0.37988 0.04004 0.06836
0 0.479 0.79004 0.04395 0.06641
0 0.20361 0.98145 0.0459 0.0332
0 0.18555 0.78467 0.07031 0.04785
0 0.85156 0.84277 0.04102 0.04102
0 0.9126 0.85303 0.04395 0.05566
0 0.83252 0.50977 0.04395 0.07617
0 0.54346 0.84814 0.05762 0.0498
