0 0.46582 0.86865 0.13281 0.06738
0 0.24951 0.91064 0.11035 0.07715
0 0.65674 0.60205 0.2002 0.13965
0 0.86328 0.86328 0.13672 0.06836
0 0.61963 0.86572 0.06543 0.09668
0 0.21973 0.02734 0.18945 0.05469
0 0.04834 0.70752 0.09668 0.09668
0 0.48975 0.51709 0.16504 0.0752
0 0.85303 0.3418 0.07715 0.10547
0 0.48291 0.73584 0.14746 0.12207
0 0.87549 0.04492 0.20215 0.08984
0 0.35596 0.80566 0.08691 0.23242
0 0.03662 0.02588 0.07324 0.0459
0 0.2959 0.67822 0.11719 0.07715
0 0.80029 0.95947 0.09473 0.08105
0 0.29541 0.61816 0.10254 0.07812
0 0.58203 0.4668 0.07422 0.09961
0 0.51953 0.58447 0.08008 0.06543
0 0.42383 0.07178 0.16016 0.08496
0 0.68848 0.07568 0.10742 0.12207
0 0.60693 0.20996 0.0752 0.08008
0 0.63818 0.1709 0.05762 0.07812
0 0.74219 0.47217 0.14453 0.18066
0 0.78564 0.14844 0.11816 0.09766
0 0.34814 0.27441 0.12793 0.10547
0 0.66699 0.04346 0.19922 0.08691
0 0.04688 0.14014 0.0918 0.28027
0 0.04248 0.29199 0.08496 0.18555
0 0.89453 0.93457 0.10938 0.06055
0 0.38232 0.3418 0.15527 0.09961
0 0.12305 0.40283 0.13281 0.10254
0 0.08496 0.34229 0.16992 0.12012
0 0.23438 0.74854 0.10547 0.09277
0 0.94336 0.12012 0.11328 0.09961
0 0.70557 0.31494 0.27246 0.19043
0 0.16309 0.42822 0.0625 0.05176
0 0.04443 0.92578 0.08887 0.14453
0 0.47559 0.27539 0.30078 0.26172
0 0.82471 0.73828 0.06543 0.17773
0 0.06689 0.88721 0.13379 0.08496
0 0.82812 0.43311 0.16211 0.21777
0 0.93994 0.2959 0.12012 0.16016
0 0.94092 0.76074 0.11816 0.07227
0 0.07275 0.90723 0.14551 0.18555
0 0.88184 0.74707 0.06055 0.16016
0 0.96777 0.50488 0.06445 0.20508
0 0.36084 0.2583 0.13184 0.11816
0 0.10303 0.87061 0.14551 0.25879
0 0.11523 0.30957 0.05273 0.06055
0 0.29443 0.06396 0.06934 0.12793
0 0.33691 0.65576 0.05469 0.06738
0 0.271 0.88672 0.05762 0.03516
0 0.96875 0.91211 0.0625 0.05469
0 0.8208 0.62451 0.08301 0.0459
0 0.67432 0.48096 0.25488 0.04785
0 0.74463 0.45801 0.19043 0.13281
0 0.70312 0.6543 0.07227 0.125
0 0.56201 0.45703 0.19434 0.04492
0 0.62354 0.41846 0.06738 0.04785
0 0.55176 0.05615 0.24023 0.1123
0 0.72559 0.07764 0.0625 0.04199
0 0.84717 0.17578 0.11621 0.07031
0 0.33496 0.14502 0.10938 0.09668
