0 0.97852 0.19727 0.04297 0.07031
0 0.97949 0.30566 0.04102 0.05859
0 0.89453 0.53662 0.07031 0.05762
0 0.92822 0.46729 0.05371 0.05176
0 0.91748 0.24219 0.08887 0.08789
0 0.87012 0.02148 0.07031 0.04102
0 0.38281 0.31494 0.04297 0.05762
0 0.63867 0.26025 0.07422 0.08301
0 0.58105 0.23877 0.08008 0.09863
0 0.72119 0.32031 0.06934 0.11133
0 0.73877 0.26758 0.06348 0.05469
0 0.8916 0.67285 0.06836 0.05469
0 0.83789 0.67236 0.04688 0.05371
0 0.81445 0.72266 0.05078 0.04492
0 0.70898 0.66406 0.0625 0.05273
0 0.60205 0.73584 0.07129 0.07715
0 0.68164 0.86133 0.09375 0.08008
0 0.75293 0.93555 0.05469 0.06445
0 0.97998 0.84814 0.04004 0.0498
0 0.98047 0.81445 0.03906 0.04297
0 0.96387 0.75146 0.07227 0.05762
0 0.83105 0.77783 0.08008 0.09863
0 0.77246 0.8335 0.05469 0.05957
0 0.81982 0.94043 0.05176 0.05859
0 0.77393 0.9707 0.03613 0.05859
0 0.62988 0.94141 0.0957 0.08789
0 0.64014 0.97852 0.07324 0.04297
0 0.53223 0.95605 0.08008 0.08789
0 0.42139 0.94238 0.08496 0.06836
0 0.45508 0.85107 0.06641 0.06152
0 0.06494 0.91748 0.08105 0.05176
0 0.09424 0.84082 0.11035 0.05469
0 0.0415 0.75977 0.05957 0.05469
0 0.27441 0.8877 0.05859 0.04688
0 0.28369 0.7251 0.07324 0.06934
0 0.22705 0.6875 0.06934 0.06445
0 0.20947 0.64014 0.08887 0.07129
0 0.10107 0.55225 0.08887 0.05371
0 0.25146 0.48535 0.08887 0.03711
0 0.15967 0.47461 0.09473 0.06445
0 0.46436 0.46875 0.09863 0.05273
0 0.44092 0.39941 0.08105 0.0332
0 0.35889 0.52637 0.0498 0.0625
0 0.24902 0.33643 0.0918 0.09082
0 0.09521 0.35986 0.1377 0.05566
0 0.19873 0.4165 0.11426 0.04785
0 0.28711 0.40625 0.06641 0.0625
0 0.22803 0.14355 0.13574 0.07812
0 0.17432 0.16162 0.08691 0.0752
0 0.05176 0.22363 0.07617 0.14258
0 0.07959 0.10352 0.06152 0.05078
0 0.04492 0.03955 0.07031 0.0498
0 0.20654 0.01465 0.08301 0.0293
0 0.78271 0.4126 0.06738 0.05762
0 0.28613 0.0249 0.05664 0.0498
0 0.19385 0.09375 0.06934 0.05469
0 0.60254 0.39453 0.04297 0.04297
0 0.70312 0.0166 0.05078 0.0332
0 0.40039 0.08545 0.0293 0.03027
0 0.94775 0.38867 0.05957 0.08008
0 0.99023 0.375 0.01953 0.04492
0 0.77734 0.3501 0.07227 0.06543
0 0.41846 0.36816 0.03223 0.04297
0 0.35254 0.4375 0.03516 0.05469
0 0.35156 0.45068 0.10156 0.04395
0 0.38574 0.4043 0.03906 0.06641
0 0.94531 0.80566 0.03906 0.04297
0 0.10107 0.95166 0.10449 0.04199
0 0.03076 0.87646 0.06152 0.04004
0 0.01416 0.90625 0.02832 0.05273
0 0.83789 0.4541 0.0293 0.03516
0 0.79932 0.45703 0.0459 0.04492
0 0.8125 0.86768 0.04102 0.0459
