0 0.42529 0.06348 0.13574 0.05078
0 0.54053 0.2417 0.12207 0.14355
0 0.9707 0.2417 0.05664 0.04004
0 0.9292 0.30615 0.09863 0.12793
0 0.0957 0.72559 0.10156 0.06641
0 0.54443 0.125 0.09863 0.11328
0 0.70752 0.89111 0.10059 0.11426
0 0.68994 0.96533 0.16309 0.06934
0 0.75342 0.64502 0.05957 0.07324
0 0.03027 0.64795 0.06055 0.06152
0 0.28369 0.55273 0.12598 0.11328
0 0.95703 0.82129 0.08594 0.08398
0 0.54248 0.01953 0.09082 0.03906
0 0.19385 0.55566 0.06348 0.0625
0 0.57617 0.85889 0.14258 0.13574
0 0.09521 0.46924 0.06348 0.1709
0 0.0498 0.03711 0.09961 0.07422
0 0.43799 0.58691 0.07324 0.11328
0 0.9834 0.37598 0.0332 0.12695
0 0.979 0.78467 0.04199 0.06152
0 0.44287 0.11963 0.12793 0.12207
0 0.98877 0.63037 0.02051 0.12793
0 0.16113 0.23047 0.06836 0.10352
0 0.83154 0.62793 0.08301 0.13086
0 0.90283 0.88818 0.05566 0.05762
0 0.39844 0.4375 0.07617 0.10742
0 0.09277 0.62549 0.08008 0.05957
0 0.05176 0.64062 0.06641 0.05859
0 0.11328 0.51807 0.04102 0.1123
0 0.82617 0.96631 0.06445 0.05957
0 0.91699 0.95605 0.08789 0.04102
0 0.94385 0.97754 0.05762 0.04492
0 0.93213 0.94385 0.08691 0.0498
0 0.9707 0.91992 0.05664 0.05469
0 0.98047 0.74268 0.03906 0.04199
0 0.70947 0.68555 0.09668 0.07227
0 0.18359 0.40234 0.0918 0.11328
0 0.07715 0.33203 0.06055 0.0957
0 0.03857 0.23779 0.07715 0.09863
0 0.02197 0.19434 0.04395 0.05664
0 0.15234 0.14893 0.07422 0.08691
0 0.36523 0.33203 0.07812 0.07617
0 0.77881 0.51123 0.09277 0.09668
0 0.86816 0.37744 0.23047 0.12012
0 0.854 0.39893 0.05566 0.11816
0 0.86572 0.5127 0.04395 0.06055
0 0.59717 0.36328 0.19629 0.07031
0 0.60742 0.35303 0.18945 0.05762
0 0.47607 0.53516 0.10449 0.18164
0 0.52686 0.49658 0.12012 0.13184
0 0.31787 0.47852 0.0752 0.125
0 0.26514 0.43896 0.0752 0.08496
0 0.56982 0.47998 0.10059 0.14746
0 0.6123 0.49072 0.09766 0.1377
0 0.79297 0.47607 0.05859 0.05176
