0 0.26318 0.03076 0.06738 0.06152
0 0.09814 0.07471 0.06934 0.05957
0 0.12939 0.12842 0.06348 0.06934
0 0.32617 0.125 0.08594 0.10352
0 0.32031 0.03809 0.05664 0.07617
0 0.4541 0.19727 0.07812 0.0918
0 0.55078 0.10156 0.08398 0.0918
0 0.5459 0.1709 0.06641 0.06055
0 0.05176 0.37695 0.07812 0.08008
0 0.23584 0.31006 0.11035 0.07715
0 0.43213 0.3335 0.08105 0.1123
0 0.34863 0.31494 0.10156 0.11035
0 0.31738 0.36377 0.04688 0.08691
0 0.46387 0.46924 0.07422 0.1123
0 0.54541 0.4292 0.07324 0.08496
0 0.53369 0.34717 0.0459 0.08691
0 0.21973 0.61426 0.08008 0.07812
0 0.06348 0.66211 0.07617 0.08008
0 0.22412 0.70654 0.09473 0.12793
0 0.04492 0.875 0.06836 0.0918
0 0.23779 0.8999 0.09082 0.08301
0 0.71484 0.90332 0.10938 0.10352
0 0.49902 0.93994 0.09766 0.09277
0 0.39551 0.96729 0.09375 0.06543
0 0.39697 0.88379 0.09277 0.09961
0 0.65088 0.80713 0.10449 0.06934
0 0.70068 0.73047 0.06934 0.07227
0 0.92236 0.72949 0.07129 0.07617
0 0.85889 0.85889 0.07324 0.06934
0 0.9126 0.81689 0.09668 0.05371
0 0.91113 0.92334 0.06445 0.07129
0 0.93262 0.86914 0.07422 0.04883
0 0.70361 0.56787 0.04785 0.07129
0 0.85596 0.47119 0.12402 0.05176
0 0.72559 0.46094 0.0957 0.0625
0 0.71582 0.40088 0.14648 0.08301
0 0.83154 0.38477 0.0791 0.10352
0 0.66602 0.06543 0.07812 0.13086
0 0.83936 0.01807 0.06152 0.03613
0 0.96094 0.26611 0.07812 0.10254
0 0.38965 0.70361 0.07422 0.07129
0 0.04834 0.70947 0.07715 0.08691
0 0.76465 0.5708 0.05469 0.05566
0 0.64258 0.77539 0.06445 0.08398
0 0.10938 0.85352 0.06445 0.0625
0 0.02881 0.97363 0.05762 0.05273
0 0.75586 0.3584 0.06641 0.05273
0 0.49805 0.02393 0.05469 0.04785
