0 0.29492 0.72949 0.05664 0.09961
0 0.93408 0.23828 0.05566 0.09375
0 0.2334 0.60742 0.07617 0.06055
0 0.56982 0.47021 0.06152 0.0752
0 0.48486 0.32324 0.08301 0.07617
0 0.59375 0.40723 0.07031 0.0957
0 0.42383 0.74414 0.08008 0.14062
0 0.6665 0.82275 0.04785 0.11035
0 0.2915 0.45947 0.09277 0.12207
0 0.74268 0.4165 0.05762 0.06934
0 0.15967 0.40381 0.06934 0.06543
0 0.56689 0.55957 0.10059 0.08594
0 0.72168 0.24072 0.06055 0.06348
0 0.69189 0.57666 0.06934 0.06348
0 0.41016 0.15479 0.08008 0.06738
0 0.68359 0.49268 0.08203 0.1123
0 0.47998 0.46973 0.08105 0.07812
0 0.67676 0.77686 0.05273 0.08301
0 0.89648 0.15625 0.12109 0.05273
0 0.37988 0.16553 0.07617 0.08105
0 0.01221 0.75635 0.02441 0.06738
0 0.86621 0.34082 0.05859 0.05664
0 0.7041 0.11719 0.08594 0.04102
0 0.81738 0.13232 0.06836 0.10059
0 0.58691 0.02979 0.05469 0.05957
0 0.18994 0.48877 0.09473 0.10059
0 0.81055 0.03711 0.0625 0.04297
0 0.00928 0.68506 0.01855 0.05371
0 0.6875 0.91016 0.14648 0.06055
0 0.54639 0.83496 0.04785 0.12109
0 0.56982 0.9624 0.15918 0.06738
0 0.02539 0.49072 0.05078 0.0498
0 0.28711 0.53662 0.07617 0.03418
0 0.21729 0.36279 0.08691 0.10059
0 0.23486 0.18066 0.03809 0.03711
0 0.89453 0.30371 0.04102 0.05078
0 0.24756 0.57715 0.04004 0.05469
0 0.47168 0.88086 0.08008 0.05664
0 0.66064 0.01855 0.04004 0.03711
0 0.37646 0.93799 0.03613 0.03418
0 0.54346 0.50586 0.0498 0.0332
0 0.66846 0.41455 0.03613 0.09082
0 0.90234 0.85303 0.06641 0.07324
0 0.04834 0.71436 0.03809 0.03223
0 0.53662 0.979 0.07715 0.03809
0 0.53906 0.26221 0.06836 0.03809
0 0.01758 0.25 0.03516 0.13281
0 0.06299 0.17334 0.12598 0.05957
0 0.0249 0.28418 0.0498 0.09961
0 0.95312 0.5332 0.02539 0.09375
0 0.05713 0.99219 0.10059 0.01562
0 0.96582 0.70801 0.05664 0.06836
0 0.979 0.625 0.04199 0.04492
0 0.92627 0.52148 0.04199 0.09961
0 0.84375 0.81201 0.08203 0.0791
