0 0.37061 0.40137 0.09082 0.0625
0 0.95166 0.21777 0.04785 0.08398
0 0.93994 0.15381 0.05957 0.07715
0 0.42334 0.26904 0.05566 0.11426
0 0.88184 0.60791 0.06641 0.05957
0 0.12402 0.62061 0.125 0.0791
0 0.82617 0.50977 0.14648 0.06836
0 0.56104 0.34814 0.08496 0.06738
0 0.55762 0.41016 0.08203 0.07227
0 0.55811 0.979 0.07129 0.04199
0 0.5293 0.59863 0.09766 0.12695
0 0.24951 0.96387 0.0791 0.05859
0 0.57129 0.88184 0.03711 0.0918
0 0.9707 0.78662 0.04883 0.05957
0 0.02393 0.79688 0.04785 0.04492
0 0.521 0.4668 0.11035 0.07617
0 0.19434 0.69189 0.07227 0.04004
0 0.44141 0.18604 0.02734 0.09863
0 0.15771 0.97021 0.03027 0.04785
0 0.32373 0.62451 0.08301 0.12012
0 0.04395 0.04004 0.05469 0.07031
0 0.00586 0.97412 0.01172 0.0459
0 0.87354 0.67871 0.05176 0.0332
0 0.26953 0.18701 0.04492 0.16895
0 0.12305 0.86816 0.1543 0.0625
0 0.12793 0.33789 0.05469 0.05859
0 0.92676 0.94092 0.06836 0.03809
0 0.22949 0.01123 0.04688 0.02246
0 0.63428 0.91016 0.06152 0.05273
0 0.2124 0.56152 0.1084 0.06055
0 0.02295 0.35889 0.0459 0.0459
0 0.42432 0.77344 0.08105 0.03125
0 0.90576 0.34814 0.03613 0.0459
0 0.92969 0.45752 0.04883 0.09277
0 0.25098 0.88721 0.12891 0.09473
0 0.29199 0.94629 0.08398 0.10352
0 0.32617 0.0083 0.07422 0.0166
0 0.4707 0.20215 0.0625 0.07227
0 0.22363 0.07568 0.06445 0.03418
0 0.31299 0.4668 0.12988 0.04883
0 0.86821 0.44878 0.06611 0.04307
0 0.57031 0.78467 0.0957 0.0459
0 0.27295 0.63135 0.07129 0.0459
0 0.63232 0.27246 0.0498 0.06836
0 0.01562 0.95117 0.03125 0.01758
0 0.43408 0.35498 0.06738 0.10449
0 0.15381 0.72412 0.07715 0.02051
0 0.03418 0.74414 0.04883 0.02539
0 0.07129 0.2832 0.11328 0.05859
0 0.35645 0.77588 0.07617 0.0498
0 0.34521 0.70166 0.06152 0.02051
0 0.51514 0.35693 0.03027 0.06152
0 0.78564 0.75732 0.04395 0.02246
0 0.62109 0.32861 0.12305 0.05176
0 0.50098 0.6377 0.05859 0.10742
0 0.68896 0.06348 0.0459 0.05859
0 0.89258 0.41797 0.06055 0.03906
0 0.25977 0.54004 0.06641 0.05469
0 0.77832 0.89551 0.04492 0.03906
0 0.38428 0.37646 0.03027 0.06543
0 0.48486 0.30176 0.04785 0.05469
0 0.76807 0.69287 0.03613 0.04785
0 0.98389 0.09082 0.02832 0.0625
0 0.67236 0.61133 0.11816 0.07227
0 0.34131 0.72949 0.16504 0.06445
0 0.29785 0.77148 0.07031 0.03906
0 0.34033 0.03955 0.0498 0.03613
0 0.98682 0.29932 0.02637 0.06934
0 0.69092 0.29053 0.06543 0.06934
0 0.02295 0.48047 0.04004 0.06641
0 0.53516 0.91748 0.05664 0.0752
0 0.57129 0.28174 0.11914 0.0752
0 0.53613 0.23633 0.05859 0.04883
0 0.12354 0.26953 0.1123 0.04883
