0 0.15967 0.11816 0.07129 0.12109
0 0.05176 0.05615 0.08984 0.09277
0 0.08594 0.02051 0.05273 0.04102
0 0.3623 0.02832 0.09961 0.05664
0 0.77344 0.021 0.09375 0.04199
0 0.76562 0.13477 0.07227 0.07227
0 0.56543 0.11963 0.07812 0.05957
0 0.52734 0.17383 0.06836 0.05859
0 0.30762 0.16455 0.06055 0.05176
0 0.37158 0.21826 0.11621 0.0752
0 0.74072 0.2666 0.1084 0.07422
0 0.84082 0.31396 0.11523 0.1084
0 0.96924 0.21875 0.06152 0.06055
0 0.84912 0.2251 0.06934 0.06543
0 0.94141 0.03076 0.05664 0.06152
0 0.58789 0.33008 0.05469 0.05469
0 0.7041 0.3335 0.08789 0.06738
0 0.7749 0.39551 0.0752 0.04492
0 0.80322 0.47949 0.06934 0.08398
0 0.48975 0.55322 0.06934 0.09473
0 0.67969 0.73145 0.0625 0.11133
0 0.79834 0.65771 0.11816 0.0752
0 0.91016 0.62646 0.10352 0.08105
0 0.83545 0.74805 0.10059 0.07227
0 0.82471 0.875 0.1377 0.07422
0 0.62549 0.92773 0.08496 0.09961
0 0.30713 0.86963 0.16504 0.12598
0 0.23975 0.84424 0.09863 0.06348
0 0.16797 0.75879 0.10156 0.07812
0 0.33447 0.71924 0.12402 0.07324
0 0.29785 0.75293 0.07617 0.05273
0 0.44336 0.65723 0.11914 0.08398
0 0.09668 0.57031 0.10742 0.06836
0 0.07324 0.45117 0.05859 0.05078
0 0.03369 0.93945 0.05566 0.05273
0 0.16992 0.9248 0.07617 0.0625
0 0.0835 0.25732 0.08105 0.11426
0 0.08936 0.35498 0.10645 0.08301
0 0.22412 0.19922 0.09082 0.08008
0 0.58398 0.2251 0.08398 0.05957
0 0.71289 0.7417 0.10352 0.03809
0 0.63965 0.87842 0.0625 0.0498
