0 0.13477 0.30518 0.09375 0.05371
0 0.14502 0.354 0.08887 0.08887
0 0.22705 0.40088 0.06543 0.06543
0 0.12207 0.43896 0.0957 0.07715
0 0.06982 0.42188 0.07715 0.05859
0 0.12939 0.49463 0.0791 0.07129
0 0.07812 0.52246 0.06055 0.05859
0 0.0459 0.48975 0.08789 0.0752
0 0.28174 0.44727 0.06934 0.05859
0 0.38623 0.43311 0.09277 0.08887
0 0.39551 0.30469 0.11133 0.10742
0 0.12646 0.58447 0.07324 0.0752
0 0.229 0.59619 0.1416 0.06738
0 0.11865 0.78906 0.07129 0.08984
0 0.23975 0.88818 0.09668 0.06348
0 0.16016 0.93506 0.10547 0.05957
0 0.33838 0.98145 0.06152 0.03711
0 0.84961 0.88672 0.08594 0.08594
0 0.75586 0.85596 0.07617 0.10059
0 0.96484 0.81592 0.06836 0.12012
0 0.73926 0.68066 0.07422 0.06445
0 0.80029 0.64648 0.05371 0.07031
0 0.82764 0.57178 0.08301 0.05762
0 0.40869 0.77051 0.08887 0.08008
0 0.47852 0.53174 0.07422 0.06543
0 0.47168 0.46729 0.07422 0.06934
0 0.54541 0.4873 0.05957 0.06445
0 0.59375 0.56787 0.10547 0.06348
0 0.68848 0.51807 0.07422 0.0791
0 0.72119 0.4668 0.10254 0.05664
0 0.86572 0.49316 0.08496 0.06836
0 0.89844 0.36182 0.07422 0.09473
0 0.72021 0.32568 0.08887 0.14551
0 0.57422 0.28906 0.0918 0.0918
0 0.97754 0.42432 0.04492 0.09863
0 0.69043 0.56641 0.10156 0.08398
0 0.12354 0.85059 0.06934 0.07422
0 0.9502 0.3877 0.05078 0.05273
0 0.77637 0.59814 0.05078 0.0459
0 0.20264 0.36133 0.05762 0.04492
0 0.17188 0.41016 0.0625 0.0625
0 0.17236 0.88086 0.04395 0.0332
0 0.12793 0.90625 0.04688 0.03516
0 0.00781 0.9502 0.01562 0.04883
0 0.2583 0.48291 0.03613 0.03223
