0 0.4917 0.70361 0.06348 0.09082
0 0.02393 0.1333 0.04785 0.08105
0 0.81104 0.8501 0.09473 0.0752
0 0.61035 0.52441 0.09375 0.12109
0 0.62891 0.06494 0.06055 0.08301
0 0.2207 0.56982 0.08203 0.13184
0 0.14941 0.20898 0.06055 0.07422
0 0.17285 0.13379 0.06445 0.08008
0 0.43945 0.49121 0.03125 0.0918
0 0.06348 0.65283 0.03125 0.11426
0 0.15039 0.37207 0.03711 0.08984
0 0.47803 0.47363 0.0752 0.08594
0 0.48389 0.93945 0.05176 0.07812
0 0.70605 0.53809 0.11719 0.09961
0 0.84863 0.94092 0.03711 0.11426
0 0.11816 0.53125 0.09375 0.0957
0 0.80029 0.22705 0.04199 0.09473
0 0.5498 0.61133 0.08398 0.08398
0 0.52686 0.42529 0.04199 0.09277
0 0.78711 0.53857 0.03906 0.09863
0 0.91357 0.24805 0.03809 0.11914
0 0.17139 0.47949 0.03418 0.14062
0 0.41748 0.29883 0.09473 0.0918
0 0.96143 0.85205 0.05176 0.06543
0 0.60107 0.15967 0.09473 0.06934
0 0.81689 0.43945 0.02441 0.11133
0 0.72021 0.06641 0.1084 0.11719
0 0.39307 0.96729 0.02637 0.06152
0 0.61426 0.29102 0.04102 0.11914
0 0.95898 0.39502 0.07812 0.05957
0 0.54736 0.80566 0.05371 0.14062
0 0.40576 0.57861 0.05566 0.13574
0 0.09326 0.60156 0.05566 0.10156
0 0.72998 0.48877 0.07324 0.12598
0 0.96484 0.16699 0.02734 0.12891
0 0.9668 0.59961 0.02539 0.08203
0 0.7583 0.1875 0.07715 0.19531
0 0.78027 0.90771 0.02539 0.08301
0 0.60498 0.80371 0.02637 0.05859
0 0.21924 0.31104 0.02637 0.05762
0 0.01514 0.3418 0.02832 0.08008
0 0.45312 0.61963 0.08984 0.04395
0 0.98975 0.54736 0.02051 0.06738
0 0.00928 0.27246 0.01855 0.09766
0 0.85205 0.64502 0.07715 0.09082
0 0.08496 0.98096 0.03711 0.03809
0 0.97461 0.98145 0.04688 0.02734
0 0.78857 0.1582 0.02441 0.07422
0 0.52441 0.31787 0.10547 0.1416
0 0.10449 0.76709 0.03711 0.05957
0 0.61523 0.64355 0.04102 0.04883
0 0.65576 0.95117 0.13574 0.05859
0 0.62256 0.94385 0.06543 0.04395
