0 0.96631 0.31494 0.06738 0.08496
0 0.96631 0.24707 0.06738 0.10156
0 0.88428 0.05859 0.11426 0.11719
0 0.87012 0.1748 0.08203 0.13086
0 0.83203 0.30078 0.04492 0.08203
0 0.74756 0.15723 0.07129 0.13477
0 0.65039 0.16455 0.13477 0.14941
0 0.61816 0.22949 0.06836 0.08984
0 0.64307 0.19629 0.06348 0.08008
0 0.41309 0.20654 0.08398 0.06934
0 0.44629 0.06055 0.08398 0.12109
0 0.52686 0.06201 0.05957 0.12402
0 0.79834 0.04736 0.10059 0.09473
0 0.32471 0.08643 0.07129 0.09473
0 0.32373 0.14307 0.0498 0.08301
0 0.30957 0.21631 0.04883 0.10645
0 0.36377 0.2793 0.07324 0.08398
0 0.25342 0.31689 0.06152 0.0791
0 0.2876 0.39014 0.07129 0.10254
0 0.14746 0.3623 0.10547 0.14062
0 0.04639 0.35645 0.06934 0.12305
0 0.04297 0.18604 0.08594 0.08496
0 0.06982 0.05078 0.08887 0.10156
0 0.22949 0.03857 0.08594 0.07715
0 0.24902 0.11475 0.06836 0.10449
0 0.2251 0.50342 0.12012 0.06543
0 0.07764 0.48535 0.0752 0.09375
0 0.04053 0.53223 0.08105 0.08984
0 0.0708 0.64941 0.10059 0.07422
0 0.08545 0.74951 0.14355 0.0752
0 0.27832 0.57812 0.07617 0.07031
0 0.34912 0.59326 0.08105 0.07324
0 0.51953 0.65381 0.08398 0.08301
0 0.60938 0.60938 0.07422 0.08594
0 0.6748 0.60889 0.07227 0.08887
0 0.74951 0.56934 0.05957 0.08008
0 0.81006 0.62891 0.08105 0.12109
0 0.77197 0.69189 0.09863 0.06543
0 0.7002 0.73682 0.12891 0.07324
0 0.53125 0.79102 0.15625 0.10352
0 0.44678 0.84082 0.10645 0.07812
0 0.2915 0.86816 0.12988 0.06055
0 0.2627 0.79785 0.08008 0.04102
0 0.28076 0.75537 0.0498 0.04395
0 0.37256 0.75928 0.15332 0.05762
0 0.3291 0.7041 0.11719 0.05078
0 0.39062 0.66846 0.13281 0.07715
0 0.27148 0.64893 0.06445 0.05176
0 0.19873 0.6748 0.06934 0.04492
0 0.19434 0.75586 0.07617 0.05469
0 0.35547 0.97656 0.08594 0.04688
0 0.73535 0.88818 0.07617 0.09082
0 0.3833 0.34912 0.07129 0.04395
0 0.96729 0.85352 0.06543 0.08789
