0 0.62402 0.87744 0.10547 0.05957
0 0.64355 0.55811 0.11914 0.0752
0 0.77832 0.34668 0.11719 0.0918
0 0.34863 0.49658 0.0957 0.06934
0 0.24121 0.65332 0.09766 0.0625
0 0.73193 0.06201 0.11035 0.05566
0 0.70654 0.24609 0.10254 0.05273
0 0.94971 0.08203 0.09473 0.08594
0 0.71875 0.45752 0.08398 0.04199
0 0.05322 0.45557 0.10645 0.06738
0 0.8667 0.63184 0.10059 0.03711
0 0.98389 0.82422 0.03223 0.07422
0 0.86963 0.58887 0.10059 0.04297
0 0.32031 0.06201 0.0918 0.05566
0 0.0625 0.03369 0.10938 0.0498
0 0.11865 0.30029 0.11035 0.07324
0 0.94043 0.48682 0.08594 0.08691
0 0.49219 0.25098 0.11328 0.12695
0 0.15332 0.25732 0.12695 0.06934
0 0.49121 0.8501 0.0918 0.08691
0 0.22412 0.79883 0.1084 0.04688
0 0.34033 0.95361 0.12207 0.04199
0 0.6792 0.70996 0.06934 0.04492
0 0.11963 0.83447 0.09082 0.0459
0 0.37988 0.34424 0.10547 0.05176
0 0.81543 0.55322 0.06641 0.02832
0 0.5752 0.04102 0.05469 0.07227
0 0.55518 0.78174 0.1123 0.05176
0 0.19775 0.16602 0.05762 0.05664
0 0.05713 0.62695 0.10449 0.03711
0 0.93457 0.39893 0.13086 0.09473
0 0.93213 0.15869 0.10254 0.03613
0 0.08105 0.19092 0.06445 0.06543
0 0.77295 0.6377 0.06934 0.0332
0 0.04492 0.57178 0.06641 0.03223
0 0.88867 0.51221 0.0918 0.04004
0 0.47949 0.63281 0.14258 0.03711
0 0.72705 0.22363 0.10059 0.07031
0 0.02588 0.05615 0.05176 0.03418
0 0.5293 0.14844 0.06836 0.03906
0 0.47656 0.41943 0.08398 0.03809
0 0.02686 0.14062 0.05176 0.04297
0 0.03027 0.35352 0.05664 0.04883
0 0.23584 0.74219 0.15723 0.05859
0 0.73193 0.93994 0.12598 0.03809
0 0.95801 0.01465 0.08203 0.0293
0 0.91064 0.95752 0.11035 0.04785
0 0.27197 0.61328 0.08887 0.04688
0 0.02637 0.49268 0.05273 0.05371
0 0.34033 0.98047 0.11621 0.03516
0 0.25195 0.46533 0.05859 0.0498
0 0.81836 0.18213 0.06445 0.05176
0 0.63574 0.92822 0.06445 0.03418
0 0.01953 0.9834 0.03906 0.0293
0 0.10693 0.79053 0.13184 0.04199
0 0.84033 0.729 0.0498 0.05371
0 0.03516 0.72266 0.05859 0.01758
0 0.77686 0.21387 0.05566 0.05078
0 0.02295 0.36963 0.04395 0.03613
0 0.34619 0.01367 0.0498 0.02539
0 0.1416 0.59619 0.12891 0.04395
0 0.57568 0.08691 0.08105 0.03125
0 0.74072 0.56396 0.06934 0.03223
0 0.46436 0.87598 0.05762 0.04102
0 0.36475 0.11133 0.06738 0.03711
0 0.29238 0.4437 0.08477 0.03447
0 0.98486 0.13281 0.03027 0.01953
0 0.96094 0.9209 0.07812 0.03906
0 0.68066 0.77637 0.07227 0.0332
0 0.94824 0.83252 0.07227 0.04395
0 0.9707 0.57031 0.05664 0.05273
0 0.31152 0.10059 0.05273 0.0332
0 0.93066 0.56348 0.04883 0.04297
0 0.79932 0.16504 0.07715 0.07031
0 0.96729 0.85352 0.06543 0.03516
