0 0.0498 0.57275 0.08789 0.08691
0 0.12842 0.72217 0.12598 0.12207
0 0.75732 0.30957 0.06348 0.04688
0 0.05664 0.4165 0.08789 0.19629
0 0.18164 0.58105 0.08789 0.08398
0 0.26416 0.25 0.2002 0.16406
0 0.06494 0.52197 0.12402 0.10449
0 0.51709 0.10205 0.21191 0.15918
0 0.55322 0.05762 0.23926 0.10352
0 0.05566 0.76416 0.10742 0.13379
0 0.40381 0.31348 0.14746 0.10352
0 0.89551 0.94775 0.08789 0.07324
0 0.34717 0.96338 0.19434 0.07324
0 0.28662 0.55615 0.15527 0.11621
0 0.05322 0.07275 0.10645 0.08691
0 0.63867 0.90186 0.10156 0.08691
0 0.18799 0.90771 0.08691 0.18457
0 0.53809 0.45605 0.19727 0.05078
0 0.70654 0.72559 0.10059 0.04492
0 0.49512 0.62402 0.10547 0.04297
0 0.03955 0.64355 0.06934 0.04492
