0 0.91162 0.50684 0.12012 0.08984
0 0.64697 0.21582 0.09473 0.06836
0 0.69336 0.5708 0.04688 0.09277
0 0.80469 0.41211 0.07031 0.06055
0 0.66553 0.39697 0.07715 0.08496
0 0.69434 0.93457 0.125 0.07031
0 0.8457 0.66455 0.08789 0.11426
0 0.74561 0.85107 0.08301 0.1123
0 0.83691 0.03369 0.06445 0.06738
0 0.62891 0.78369 0.07227 0.08887
0 0.83936 0.16211 0.0752 0.06055
0 0.80811 0.07324 0.06738 0.05273
0 0.86816 0.13477 0.07812 0.07031
0 0.70459 0.29688 0.06934 0.08008
0 0.66553 0.51953 0.06738 0.0957
0 0.96094 0.51465 0.07812 0.06055
0 0.77832 0.54199 0.04297 0.06445
0 0.79199 0.66211 0.07031 0.08008
0 0.73682 0.79688 0.0752 0.06445
0 0.53223 0.83301 0.07031 0.0625
0 0.84473 0.94727 0.10547 0.08984
0 0.76611 0.93701 0.05762 0.0752
0 0.97363 0.93945 0.05273 0.07422
0 0.93457 0.82324 0.06445 0.08203
0 0.94141 0.67969 0.10156 0.0918
0 0.92578 0.01758 0.0625 0.0332
