0 0.36816 0.46484 0.11719 0.08984
0 0.33789 0.16406 0.09766 0.125
0 0.03369 0.77832 0.06738 0.07227
0 0.3457 0.38867 0.08203 0.0625
0 0.2583 0.34082 0.07715 0.05273
0 0.44336 0.64111 0.20703 0.1377
0 0.01953 0.91846 0.03906 0.08691
0 0.54102 0.02783 0.17773 0.05566
0 0.2749 0.49951 0.2002 0.0752
0 0.10938 0.77197 0.10547 0.06543
0 0.3418 0.91846 0.17969 0.16309
0 0.05078 0.26855 0.10156 0.09766
0 0.67188 0.88232 0.19922 0.16504
0 0.73096 0.79199 0.06738 0.09961
0 0.83789 0.03223 0.27734 0.06445
0 0.91357 0.80322 0.17285 0.07324
0 0.7334 0.28467 0.12305 0.27051
0 0.05273 0.41895 0.04492 0.07031
0 0.09473 0.646 0.18945 0.14941
0 0.6333 0.42188 0.20215 0.14453
0 0.19482 0.96191 0.08887 0.07422
0 0.08105 0.16113 0.16211 0.10742
0 0.88232 0.58105 0.08496 0.25781
0 0.57861 0.31445 0.1123 0.18945
0 0.14062 0.11182 0.18555 0.22363
0 0.69141 0.06738 0.13086 0.07617
0 0.46289 0.73828 0.0625 0.10156
0 0.66113 0.61621 0.07227 0.23242
0 0.53467 0.93848 0.06934 0.11719
0 0.52197 0.58936 0.06934 0.11035
0 0.68066 0.64453 0.09766 0.0957
0 0.11182 0.03955 0.0752 0.0791
0 0.69141 0.96631 0.09766 0.06738
0 0.85547 0.94482 0.2207 0.11035
0 0.91797 0.87598 0.16406 0.06055
0 0.0625 0.58594 0.125 0.07227
0 0.96045 0.13672 0.05762 0.0625
0 0.76807 0.32666 0.30762 0.0752
0 0.84717 0.28223 0.19043 0.06055
0 0.34619 0.86572 0.19238 0.12207
0 0.2583 0.54346 0.20215 0.06738
0 0.40625 0.41943 0.0625 0.10059
0 0.59814 0.396 0.28223 0.05762
0 0.05859 0.24316 0.11719 0.0625
0 0.19922 0.06348 0.08008 0.05273
0 0.71143 0.09863 0.25488 0.0625
0 0.60742 0.05615 0.10938 0.1123
0 0.86572 0.37939 0.2627 0.08496
0 0.76465 0.52832 0.05469 0.08203
0 0.96582 0.68066 0.06836 0.07227
0 0.96484 0.74707 0.07031 0.07031
