0 0.3457 0.64941 0.07812 0.07422
0 0.37061 0.13477 0.07324 0.07031
0 0.11475 0.34326 0.05762 0.07715
0 0.48633 0.03174 0.06641 0.06348
0 0.26709 0.31592 0.16895 0.0791
0 0.05811 0.97998 0.07715 0.03027
0 0.4585 0.51855 0.06543 0.06836
0 0.29053 0.04688 0.07324 0.03906
0 0.69385 0.14893 0.10254 0.04199
0 0.07568 0.45312 0.13379 0.05859
0 0.63086 0.37061 0.08398 0.0498
0 0.17822 0.60352 0.09863 0.04297
0 0.78223 0.45605 0.10156 0.15039
0 0.93311 0.09277 0.07715 0.05078
0 0.44971 0.65186 0.09863 0.0752
0 0.75879 0.37402 0.08984 0.03516
0 0.2168 0.47998 0.0957 0.03613
0 0.0376 0.0249 0.0752 0.04004
0 0.13379 0.34131 0.05859 0.06934
0 0.56299 0.60352 0.09473 0.0293
0 0.82861 0.9751 0.04004 0.0498
0 0.21436 0.01953 0.07715 0.03711
0 0.1001 0.64014 0.0752 0.05176
0 0.42334 0.05127 0.06152 0.04004
0 0.18701 0.55957 0.12988 0.04492
0 0.64795 0.06885 0.06934 0.06152
0 0.26709 0.86328 0.07324 0.0293
0 0.53857 0.57422 0.07715 0.02734
0 0.59863 0.94775 0.11719 0.06348
0 0.70557 0.9873 0.07129 0.02148
0 0.76318 0.12061 0.07324 0.12207
0 0.95947 0.52441 0.05371 0.07031
0 0.75293 0.22754 0.07227 0.05078
0 0.25049 0.7334 0.12012 0.03906
0 0.87158 0.21826 0.09473 0.05566
0 0.56689 0.02637 0.0752 0.04883
0 0.02588 0.28613 0.05176 0.0957
0 0.83105 0.35986 0.12695 0.09082
0 0.3916 0.8313 0.13281 0.11377
0 0.29443 0.01709 0.04785 0.03418
0 0.96484 0.78223 0.0625 0.02734
0 0.62988 0.92871 0.10742 0.05664
0 0.18018 0.32178 0.07324 0.03613
0 0.14844 0.39258 0.08008 0.03711
0 0.10889 0.28613 0.10059 0.03711
0 0.68896 0.229 0.06348 0.0752
0 0.82959 0.0127 0.11426 0.02539
0 0.16797 0.1084 0.08984 0.04688
0 0.43115 0.31494 0.08887 0.06152
0 0.98291 0.04102 0.03418 0.04492
0 0.46973 0.92969 0.13281 0.03711
0 0.4624 0.63379 0.09668 0.05078
0 0.35986 0.78027 0.09473 0.04688
0 0.94434 0.41504 0.08398 0.04492
0 0.729 0.70801 0.05957 0.0332
0 0.52197 0.77734 0.07129 0.05078
0 0.41895 0.97656 0.16406 0.04102
0 0.46387 0.24707 0.06641 0.0625
0 0.58447 0.30176 0.19434 0.07422
0 0.22168 0.66064 0.04688 0.03027
0 0.03125 0.09619 0.06055 0.03223
0 0.99268 0.54736 0.01465 0.03027
0 0.73047 0.31055 0.05664 0.06445
0 0.08301 0.00977 0.0332 0.01953
0 0.62695 0.01904 0.04883 0.03613
0 0.54834 0.62305 0.05176 0.02539
0 0.01611 0.9248 0.03223 0.03516
0 0.39648 0.86475 0.12695 0.03223
0 0.5498 0.89551 0.06641 0.03125
0 0.45996 0.74268 0.0625 0.03613
0 0.35889 0.90039 0.06348 0.04688
0 0.94092 0.02246 0.10059 0.04492
0 0.84473 0.1958 0.09961 0.05762
