0 0.79199 0.89941 0.16016 0.08984
0 0.10547 0.55908 0.10938 0.09473
0 0.08057 0.42334 0.10254 0.08301
0 0.2124 0.73926 0.12988 0.09961
0 0.11035 0.13818 0.10742 0.12793
0 0.52051 0.24561 0.07227 0.06738
0 0.58447 0.36914 0.10449 0.08008
0 0.58789 0.79346 0.09766 0.08301
0 0.71582 0.46436 0.09766 0.0752
0 0.65918 0.85449 0.11523 0.08984
0 0.69336 0.61963 0.14258 0.10449
0 0.7124 0.1167 0.1748 0.09473
0 0.59326 0.06201 0.16309 0.11035
0 0.54102 0.57471 0.15234 0.10059
0 0.57324 0.17822 0.10742 0.1123
0 0.07959 0.30518 0.0752 0.07715
0 0.54932 0.31592 0.0752 0.04785
0 0.92334 0.64844 0.14746 0.12695
