0 0.81152 0.66016 0.06445 0.15039
0 0.91406 0.39014 0.17188 0.07129
0 0.89258 0.43115 0.21484 0.06152
0 0.32373 0.12012 0.12207 0.07031
0 0.44922 0.09131 0.14062 0.06543
0 0.23926 0.06934 0.07617 0.11523
0 0.04004 0.47607 0.05664 0.12207
0 0.01562 0.21826 0.03125 0.06152
0 0.45068 0.1499 0.06738 0.08691
0 0.78809 0.20117 0.20508 0.06055
0 0.27637 0.31494 0.12695 0.18262
0 0.44775 0.63721 0.12012 0.12402
0 0.72217 0.02686 0.12988 0.05371
0 0.92969 0.58447 0.13672 0.08496
0 0.08301 0.97803 0.10156 0.04395
0 0.354 0.71289 0.12988 0.09766
0 0.86035 0.00244 0.11719 0.00488
0 0.229 0.51074 0.17676 0.12109
0 0.89844 0.51221 0.14062 0.07129
0 0.43848 0.98193 0.08398 0.03613
0 0.61328 0.98145 0.0625 0.03711
0 0.71826 0.71826 0.1084 0.10449
0 0.57324 0.54443 0.05859 0.0459
0 0.5166 0.54639 0.06445 0.06934
0 0.15332 0.3125 0.0625 0.05664
0 0.59424 0.27295 0.0791 0.09863
0 0.57178 0.35791 0.17285 0.08496
0 0.66846 0.38184 0.0791 0.08008
0 0.73633 0.36523 0.14844 0.05859
0 0.82715 0.1543 0.1582 0.06055
0 0.43701 0.34521 0.05176 0.12598
0 0.44824 0.30615 0.10547 0.08301
0 0.35547 0.27734 0.05859 0.12109
0 0.42725 0.27148 0.11035 0.08594
0 0.42383 0.21045 0.08203 0.0752
0 0.37598 0.22119 0.08984 0.09668
0 0.01514 0.42334 0.03027 0.1084
0 0.979 0.05127 0.04199 0.07129
0 0.0166 0.57959 0.0332 0.0498
