0 0.42773 0.62256 0.06641 0.07324
0 0.60742 0.03223 0.05078 0.06445
0 0.29199 0.06543 0.07812 0.06055
0 0.1582 0.146 0.06445 0.09082
0 0.73389 0.48291 0.09863 0.05957
0 0.23877 0.5332 0.04395 0.08008
0 0.02051 0.32471 0.04102 0.05371
0 0.72998 0.96582 0.0752 0.06836
0 0.31641 0.23438 0.10938 0.06641
0 0.82275 0.1792 0.04199 0.07324
0 0.61719 0.48438 0.0625 0.04688
0 0.12012 0.66455 0.11914 0.06738
0 0.81934 0.27441 0.06445 0.10938
0 0.56104 0.14844 0.05566 0.12891
0 0.35742 0.17822 0.02734 0.10449
0 0.46191 0.28369 0.08789 0.08301
0 0.7041 0.4248 0.0625 0.06641
0 0.92285 0.5415 0.07422 0.05957
0 0.95557 0.06299 0.08496 0.10059
0 0.28516 0.01953 0.125 0.02734
0 0.05518 0.27197 0.09473 0.08691
0 0.24268 0.1416 0.03027 0.11523
0 0.42041 0.78564 0.10059 0.0459
0 0.93018 0.58203 0.06152 0.05078
0 0.0166 0.55566 0.0332 0.0625
0 0.69434 0.66748 0.06445 0.05371
0 0.10352 0.88281 0.06445 0.05469
0 0.22607 0.26514 0.1084 0.05176
0 0.12549 0.86182 0.06738 0.04395
0 0.97021 0.63818 0.05371 0.02441
0 0.50732 0.875 0.13184 0.0625
0 0.46973 0.09521 0.06055 0.03613
0 0.65625 0.04102 0.06055 0.05078
0 0.17529 0.53906 0.05371 0.04688
0 0.10449 0.14502 0.05859 0.06348
0 0.96338 0.98145 0.06934 0.0332
0 0.02637 0.72754 0.05273 0.03906
0 0.12695 0.06885 0.06055 0.03809
0 0.89111 0.38916 0.11035 0.0498
0 0.47852 0.55566 0.05859 0.06641
0 0.47461 0.42236 0.0625 0.08496
0 0.81299 0.70508 0.08691 0.03516
0 0.01025 0.63574 0.02051 0.0293
0 0.71729 0.0293 0.04199 0.05664
0 0.60352 0.88672 0.02734 0.06055
0 0.72607 0.09033 0.0791 0.0459
0 0.7373 0.61133 0.0625 0.03906
0 0.75586 0.83936 0.04102 0.06348
0 0.76855 0.57471 0.0293 0.06543
0 0.09424 0.98145 0.09863 0.03516
0 0.58154 0.604 0.05176 0.05957
0 0.22803 0.58887 0.03809 0.03711
0 0.27881 0.90039 0.05176 0.04688
0 0.78076 0.73438 0.05566 0.0293
0 0.65576 0.9209 0.03223 0.03711
0 0.04932 0.59326 0.0752 0.0498
0 0.88477 0.73877 0.04297 0.04199
0 0.771 0.37109 0.06738 0.05859
0 0.85938 0.40918 0.07617 0.06641
0 0.53467 0.29639 0.0498 0.05566
0 0.89502 0.24463 0.08691 0.05957
0 0.32666 0.71826 0.0498 0.03809
0 0.19385 0.03369 0.05176 0.05566
0 0.95605 0.81934 0.04883 0.04688
0 0.53516 0.51465 0.05859 0.05664
