0 0.3042 0.13135 0.06348 0.08301
0 0.2334 0.19531 0.10156 0.07422
0 0.17529 0.26807 0.06738 0.06152
0 0.32471 0.26904 0.10254 0.06348
0 0.40674 0.36523 0.06152 0.09961
0 0.54688 0.33203 0.0625 0.08984
0 0.479 0.45605 0.0459 0.0625
0 0.48682 0.50879 0.0498 0.04492
0 0.51318 0.08057 0.06152 0.05762
0 0.49951 0.0542 0.08691 0.04785
0 0.58838 0.06299 0.06152 0.10449
0 0.65039 0.16846 0.05469 0.11035
0 0.67822 0.17578 0.04785 0.10938
0 0.72461 0.03809 0.0918 0.07617
0 0.7876 0.2373 0.05176 0.0625
0 0.74316 0.30127 0.06836 0.08887
0 0.77246 0.32275 0.08594 0.04395
0 0.81348 0.40723 0.07227 0.08008
0 0.61865 0.43555 0.05371 0.06836
0 0.72705 0.47852 0.06152 0.08594
0 0.75391 0.53027 0.05859 0.09375
0 0.62012 0.58691 0.08398 0.07031
0 0.72363 0.64453 0.04688 0.04492
0 0.70068 0.67285 0.04199 0.03711
0 0.66309 0.72705 0.07617 0.06934
0 0.53955 0.68359 0.07324 0.07617
0 0.54004 0.66309 0.06055 0.11523
0 0.7041 0.81006 0.08008 0.06934
0 0.75293 0.87061 0.05078 0.06543
0 0.78418 0.85205 0.05078 0.07715
0 0.83887 0.81836 0.10352 0.08789
0 0.92627 0.71484 0.06543 0.06445
0 0.88623 0.62012 0.06738 0.08789
0 0.94727 0.59912 0.05078 0.07129
0 0.94287 0.55273 0.10254 0.07031
0 0.88867 0.3252 0.08398 0.10547
0 0.85156 0.23633 0.07812 0.08984
0 0.16309 0.35205 0.08398 0.05176
0 0.36768 0.4624 0.04395 0.02246
0 0.4165 0.46777 0.04199 0.06445
0 0.43066 0.58887 0.07031 0.0625
0 0.24365 0.61768 0.06934 0.06934
0 0.26025 0.68604 0.06152 0.05762
0 0.14355 0.6084 0.06641 0.06836
0 0.23877 0.58154 0.08691 0.10059
0 0.11768 0.7793 0.10449 0.05859
0 0.14844 0.83496 0.07031 0.04492
0 0.27393 0.82959 0.05762 0.04199
0 0.31055 0.82422 0.05859 0.05469
0 0.03467 0.64404 0.06934 0.05957
0 0.5415 0.95752 0.06934 0.08496
0 0.60254 0.93408 0.0918 0.08105
0 0.50928 0.88037 0.0791 0.05957
0 0.97998 0.3418 0.04004 0.06836
0 0.12207 0.95215 0.0957 0.0957
0 0.26465 0.44434 0.05469 0.06836
0 0.27197 0.35352 0.13574 0.05469
0 0.30078 0.39355 0.0625 0.06055
0 0.09863 0.43115 0.07227 0.08105
0 0.10303 0.36035 0.10449 0.0332
0 0.01758 0.16162 0.03516 0.09863
