0 0.60156 0.93896 0.0625 0.05957
0 0.66748 0.96094 0.07324 0.06836
0 0.37793 0.98438 0.07031 0.03125
0 0.32715 0.96045 0.06445 0.0791
0 0.26123 0.97803 0.05566 0.04395
0 0.27051 0.93213 0.0625 0.05371
0 0.31885 0.88428 0.10645 0.05957
0 0.25781 0.84912 0.07422 0.06934
0 0.02783 0.98438 0.05566 0.03125
0 0.10547 0.90869 0.06055 0.08887
0 0.06592 0.75586 0.08496 0.07227
0 0.15967 0.70947 0.07129 0.06934
0 0.1084 0.70654 0.0625 0.05566
0 0.18311 0.65869 0.06152 0.08887
0 0.29053 0.75244 0.04785 0.06543
0 0.26709 0.55469 0.09863 0.07617
0 0.18213 0.45898 0.06543 0.06445
0 0.13623 0.40137 0.12207 0.13672
0 0.02637 0.2832 0.05273 0.08398
0 0.03564 0.21143 0.07129 0.0752
0 0.2041 0.2627 0.1875 0.08398
0 0.29053 0.26123 0.07324 0.09863
0 0.35498 0.31641 0.08887 0.07422
0 0.52832 0.24023 0.0625 0.07422
0 0.62354 0.30469 0.09473 0.07227
0 0.72314 0.33008 0.08887 0.04883
0 0.40479 0.47656 0.08691 0.0625
0 0.36719 0.52734 0.06055 0.08594
0 0.50879 0.49023 0.07031 0.06055
0 0.55908 0.46094 0.10449 0.07031
0 0.61621 0.55078 0.0918 0.10156
0 0.49512 0.61572 0.0918 0.06934
0 0.6416 0.69336 0.08203 0.0918
0 0.69678 0.74561 0.08887 0.06934
0 0.75 0.75879 0.08008 0.07031
0 0.74414 0.60645 0.10742 0.11523
0 0.80566 0.50146 0.09766 0.07715
0 0.80762 0.86719 0.06055 0.08398
0 0.77393 0.91846 0.0791 0.05762
0 0.90869 0.75 0.10059 0.07422
0 0.9248 0.81348 0.06836 0.07227
0 0.88672 0.83643 0.0625 0.05176
0 0.95166 0.88232 0.08887 0.08496
0 0.99072 0.83789 0.01855 0.02734
0 0.97656 0.58301 0.04688 0.08789
0 0.90723 0.58447 0.07031 0.07715
0 0.89941 0.35449 0.07227 0.07812
0 0.88037 0.25098 0.08301 0.14258
0 0.96094 0.21826 0.07812 0.09277
0 0.7041 0.14746 0.08398 0.08203
0 0.3374 0.15381 0.06543 0.09473
0 0.22656 0.06348 0.08203 0.09961
0 0.81006 0.02637 0.09863 0.05273
0 0.80859 0.14795 0.06055 0.06934
0 0.77637 0.1167 0.07422 0.06543
0 0.89062 0.01221 0.08203 0.02441
0 0.6543 0.00879 0.08008 0.01758
0 0.56494 0.01562 0.0752 0.03125
0 0.4292 0.02344 0.06543 0.04688
0 0.97119 0.32959 0.05762 0.0498
0 0.39697 0.41113 0.07129 0.08008
0 0.51709 0.84717 0.0498 0.05176
0 0.3501 0.28564 0.0791 0.0498
0 0.18311 0.37061 0.04004 0.04785
