0 0.34473 0.90576 0.05859 0.08105
0 0.72021 0.28174 0.07324 0.08105
0 0.65283 0.80176 0.10449 0.09961
0 0.65576 0.24268 0.06543 0.10059
0 0.04785 0.71582 0.07227 0.10547
0 0.60693 0.37988 0.03809 0.10156
0 0.48535 0.55566 0.10742 0.05664
0 0.26514 0.48877 0.04785 0.09277
0 0.15625 0.12158 0.06836 0.06738
0 0.43213 0.16064 0.05566 0.09473
0 0.82129 0.09375 0.06836 0.12695
0 0.18408 0.96436 0.06738 0.06934
0 0.04395 0.35645 0.08789 0.11719
0 0.70557 0.61426 0.10059 0.07812
0 0.49902 0.80469 0.02539 0.06641
0 0.01953 0.77539 0.03906 0.06445
0 0.53809 0.28906 0.06641 0.05469
0 0.74609 0.39307 0.08398 0.09082
0 0.14111 0.32227 0.08105 0.13086
0 0.57178 0.5498 0.04785 0.06836
0 0.29004 0.85449 0.06445 0.07227
0 0.26172 0.97217 0.0918 0.04395
0 0.4126 0.57812 0.02441 0.06641
0 0.2998 0.45801 0.06445 0.06641
0 0.72412 0.71533 0.05957 0.06348
0 0.74829 0.57041 0.08936 0.06035
0 0.5127 0.21631 0.05859 0.05762
0 0.62646 0.06787 0.05371 0.09473
0 0.87207 0.80859 0.03125 0.08008
0 0.57764 0.75439 0.04395 0.0752
0 0.36523 0.11963 0.03906 0.10449
0 0.01123 0.54736 0.02246 0.0459
0 0.67529 0.75439 0.02441 0.06934
0 0.1333 0.20703 0.07324 0.04492
0 0.02588 0.83057 0.05176 0.03027
0 0.60547 0.47607 0.04883 0.06543
0 0.42529 0.41602 0.0498 0.08984
0 0.18896 0.70166 0.06152 0.0791
0 0.66357 0.13916 0.04199 0.07715
0 0.11133 0.23779 0.04297 0.06934
0 0.86914 0.42285 0.03711 0.11328
0 0.09453 0.96294 0.07949 0.07412
0 0.79688 0.94873 0.05664 0.03223
0 0.2686 0.90962 0.0585 0.03232
0 0.6084 0.86914 0.04297 0.07227
0 0.08789 0.05664 0.03906 0.03516
0 0.74072 0.49414 0.07324 0.05273
0 0.8584 0.54834 0.08398 0.0459
0 0.46045 0.33301 0.07715 0.04883
0 0.75049 0.92041 0.07715 0.04785
0 0.16016 0.49023 0.04688 0.05664
0 0.67725 0.99316 0.04004 0.01367
0 0.37549 0.81055 0.07715 0.05859
0 0.01709 0.5874 0.03418 0.06152
0 0.16406 0.05859 0.07227 0.07422
0 0.26465 0.01074 0.05273 0.02148
0 0.92236 0.29004 0.0498 0.06055
0 0.95117 0.32227 0.04688 0.05273
0 0.17773 0.53955 0.07812 0.06348
0 0.02441 0.35889 0.04883 0.03613
