0 0.72705 0.35742 0.0791 0.08984
0 0.67188 0.43457 0.08984 0.08984
0 0.80615 0.00098 0.06738 0.00195
0 0.90088 0.49609 0.11816 0.10742
0 0.63525 0.30859 0.12012 0.06445
0 0.76074 0.14453 0.08203 0.08594
0 0.92969 0.91455 0.07227 0.13965
0 0.84424 0.95459 0.09277 0.09082
0 0.63232 0.84961 0.0752 0.07031
0 0.34668 0.39453 0.08008 0.10938
0 0.91309 0.68018 0.09766 0.15527
0 0.5293 0.80811 0.09961 0.09277
0 0.91699 0.09619 0.07422 0.10254
0 0.70801 0.69238 0.07227 0.08008
0 0.76221 0.83447 0.0752 0.0752
0 0.78418 0.54346 0.11523 0.07715
0 0.86816 0.16211 0.08789 0.08984
0 0.60547 0.60205 0.14258 0.0752
0 0.41211 0.54443 0.08984 0.14941
0 0.97363 0.37207 0.05273 0.08008
0 0.80664 0.6748 0.06836 0.08789
0 0.60059 0.77734 0.08203 0.08984
0 0.4917 0.92627 0.12207 0.14746
0 0.84814 0.85352 0.09277 0.11719
0 0.70068 0.9043 0.12988 0.10156
0 0.95801 0.29395 0.08398 0.09961
0 0.96582 0.71289 0.06836 0.10742
0 0.81299 0.70654 0.08105 0.15723
0 0.55664 0.65332 0.08008 0.08789
0 0.75586 0.93701 0.08594 0.12598
