0 0.79346 0.65332 0.09668 0.08594
0 0.63916 0.43018 0.07715 0.06543
0 0.69189 0.40967 0.07324 0.08496
0 0.91846 0.6416 0.16309 0.08789
0 0.15674 0.73682 0.06152 0.13965
0 0.27686 0.67578 0.11621 0.07812
0 0.60254 0.77539 0.07812 0.11719
0 0.69775 0.19727 0.10059 0.11328
0 0.07617 0.2124 0.08398 0.12793
0 0.83936 0.71484 0.10254 0.07812
0 0.5874 0.32666 0.06543 0.08301
0 0.61328 0.24902 0.08789 0.09375
0 0.93359 0.7373 0.11133 0.13477
0 0.82617 0.25195 0.125 0.05859
0 0.47754 0.03857 0.08789 0.07715
0 0.21045 0.83936 0.12988 0.08301
0 0.7124 0.80127 0.09082 0.09082
0 0.14014 0.95947 0.1416 0.08105
0 0.58252 0.01904 0.07715 0.03809
0 0.12061 0.39746 0.09082 0.19531
0 0.52295 0.84717 0.09082 0.11035
0 0.7876 0.31836 0.09277 0.07227
0 0.02051 0.94531 0.04102 0.10938
0 0.70264 0.61816 0.08496 0.06055
0 0.60986 0.60498 0.08105 0.10059
0 0.68359 0.52295 0.0918 0.08496
0 0.79883 0.18799 0.12305 0.06348
0 0.96143 0.20312 0.07715 0.08398
0 0.92725 0.09863 0.10059 0.0625
0 0.77783 0.09424 0.09082 0.06348
0 0.70996 0.0459 0.08398 0.06055
0 0.66357 0.08936 0.07715 0.08691
