0 0.49951 0.37061 0.08496 0.08691
0 0.65576 0.46826 0.08301 0.08691
0 0.51318 0.28174 0.09277 0.12012
0 0.38721 0.23584 0.11035 0.1123
0 0.63721 0.82178 0.09473 0.09473
0 0.52344 0.8374 0.07227 0.0752
0 0.59375 0.27881 0.05078 0.07324
0 0.45703 0.65039 0.06445 0.04883
0 0.06445 0.13574 0.08984 0.0918
0 0.57227 0.78076 0.08008 0.07324
0 0.66602 0.02441 0.11719 0.04492
0 0.02002 0.23926 0.04004 0.05469
0 0.39453 0.3208 0.09961 0.09668
0 0.43457 0.21289 0.08008 0.10742
0 0.56494 0.31494 0.05371 0.0752
