0 0.33203 0.45605 0.07031 0.07031
0 0.30176 0.59424 0.08984 0.08496
0 0.19336 0.05615 0.08008 0.10449
0 0.41309 0.6084 0.08203 0.07227
0 0.21191 0.41992 0.0957 0.08008
0 0.74707 0.20459 0.10938 0.0752
0 0.13232 0.29199 0.08496 0.0957
0 0.68994 0.71973 0.08496 0.125
0 0.57227 0.05469 0.09961 0.08008
0 0.44678 0.22314 0.13965 0.12793
0 0.75391 0.6123 0.06836 0.05273
0 0.87793 0.75098 0.08594 0.14062
0 0.73584 0.85449 0.1123 0.0957
0 0.25098 0.76123 0.0625 0.06543
0 0.58154 0.44043 0.05762 0.06055
0 0.18848 0.85938 0.07617 0.07227
0 0.74854 0.37256 0.06348 0.05957
0 0.16309 0.36865 0.0625 0.0498
0 0.16602 0.75732 0.07031 0.0752
0 0.03418 0.48535 0.06445 0.06445
0 0.09863 0.604 0.08984 0.08691
0 0.07715 0.39697 0.05469 0.0752
0 0.02588 0.41162 0.05176 0.10449
0 0.7959 0.0542 0.08789 0.09473
0 0.85205 0.06641 0.0752 0.10742
0 0.0376 0.66357 0.07324 0.11621
0 0.07812 0.76172 0.0625 0.04492
0 0.35645 0.39111 0.10156 0.05566
