0 0.94727 0.2002 0.10547 0.12109
0 0.38086 0.34229 0.0918 0.12012
0 0.96143 0.42725 0.07715 0.09863
0 0.29834 0.78223 0.1123 0.18945
0 0.97217 0.61719 0.05566 0.20508
0 0.31592 0.47412 0.17285 0.18262
0 0.68311 0.50977 0.07129 0.10547
0 0.47168 0.63232 0.08984 0.12988
0 0.72314 0.62061 0.16309 0.27246
0 0.3916 0.9458 0.08008 0.08691
0 0.43262 0.19775 0.16602 0.09668
0 0.92773 0.07373 0.14062 0.06348
0 0.52832 0.94775 0.0625 0.10254
0 0.54297 0.02588 0.09375 0.05176
0 0.47852 0.8623 0.07812 0.27539
0 0.41211 0.67334 0.10547 0.17285
0 0.10645 0.57715 0.20898 0.11523
0 0.49023 0.12256 0.18945 0.10059
0 0.58936 0.15234 0.2002 0.30469
0 0.90186 0.94971 0.09473 0.10059
0 0.91943 0.11719 0.16113 0.13672
