0 0.60986 0.93945 0.07324 0.08594
0 0.23877 0.44092 0.0752 0.08496
0 0.88477 0.11279 0.05273 0.08887
0 0.73779 0.50684 0.04785 0.08594
0 0.03955 0.17871 0.06348 0.08984
0 0.29102 0.95752 0.06836 0.0752
0 0.94482 0.76172 0.05371 0.07812
0 0.75488 0.09229 0.05664 0.09668
0 0.12109 0.16943 0.06641 0.08105
0 0.83887 0.17285 0.04688 0.08789
0 0.94824 0.03027 0.0332 0.06055
0 0.07373 0.45459 0.06934 0.1084
0 0.53271 0.41211 0.05566 0.09961
0 0.45947 0.93457 0.0459 0.08008
0 0.84912 0.54736 0.06543 0.10449
0 0.7168 0.8916 0.06445 0.07422
0 0.00732 0.77686 0.01465 0.0752
0 0.42725 0.59326 0.04395 0.08691
0 0.12549 0.61035 0.07324 0.07227
0 0.12061 0.21924 0.06543 0.06934
0 0.93945 0.85547 0.06055 0.05078
0 0.65723 0.21875 0.03906 0.07812
0 0.88965 0.20752 0.04102 0.07715
0 0.47998 0.83105 0.03613 0.06836
0 0.97021 0.28857 0.05566 0.05371
0 0.00635 0.8833 0.0127 0.04785
0 0.77246 0.21924 0.04102 0.06543
0 0.96826 0.22803 0.06348 0.0791
0 0.16699 0.86816 0.07617 0.03906
0 0.51611 0.80566 0.03027 0.06836
0 0.98438 0.51318 0.03125 0.05176
0 0.19775 0.92871 0.03613 0.06641
0 0.31641 0.50879 0.07617 0.05078
0 0.62256 0.33887 0.05176 0.0625
0 0.05127 0.9751 0.08301 0.01855
0 0.74414 0.22168 0.05273 0.06055
0 0.34424 0.96826 0.06738 0.03027
0 0.37402 0.51807 0.0293 0.05566
0 0.31445 0.32812 0.05469 0.04102
0 0.1626 0.06152 0.0791 0.04102
0 0.97656 0.97998 0.0293 0.04004
0 0.07178 0.80273 0.03613 0.05469
0 0.59082 0.16064 0.04883 0.05371
0 0.67285 0.19287 0.05273 0.06738
0 0.89746 0.89648 0.03125 0.05078
0 0.21777 0.89746 0.04102 0.0625
0 0.75195 0.30518 0.0332 0.04785
0 0.19971 0.67676 0.06934 0.02734
0 0.92432 0.87646 0.03809 0.04395
0 0.35254 0.81885 0.04688 0.04199
0 0.3605 0.6769 0.08818 0.0501
0 0.53906 0.63965 0.04883 0.02734
0 0.55176 0.19727 0.05078 0.0293
0 0.66016 0.05469 0.04492 0.03125
0 0.43555 0.78613 0.04297 0.05273
0 0.53516 0.30615 0.04688 0.0166
0 0.02637 0.40234 0.05273 0.06445
0 0.18945 0.9917 0.05273 0.0166
0 0.00781 0.20605 0.01562 0.0293
0 0.27002 0.70898 0.03418 0.04297
0 0.36523 0.54443 0.10156 0.06738
0 0.89844 0.93896 0.05078 0.04004
0 0.53369 0.93994 0.04199 0.0459
0 0.26465 0.88867 0.04492 0.04688
0 0.38232 0.875 0.03613 0.03516
0 0.43604 0.81836 0.05566 0.04492
0 0.79932 0.88428 0.0498 0.04004
0 0.68848 0.74561 0.06445 0.05566
