0 0.04395 0.87012 0.08789 0.09961
0 0.36475 0.67188 0.12988 0.10938
0 0.87988 0.55176 0.08008 0.13086
0 0.54248 0.52832 0.12988 0.08789
0 0.47949 0.08301 0.09375 0.11523
0 0.58252 0.06787 0.13184 0.12012
0 0.3208 0.54004 0.09668 0.13672
0 0.08643 0.21191 0.08301 0.11328
0 0.3125 0.28516 0.07422 0.06836
0 0.47314 0.4585 0.11426 0.06738
0 0.37988 0.92725 0.08789 0.10254
0 0.72656 0.42383 0.06836 0.08789
0 0.76514 0.771 0.07129 0.08691
0 0.85156 0.05664 0.10352 0.08008
0 0.84326 0.44287 0.08105 0.08105
0 0.39795 0.10986 0.06348 0.10254
