0 0.05957 0.98828 0.07422 0.02344
0 0.07568 0.95312 0.07715 0.0625
0 0.07031 0.86914 0.07812 0.0918
0 0.22021 0.92041 0.07324 0.06934
0 0.30322 0.96973 0.05762 0.06055
0 0.23486 0.97998 0.06738 0.04004
0 0.43115 0.96729 0.07324 0.06543
0 0.51416 0.9502 0.06543 0.06445
0 0.60986 0.97119 0.06934 0.05762
0 0.71729 0.97314 0.06348 0.05371
0 0.80225 0.93457 0.11426 0.06445
0 0.71045 0.83398 0.10449 0.08008
0 0.47412 0.8667 0.15918 0.0791
0 0.39746 0.74414 0.0918 0.07812
0 0.21289 0.70508 0.07031 0.08984
0 0.07812 0.77783 0.07812 0.09082
0 0.0166 0.74219 0.0332 0.10156
0 0.76123 0.91357 0.07129 0.06348
0 0.88623 0.93506 0.07129 0.07129
0 0.95312 0.88184 0.08594 0.08008
0 0.84131 0.83691 0.09863 0.07227
0 0.80908 0.72607 0.09473 0.08105
0 0.52686 0.72217 0.06934 0.06543
0 0.49219 0.61182 0.07812 0.15332
0 0.94873 0.56055 0.10254 0.07617
0 0.79541 0.49951 0.08496 0.07324
0 0.92432 0.41699 0.10059 0.07617
0 0.77588 0.41748 0.09863 0.06934
0 0.72168 0.32227 0.08984 0.11133
0 0.45996 0.38818 0.08984 0.09277
0 0.20947 0.33887 0.06934 0.10547
0 0.23779 0.42725 0.06543 0.06738
0 0.32373 0.34375 0.07324 0.06641
0 0.35156 0.52441 0.08398 0.08203
0 0.32422 0.63672 0.10352 0.06445
0 0.0249 0.46143 0.0498 0.09473
0 0.05273 0.37109 0.10547 0.07227
0 0.1333 0.18555 0.07715 0.08789
0 0.47266 0.24268 0.13867 0.0752
0 0.37207 0.13428 0.07227 0.07324
0 0.31201 0.08057 0.07715 0.08887
0 0.20752 0.07031 0.08691 0.07812
0 0.0542 0.07178 0.05762 0.07129
0 0.01611 0.01025 0.03223 0.02051
0 0.09619 0.01953 0.07324 0.03906
0 0.38184 0.02344 0.0918 0.04688
0 0.44141 0.07178 0.08594 0.08496
0 0.54053 0.01465 0.0752 0.0293
0 0.62402 0.06641 0.10156 0.06836
0 0.70166 0.05957 0.0752 0.07227
0 0.86426 0.01172 0.12109 0.02344
0 0.98682 0.02393 0.02637 0.04785
0 0.91992 0.08008 0.06641 0.07422
0 0.96289 0.15088 0.07422 0.08105
0 0.9873 0.08936 0.02539 0.05566
0 0.10156 0.51514 0.07812 0.05566
0 0.59277 0.91211 0.0625 0.06836
0 0.7251 0.77295 0.06738 0.06738
0 0.72266 0.71436 0.07422 0.06543
0 0.16064 0.45557 0.05957 0.06348
0 0.03662 0.12695 0.06543 0.06641
0 0.17969 0.021 0.06445 0.04199
