0 0.48584 0.19336 0.05176 0.09766
0 0.09619 0.24219 0.0752 0.09961
0 0.38135 0.41406 0.07129 0.13086
0 0.54834 0.16162 0.0498 0.1084
0 0.59814 0.75195 0.09082 0.0625
0 0.67969 0.521 0.10156 0.13379
0 0.38721 0.57373 0.08301 0.1084
0 0.37012 0.03857 0.0293 0.07715
0 0.72559 0.93311 0.05664 0.10254
0 0.3667 0.6958 0.03809 0.09082
0 0.13965 0.61621 0.08008 0.11914
0 0.72607 0.73682 0.10449 0.0459
0 0.68408 0.85547 0.12402 0.06445
0 0.89648 0.2749 0.08789 0.09473
0 0.33008 0.28467 0.08594 0.06348
0 0.65088 0.06006 0.04199 0.08887
0 0.80469 0.0376 0.06445 0.07324
0 0.20752 0.96777 0.05566 0.06445
0 0.21826 0.32764 0.09668 0.08301
0 0.50879 0.59619 0.09375 0.0459
0 0.57812 0.30029 0.10352 0.04199
0 0.69434 0.09424 0.06445 0.08301
0 0.26514 0.20459 0.04004 0.13574
0 0.5415 0.97021 0.05957 0.05371
0 0.19727 0.34814 0.07617 0.05762
0 0.86963 0.59424 0.10059 0.03809
0 0.91211 0.72217 0.05664 0.05957
0 0.74951 0.08496 0.03418 0.13672
0 0.97461 0.67676 0.05078 0.08008
0 0.29248 0.60889 0.09473 0.04004
0 0.1792 0.02783 0.11621 0.05566
0 0.59814 0.79834 0.05566 0.06152
0 0.03174 0.90332 0.06348 0.05859
0 0.17822 0.29248 0.1377 0.04395
0 0.41064 0.70752 0.08691 0.08496
0 0.85889 0.04053 0.06738 0.03223
0 0.17432 0.89453 0.0752 0.03711
0 0.51465 0.39062 0.0293 0.08008
0 0.51074 0.72119 0.04102 0.06152
0 0.09766 0.72168 0.08398 0.04102
0 0.2749 0.67383 0.05762 0.04102
0 0.10889 0.02783 0.0498 0.05566
0 0.03271 0.3457 0.06543 0.0332
0 0.56641 0.2334 0.02539 0.08594
0 0.09131 0.979 0.05762 0.04199
0 0.41357 0.36133 0.09082 0.04688
0 0.00732 0.2749 0.01465 0.02246
0 0.7207 0.07471 0.02734 0.07129
0 0.88706 0.64668 0.04248 0.11172
0 0.97607 0.80371 0.02832 0.05859
0 0.14941 0.91846 0.08203 0.01855
0 0.80908 0.62207 0.04785 0.04297
0 0.74756 0.01855 0.03418 0.03711
0 0.32422 0.01953 0.04102 0.03906
0 0.00928 0.72607 0.01855 0.0166
0 0.25586 0.01562 0.03125 0.03125
0 0.82031 0.56543 0.04102 0.03125
0 0.46338 0.57715 0.05371 0.14648
0 0.60498 0.0249 0.03223 0.0498
0 0.07324 0.87256 0.05859 0.01465
0 0.13086 0.979 0.06055 0.04199
0 0.90576 0.63086 0.04199 0.05273
