0 0.23779 0.10547 0.10059 0.11719
0 0.46045 0.62598 0.13965 0.12305
0 0.5293 0.78174 0.125 0.12012
0 0.26367 0.9043 0.10742 0.125
0 0.80518 0.27637 0.12012 0.08203
0 0.48926 0.08447 0.20508 0.15918
0 0.31348 0.31689 0.10742 0.12012
0 0.13818 0.08789 0.05762 0.0625
0 0.84814 0.9248 0.10254 0.08008
0 0.92676 0.8667 0.10742 0.07715
0 0.15576 0.69434 0.07324 0.08594
0 0.89697 0.10938 0.11035 0.10938
0 0.96436 0.74561 0.07129 0.07715
0 0.27051 0.67529 0.0625 0.06738
0 0.94824 0.58203 0.09766 0.11914
0 0.94482 0.48096 0.11035 0.09277
0 0.73096 0.04688 0.19238 0.08984
0 0.14795 0.37842 0.10254 0.15723
0 0.62549 0.87354 0.1123 0.14746
0 0.11182 0.22705 0.0752 0.09082
0 0.84473 0.10938 0.06055 0.06055
0 0.95361 0.02588 0.09277 0.05176
0 0.95605 0.90674 0.08789 0.08496
