0 0.0127 0.88184 0.02539 0.0918
0 0.33887 0.9458 0.13086 0.09082
0 0.32666 0.97803 0.11621 0.04395
0 0.19824 0.9292 0.05469 0.08105
0 0.271 0.80518 0.1084 0.0498
0 0.25537 0.75244 0.06543 0.05957
0 0.05225 0.75537 0.0791 0.08301
0 0.11768 0.73145 0.07129 0.08984
0 0.33447 0.64941 0.11816 0.11719
0 0.43457 0.68018 0.08398 0.0752
0 0.43408 0.75879 0.0459 0.08008
0 0.50684 0.81738 0.05859 0.06445
0 0.59521 0.9248 0.09668 0.05859
0 0.63867 0.89258 0.05664 0.04883
0 0.56152 0.97949 0.0625 0.04102
0 0.67822 0.96826 0.13184 0.06348
0 0.78564 0.97266 0.11816 0.05469
0 0.77881 0.90088 0.08301 0.05762
0 0.79492 0.8208 0.07422 0.06348
0 0.69678 0.71387 0.0498 0.05469
0 0.75391 0.73096 0.06055 0.06543
0 0.69189 0.65381 0.06738 0.0752
0 0.02295 0.52637 0.0459 0.07031
0 0.03809 0.44434 0.07617 0.14844
0 0.15527 0.41797 0.06836 0.05078
0 0.1665 0.32715 0.05762 0.06055
0 0.19385 0.25928 0.07324 0.06543
0 0.09814 0.22607 0.06934 0.0791
0 0.06543 0.15186 0.10547 0.08496
0 0.15527 0.11914 0.06445 0.06836
0 0.16455 0.03125 0.13184 0.0625
0 0.24023 0.0249 0.0625 0.0498
0 0.35645 0.03662 0.0625 0.07324
0 0.47803 0.03809 0.07715 0.07617
0 0.83398 0.00781 0.06055 0.01562
0 0.60449 0.04688 0.07227 0.06055
0 0.68799 0.1875 0.06348 0.06641
0 0.55225 0.22266 0.08691 0.06836
0 0.51221 0.36963 0.10059 0.06934
0 0.47314 0.44775 0.06543 0.06543
0 0.55176 0.46045 0.08984 0.08496
0 0.63135 0.45361 0.07715 0.0752
0 0.58936 0.53271 0.1084 0.06934
0 0.72656 0.48486 0.05469 0.05371
0 0.85254 0.39258 0.06445 0.0625
0 0.79297 0.31201 0.07422 0.06152
0 0.86328 0.19629 0.08594 0.06836
0 0.90869 0.12695 0.06543 0.0625
0 0.99316 0.14014 0.01367 0.07715
0 0.95898 0.2998 0.08203 0.06836
0 0.9917 0.3877 0.0166 0.07422
0 0.89404 0.54004 0.06738 0.05664
0 0.85156 0.67773 0.06445 0.06641
0 0.88086 0.71826 0.07031 0.06348
0 0.95361 0.68066 0.08105 0.08008
0 0.85254 0.78027 0.06055 0.06836
0 0.86279 0.84033 0.09277 0.06934
0 0.97021 0.83789 0.05957 0.06836
0 0.97119 0.95801 0.05762 0.06445
0 0.49414 0.93164 0.07617 0.05664
0 0.27148 0.56543 0.06445 0.07617
0 0.29004 0.9043 0.08398 0.05664
0 0.63965 0.53369 0.05469 0.06543
