0 0.30078 0.0835 0.11328 0.08301
0 0.83545 0.03125 0.10254 0.0625
0 0.81738 0.22217 0.09766 0.09473
0 0.49072 0.33643 0.08105 0.07324
0 0.27686 0.37207 0.11035 0.10547
0 0.40576 0.03857 0.09668 0.07715
0 0.68066 0.57715 0.08203 0.125
0 0.46289 0.6543 0.15234 0.0957
0 0.63916 0.42236 0.08496 0.12012
0 0.7417 0.0459 0.0752 0.0918
0 0.29395 0.51709 0.12891 0.08301
0 0.53955 0.09326 0.06543 0.06738
0 0.69336 0.22461 0.07812 0.09961
0 0.50684 0.18066 0.08008 0.07812
0 0.55811 0.26221 0.06738 0.06543
0 0.57715 0.1792 0.14062 0.0752
0 0.53174 0.02246 0.0752 0.04492
0 0.97461 0.41699 0.05078 0.0957
0 0.12012 0.12793 0.0625 0.10547
0 0.3916 0.35938 0.10938 0.10938
0 0.16699 0.25928 0.17578 0.13965
0 0.67188 0.72363 0.10156 0.09766
0 0.43945 0.08838 0.07031 0.07715
0 0.50586 0.04688 0.07812 0.08984
0 0.0498 0.20996 0.09961 0.10547
0 0.76953 0.52441 0.06445 0.08984
