0 0.42822 0.61084 0.11816 0.08301
0 0.37451 0.06689 0.19434 0.08496
0 0.63574 0.19238 0.08203 0.13477
0 0.4209 0.50342 0.12305 0.1377
0 0.50439 0.24707 0.13965 0.08008
0 0.36865 0.38574 0.1123 0.07812
0 0.18115 0.8916 0.14746 0.125
0 0.20947 0.45312 0.14941 0.08203
0 0.87549 0.57324 0.1123 0.05664
0 0.52979 0.7085 0.08496 0.06738
0 0.84229 0.37598 0.06543 0.09766
0 0.05957 0.42676 0.11914 0.125
0 0.47705 0.81055 0.23926 0.08789
0 0.8457 0.7583 0.12695 0.08691
0 0.75049 0.76221 0.10254 0.1748
0 0.73096 0.82617 0.07715 0.0625
0 0.61914 0.92822 0.16797 0.14355
0 0.90332 0.1582 0.19336 0.0625
0 0.44971 0.94092 0.1377 0.11816
0 0.93213 0.12598 0.11426 0.07227
0 0.896 0.47314 0.20801 0.08301
0 0.74854 0.56201 0.05762 0.06934
0 0.91309 0.27441 0.13281 0.06055
0 0.19336 0.56543 0.12305 0.14258
0 0.88867 0.6709 0.22266 0.09766
0 0.87793 0.84668 0.21875 0.07422
0 0.94873 0.80713 0.10254 0.09473
0 0.0249 0.95605 0.0498 0.08789
0 0.86572 0.95947 0.06738 0.06934
0 0.76807 0.62451 0.08301 0.04004
0 0.94336 0.88232 0.11328 0.0498
0 0.80176 0.97705 0.08984 0.0459
0 0.9585 0.40332 0.08301 0.07812
0 0.93066 0.2959 0.12695 0.08203
0 0.96338 0.22363 0.07324 0.0625
0 0.93994 0.30469 0.12012 0.06445
0 0.07568 0.9834 0.12793 0.0332
0 0.84814 0.39355 0.06738 0.03711
0 0.89209 0.72168 0.12988 0.04492
0 0.82324 0.67822 0.19727 0.07324
0 0.55078 0.95605 0.05273 0.08789
