0 0.87598 0.67334 0.08984 0.06738
0 0.20068 0.30078 0.0752 0.08789
0 0.14355 0.44385 0.08008 0.09277
0 0.51807 0.03369 0.05371 0.06738
0 0.33545 0.7251 0.07715 0.07324
0 0.14209 0.39209 0.08301 0.10059
0 0.81494 0.20508 0.09473 0.12305
0 0.98584 0.34863 0.02832 0.05469
0 0.32764 0.19629 0.10059 0.06641
0 0.76416 0.1167 0.0752 0.08496
0 0.84131 0.36523 0.07324 0.10742
0 0.95557 0.36377 0.08887 0.06934
0 0.27002 0.0332 0.08105 0.06641
0 0.24854 0.39111 0.09082 0.05957
0 0.68408 0.37305 0.06543 0.0957
0 0.03418 0.54004 0.06641 0.0625
0 0.53516 0.51074 0.12109 0.04883
0 0.48242 0.28271 0.08789 0.10059
0 0.63818 0.79199 0.04785 0.0625
0 0.36816 0.53564 0.09375 0.0459
0 0.41992 0.47949 0.10547 0.05078
0 0.32178 0.15527 0.08105 0.06445
0 0.82178 0.48438 0.05957 0.04883
0 0.21973 0.18262 0.07227 0.04883
0 0.85107 0.13184 0.07324 0.05078
0 0.95605 0.63086 0.06836 0.05273
0 0.47266 0.06348 0.06445 0.05078
0 0.43213 0.82959 0.06543 0.04199
0 0.11182 0.73682 0.11816 0.0498
0 0.49609 0.5752 0.09961 0.03711
0 0.49512 0.90576 0.04492 0.0791
0 0.80225 0.38135 0.09277 0.05762
0 0.17236 0.03662 0.09863 0.07324
0 0.7749 0.39062 0.08496 0.05469
0 0.95557 0.48926 0.08887 0.04688
0 0.03174 0.72314 0.06348 0.0498
0 0.54297 0.98438 0.06055 0.03125
0 0.6377 0.37549 0.07617 0.05957
0 0.02539 0.75488 0.05078 0.0625
0 0.28564 0.45508 0.10059 0.03906
0 0.42432 0.40332 0.04395 0.11719
0 0.83203 0.75732 0.09766 0.0752
0 0.73877 0.1377 0.06543 0.04102
0 0.90479 0.36426 0.04199 0.05664
0 0.89893 0.77002 0.14355 0.04785
0 0.1001 0.51416 0.12988 0.04199
0 0.71924 0.19336 0.04004 0.06055
0 0.9458 0.93262 0.1084 0.03906
0 0.29883 0.64307 0.10742 0.03027
0 0.18799 0.81152 0.12402 0.04688
0 0.79102 0.76318 0.06641 0.04785
0 0.34814 0.98535 0.08691 0.0293
0 0.31006 0.93555 0.0752 0.03906
0 0.2959 0.57959 0.09961 0.03223
0 0.52979 0.61621 0.0791 0.03711
0 0.66113 0.92529 0.05664 0.03223
0 0.2373 0.06055 0.08984 0.04688
0 0.77344 0.93018 0.07031 0.03613
0 0.31494 0.03369 0.05762 0.04199
0 0.28955 0.49023 0.12598 0.03711
0 0.43652 0.89502 0.08008 0.03613
0 0.08496 0.43701 0.08203 0.03418
0 0.84277 0.83496 0.07227 0.0332
0 0.90527 0.75098 0.11133 0.04688
0 0.7666 0.80518 0.09961 0.0752
0 0.7124 0.77539 0.0791 0.05664
0 0.91553 0.46387 0.06738 0.05273
0 0.30957 0.4834 0.09961 0.04492
0 0.26807 0.37549 0.09277 0.0459
0 0.32617 0.0542 0.05273 0.03418
0 0.19678 0.01367 0.0459 0.02734
0 0.63672 0.57275 0.04688 0.03809
0 0.104 0.86719 0.06934 0.04883
