0 0.82324 0.50049 0.0918 0.07715
0 0.39453 0.53955 0.10938 0.0752
0 0.31836 0.67236 0.10742 0.09473
0 0.51416 0.28711 0.12988 0.08008
0 0.89941 0.59961 0.07031 0.08008
0 0.51904 0.0293 0.06738 0.05859
0 0.40479 0.2666 0.0752 0.08008
0 0.1499 0.21191 0.0752 0.06055
0 0.92236 0.93848 0.0752 0.07227
0 0.31836 0.82568 0.06445 0.06934
0 0.25977 0.50488 0.08008 0.08984
0 0.0835 0.47119 0.11035 0.08496
0 0.56982 0.95166 0.0791 0.08496
0 0.83594 0.88428 0.0625 0.06543
0 0.61475 0.39844 0.0752 0.07227
0 0.66846 0.9541 0.09277 0.08008
