0 0.03418 0.41895 0.0625 0.07422
0 0.52686 0.0415 0.10254 0.07324
0 0.87695 0.35205 0.08398 0.07324
0 0.54932 0.50293 0.08496 0.03906
0 0.9502 0.6416 0.04297 0.11133
0 0.07861 0.9624 0.09668 0.06934
0 0.62646 0.41504 0.1123 0.07227
0 0.93018 0.46826 0.13965 0.09863
0 0.92773 0.95557 0.06445 0.05176
0 0.15576 0.23291 0.05566 0.04395
0 0.6377 0.70654 0.08789 0.10254
0 0.89502 0.40723 0.0498 0.04102
0 0.10693 0.21826 0.05762 0.04395
0 0.70264 0.86328 0.07715 0.05273
0 0.46729 0.67432 0.09668 0.04785
0 0.46533 0.26758 0.0498 0.03125
0 0.88818 0.29736 0.07129 0.12793
0 0.68555 0.15674 0.06445 0.04785
0 0.18506 0.85693 0.09473 0.0498
0 0.68506 0.52197 0.08105 0.03613
0 0.14844 0.50586 0.07031 0.03906
0 0.2373 0.5625 0.08984 0.03711
0 0.27539 0.53125 0.07812 0.05078
0 0.02783 0.9502 0.05371 0.07422
0 0.32764 0.80029 0.05371 0.08496
0 0.61475 0.4248 0.12988 0.07227
0 0.57666 0.47363 0.05957 0.04688
0 0.12646 0.41943 0.06348 0.06152
0 0.50342 0.65967 0.09668 0.05957
0 0.14209 0.78223 0.10059 0.04492
0 0.13086 0.65625 0.10156 0.04297
0 0.85498 0.53223 0.05762 0.04688
0 0.42871 0.94336 0.04883 0.04492
0 0.57812 0.83203 0.06836 0.05469
0 0.20947 0.9834 0.09863 0.0332
0 0.021 0.85986 0.04199 0.05176
0 0.55957 0.81885 0.08008 0.12793
0 0.43311 0.65869 0.08105 0.09863
0 0.97803 0.21826 0.04395 0.05957
0 0.01367 0.4458 0.02539 0.03809
0 0.2627 0.80029 0.06641 0.02832
0 0.90088 0.54736 0.03809 0.04199
0 0.03174 0.48145 0.06348 0.05273
0 0.01123 0.73877 0.02246 0.04004
0 0.51855 0.75195 0.05273 0.04688
0 0.29883 0.87012 0.06445 0.02539
0 0.85156 0.67871 0.05664 0.04297
0 0.91504 0.63037 0.04688 0.05566
0 0.72607 0.44678 0.05957 0.0498
0 0.7915 0.46729 0.0498 0.05176
0 0.80664 0.42725 0.0625 0.0498
0 0.75732 0.5166 0.07324 0.05469
0 0.04932 0.30664 0.09863 0.04492
0 0.78076 0.19434 0.07129 0.0332
0 0.14209 0.04297 0.05176 0.05078
0 0.12451 0.0459 0.06152 0.05273
0 0.34277 0.00977 0.0625 0.01953
0 0.25977 0.26074 0.05859 0.02539
