0 0.12549 0.04346 0.04199 0.08691
0 0.14355 0.104 0.04883 0.08105
0 0.12451 0.16943 0.06934 0.06348
0 0.36279 0.18652 0.07129 0.0957
0 0.41748 0.16406 0.06738 0.05859
0 0.47998 0.09424 0.0752 0.08105
0 0.55908 0.13525 0.06543 0.08105
0 0.57422 0.17432 0.08398 0.0791
0 0.56543 0.25977 0.05664 0.08398
0 0.42676 0.33301 0.10938 0.04883
0 0.41162 0.40527 0.05957 0.12305
0 0.2832 0.37061 0.07031 0.06543
0 0.18262 0.33496 0.06641 0.03711
0 0.21729 0.37451 0.09863 0.05762
0 0.02588 0.57227 0.05176 0.08789
0 0.0376 0.66016 0.0752 0.06641
0 0.15625 0.67236 0.05078 0.04004
0 0.01953 0.95557 0.03906 0.08887
0 0.06787 0.87207 0.05371 0.07422
0 0.08984 0.77881 0.05859 0.06348
0 0.1377 0.73486 0.06445 0.07129
0 0.1875 0.88428 0.04688 0.13574
0 0.13525 0.84082 0.05762 0.05469
0 0.23682 0.77734 0.06543 0.07422
0 0.36719 0.78125 0.08398 0.0625
0 0.40479 0.88379 0.09277 0.0918
0 0.29004 0.88525 0.06055 0.04004
0 0.24854 0.84814 0.09473 0.05566
0 0.33008 0.9707 0.09766 0.05859
0 0.43311 0.77539 0.05176 0.07617
0 0.50977 0.75928 0.08008 0.04395
0 0.48389 0.67188 0.09473 0.05078
0 0.49365 0.61475 0.06348 0.06348
0 0.64404 0.78418 0.09277 0.05078
0 0.72754 0.79248 0.10352 0.05566
0 0.90869 0.75684 0.07324 0.05469
0 0.95996 0.69482 0.08008 0.0459
0 0.97363 0.77393 0.05078 0.03809
0 0.89893 0.81836 0.07715 0.04883
0 0.9082 0.88672 0.11523 0.05078
0 0.80908 0.9126 0.13965 0.05957
0 0.61621 0.91504 0.06055 0.06641
0 0.6416 0.95312 0.05859 0.03906
0 0.5708 0.9292 0.05371 0.0498
0 0.56201 0.9585 0.05371 0.05176
0 0.52637 0.87305 0.06055 0.06055
0 0.48877 0.81934 0.05762 0.07812
0 0.54004 0.80371 0.08594 0.0625
0 0.97119 0.95117 0.05762 0.05664
0 0.93213 0.63281 0.10449 0.10547
0 0.80811 0.65771 0.06934 0.04785
0 0.88916 0.51172 0.10254 0.08398
0 0.9502 0.50781 0.09961 0.08203
0 0.64258 0.3335 0.10156 0.04785
0 0.64404 0.38623 0.08496 0.05957
0 0.70752 0.45557 0.08887 0.05371
0 0.73291 0.49707 0.10254 0.08984
0 0.78271 0.34033 0.1123 0.07715
0 0.84033 0.30762 0.09082 0.08203
0 0.97266 0.30811 0.05469 0.07129
0 0.94775 0.17383 0.10449 0.07031
0 0.66846 0.2915 0.07715 0.05957
0 0.82861 0.01758 0.10645 0.03516
0 0.44385 0.01562 0.06152 0.03125
0 0.49805 0.03711 0.10938 0.05273
0 0.1792 0.02197 0.04785 0.04395
0 0.16992 0.37207 0.08398 0.05273
0 0.04346 0.83154 0.06152 0.03613
0 0.3916 0.90186 0.04883 0.06543
0 0.46582 0.85693 0.03711 0.04199
0 0.44775 0.04883 0.08105 0.05078
0 0.91846 0.41699 0.0459 0.04297
0 0.88574 0.56494 0.04883 0.03809
0 0.69824 0.43994 0.08594 0.03809
0 0.80176 0.49951 0.0293 0.02637
0 0.11084 0.28467 0.04004 0.05566
0 0.51953 0.28857 0.04492 0.04785
0 0.20996 0.93359 0.11914 0.06055
