0 0.84814 0.93701 0.16309 0.0752
0 0.75732 0.33398 0.14746 0.13477
0 0.50244 0.87158 0.14746 0.08496
0 0.68213 0.53467 0.09473 0.09473
0 0.47217 0.42822 0.10449 0.06738
0 0.13232 0.83252 0.11035 0.08496
0 0.1543 0.65723 0.08789 0.05273
0 0.1582 0.27295 0.1875 0.1377
0 0.8291 0.51416 0.11719 0.07715
0 0.9248 0.05713 0.12109 0.08887
0 0.30469 0.80225 0.10938 0.09473
0 0.95605 0.77441 0.08789 0.06055
0 0.18945 0.72461 0.16016 0.08984
0 0.3208 0.96729 0.15723 0.06543
0 0.52295 0.07617 0.14746 0.0625
0 0.67139 0.06934 0.06152 0.07812
0 0.05225 0.41895 0.06348 0.13867
0 0.28955 0.32715 0.06543 0.10938
0 0.17773 0.3999 0.21094 0.1416
0 0.92188 0.66846 0.15039 0.1123
0 0.23682 0.93896 0.08496 0.11816
0 0.0625 0.76611 0.125 0.11426
0 0.23975 0.56104 0.1748 0.17285
0 0.62646 0.84961 0.10449 0.07227
0 0.54102 0.12451 0.15234 0.12012
0 0.55127 0.64697 0.10254 0.09473
0 0.40771 0.55127 0.11621 0.17285
0 0.58057 0.27344 0.10254 0.0625
0 0.38428 0.14697 0.12988 0.13574
0 0.5874 0.4917 0.28027 0.09473
0 0.24561 0.13184 0.16309 0.21484
0 0.31055 0.86963 0.22266 0.06934
0 0.93213 0.57275 0.13574 0.08301
0 0.1499 0.4834 0.08496 0.08203
0 0.56299 0.70459 0.1123 0.08496
0 0.08154 0.17432 0.07129 0.11035
0 0.06299 0.03467 0.12598 0.06543
0 0.48291 0.33496 0.14746 0.125
0 0.01367 0.71338 0.02734 0.15918
0 0.45312 0.0249 0.11914 0.04785
0 0.73682 0.12744 0.07324 0.10059
0 0.60449 0.31836 0.07422 0.17188
0 0.82227 0.58057 0.08984 0.05762
0 0.9541 0.84473 0.0918 0.08984
0 0.70117 0.79785 0.11719 0.06055
0 0.32324 0.16943 0.0918 0.13965
0 0.55713 0.36865 0.05566 0.10254
0 0.46143 0.56055 0.21191 0.07227
0 0.31592 0.12354 0.08301 0.06738
0 0.30664 0.93408 0.07422 0.09082
0 0.62109 0.36719 0.10742 0.06055
