0 0.85645 0.42676 0.09961 0.12891
0 0.80615 0.62939 0.11816 0.12598
0 0.51221 0.3623 0.11621 0.11523
0 0.60986 0.16846 0.08691 0.09082
0 0.97119 0.43457 0.05762 0.07031
0 0.28174 0.05957 0.15137 0.06445
0 0.57031 0.93359 0.05273 0.12109
0 0.72852 0.48926 0.11328 0.08398
0 0.03955 0.44873 0.05176 0.05762
0 0.1416 0.86865 0.11328 0.04004
0 0.92139 0.7334 0.08105 0.05273
0 0.41553 0.0708 0.0791 0.13379
0 0.0332 0.09619 0.06641 0.03809
0 0.20215 0.54639 0.13672 0.08496
0 0.57422 0.32324 0.07812 0.08398
0 0.11572 0.55469 0.08301 0.04688
0 0.27539 0.28467 0.15625 0.05371
0 0.97217 0.68164 0.04199 0.0625
0 0.50342 0.54883 0.11035 0.05273
0 0.70801 0.6709 0.09766 0.02734
0 0.52734 0.43799 0.04492 0.07715
0 0.98145 0.17725 0.03711 0.10449
0 0.6123 0.60107 0.07031 0.04395
0 0.63086 0.97754 0.06445 0.04492
0 0.44434 0.58936 0.14062 0.08105
0 0.93164 0.25391 0.13086 0.06641
0 0.79932 0.02148 0.0459 0.04297
0 0.02979 0.55957 0.05957 0.02344
0 0.29053 0.69922 0.10254 0.04297
0 0.39551 0.92041 0.08594 0.04004
0 0.60254 0.46484 0.09375 0.04102
0 0.07275 0.22754 0.09277 0.07227
0 0.28027 0.73291 0.09766 0.02637
0 0.28955 0.02832 0.08691 0.02734
0 0.01758 0.93457 0.03516 0.0625
0 0.43408 0.03174 0.07715 0.05566
0 0.54395 0.22168 0.03516 0.1582
0 0.1416 0.02246 0.06055 0.04297
0 0.35547 0.03027 0.05859 0.03516
0 0.04883 0.50195 0.06836 0.08008
0 0.18555 0.29248 0.11914 0.08105
0 0.50439 0.66162 0.05176 0.05957
0 0.25537 0.61133 0.14355 0.05469
0 0.32422 0.31445 0.08594 0.0293
0 0.55225 0.9873 0.0498 0.02539
0 0.59863 0.58691 0.06836 0.05078
0 0.39746 0.30811 0.14062 0.06543
0 0.02148 0.98242 0.04297 0.0332
0 0.23047 0.93701 0.07227 0.06348
0 0.58398 0.63037 0.07812 0.04004
0 0.50586 0.18506 0.05078 0.04004
0 0.979 0.80078 0.04199 0.02734
0 0.21045 0.90967 0.22363 0.0498
0 0.06836 0.67627 0.09766 0.09863
0 0.4834 0.57373 0.125 0.06348
0 0.32422 0.5918 0.07812 0.06055
0 0.39307 0.60645 0.11035 0.05859
0 0.76172 0.98779 0.09766 0.02441
