0 0.74219 0.61084 0.10156 0.08887
0 0.91748 0.39404 0.09277 0.05566
0 0.05273 0.96582 0.10352 0.0625
0 0.50342 0.6709 0.09082 0.08203
0 0.07373 0.45312 0.09473 0.08398
0 0.55371 0.18994 0.07812 0.09863
0 0.68164 0.09424 0.08984 0.07129
0 0.44043 0.03662 0.06836 0.07324
0 0.04492 0.75342 0.08594 0.08105
0 0.79053 0.41553 0.1416 0.08887
0 0.27148 0.71436 0.08789 0.1123
0 0.60205 0.34424 0.0752 0.07324
0 0.89355 0.3291 0.12891 0.07422
0 0.40967 0.37803 0.10156 0.07324
0 0.58545 0.77832 0.10449 0.05078
0 0.49414 0.02832 0.11523 0.05664
0 0.89355 0.60742 0.13281 0.0957
0 0.30762 0.79688 0.16992 0.06836
0 0.19287 0.33301 0.15332 0.05859
0 0.19238 0.41455 0.12891 0.04004
0 0.75977 0.7373 0.14258 0.04102
0 0.98389 0.37256 0.03223 0.04004
0 0.38379 0.5459 0.13477 0.06641
0 0.12891 0.46338 0.06641 0.05566
0 0.36816 0.02197 0.09375 0.04395
0 0.94434 0.6123 0.06836 0.06641
0 0.40918 0.66016 0.0957 0.05273
0 0.48047 0.43994 0.17188 0.08301
0 0.10693 0.88574 0.15332 0.11523
0 0.05176 0.49365 0.10352 0.02832
0 0.32764 0.18799 0.18652 0.1416
0 0.43994 0.71924 0.0791 0.03613
0 0.18848 0.78857 0.12305 0.04004
0 0.33398 0.44971 0.07422 0.03809
0 0.03955 0.32715 0.0752 0.04102
0 0.94434 0.79395 0.11133 0.07031
0 0.60059 0.27002 0.13477 0.09473
0 0.89502 0.12939 0.0791 0.18848
0 0.83672 0.85498 0.1543 0.0543
0 0.8125 0.7959 0.13477 0.04688
0 0.68604 0.83545 0.10254 0.03809
0 0.8291 0.70068 0.22852 0.06348
0 0.88965 0.07373 0.07617 0.06348
0 0.28613 0.01367 0.03711 0.02734
0 0.22217 0.0542 0.17871 0.03809
0 0.23145 0.01904 0.10742 0.03809
0 0.03857 0.14648 0.07715 0.04102
0 0.89209 0.99365 0.05762 0.0127
0 0.71582 0.78857 0.09961 0.0498
0 0.36963 0.99121 0.03613 0.01758
0 0.0498 0.52783 0.09766 0.03809
0 0.82422 0.76514 0.14453 0.04395
0 0.30908 0.7168 0.05566 0.05859
0 0.15674 0.10938 0.12012 0.06641
0 0.57031 0.29102 0.08594 0.07031
0 0.02832 0.86865 0.05664 0.07324
0 0.22461 0.83789 0.12305 0.06836
0 0.33496 0.83008 0.14258 0.05664
