0 0.40527 0.479 0.05664 0.07715
0 0.65381 0.02197 0.04785 0.04395
0 0.32324 0.53809 0.07617 0.11523
0 0.03906 0.96436 0.07812 0.07129
0 0.59961 0.03516 0.06445 0.07031
0 0.10693 0.49756 0.12012 0.05957
0 0.72266 0.06641 0.10352 0.10742
0 0.78369 0.76123 0.06934 0.09863
0 0.07031 0.82471 0.08008 0.12598
0 0.65137 0.25293 0.08008 0.08203
0 0.16992 0.43213 0.0957 0.05176
0 0.71338 0.40234 0.09668 0.0625
0 0.70215 0.73828 0.09375 0.09766
0 0.40869 0.05811 0.13379 0.11035
0 0.98486 0.50342 0.03027 0.12793
0 0.72607 0.15039 0.09082 0.08398
0 0.7334 0.38818 0.05469 0.08496
0 0.21338 0.71875 0.09277 0.07422
0 0.13867 0.73584 0.08008 0.06543
0 0.12207 0.80225 0.07422 0.05957
0 0.11572 0.96875 0.05957 0.0625
0 0.34814 0.82471 0.04199 0.04785
0 0.77002 0.85449 0.08496 0.06836
0 0.1626 0.45996 0.10059 0.04297
0 0.11816 0.39941 0.09766 0.07422
0 0.12402 0.28906 0.11719 0.08789
0 0.19238 0.21826 0.08203 0.09863
0 0.1543 0.08643 0.06445 0.07715
0 0.03027 0.43359 0.06055 0.07227
0 0.04053 0.29688 0.08105 0.07031
0 0.88721 0.32178 0.0752 0.11621
0 0.43604 0.97803 0.1123 0.04395
0 0.63428 0.8833 0.04395 0.03418
0 0.03906 0.10498 0.05664 0.05566
0 0.11328 0.1543 0.0625 0.04883
