0 0.29932 0.1626 0.10449 0.05762
0 0.04785 0.46533 0.0957 0.0498
0 0.52197 0.12891 0.08496 0.04492
0 0.94043 0.24512 0.11328 0.05469
0 0.28271 0.48828 0.11621 0.0625
0 0.40137 0.25293 0.10547 0.04297
0 0.69287 0.21924 0.10449 0.03223
0 0.66797 0.47656 0.10547 0.04883
0 0.95605 0.1875 0.08594 0.06445
0 0.17334 0.26367 0.09668 0.04102
0 0.57715 0.22363 0.07227 0.03516
0 0.47852 0.22949 0.08398 0.04102
0 0.59033 0.18213 0.08496 0.04004
0 0.85498 0.45898 0.08887 0.04688
0 0.59619 0.26611 0.11035 0.04199
0 0.12256 0.46143 0.1084 0.04395
0 0.75146 0.3623 0.09082 0.02734
0 0.40576 0.34326 0.13379 0.04785
0 0.78271 0.29199 0.10254 0.04492
0 0.96436 0.65283 0.07129 0.03223
0 0.79785 0.45361 0.05859 0.03613
0 0.45703 0.59375 0.10938 0.03516
0 0.55566 0.80469 0.08789 0.05273
0 0.85059 0.56543 0.08008 0.0332
0 0.81592 0.24463 0.0791 0.04004
0 0.26758 0.92236 0.12695 0.05176
0 0.04541 0.64795 0.08887 0.03027
0 0.34326 0.87207 0.10645 0.05664
0 0.20068 0.18604 0.0752 0.03613
0 0.95605 0.6582 0.08789 0.05469
0 0.14062 0.8916 0.08008 0.05469
0 0.85791 0.16748 0.11426 0.0498
0 0.51123 0.16699 0.09082 0.03906
0 0.84229 0.53027 0.10059 0.03906
0 0.62305 0.43799 0.10352 0.03418
0 0.78662 0.60449 0.07324 0.0332
0 0.94775 0.50049 0.09082 0.04785
0 0.68164 0.65771 0.11719 0.03418
0 0.63232 0.81885 0.08691 0.04004
0 0.89941 0.20947 0.06641 0.03613
0 0.05908 0.3042 0.1084 0.05762
0 0.9668 0.36084 0.06445 0.05176
0 0.85059 0.77734 0.09961 0.04688
0 0.25 0.61963 0.10938 0.03613
0 0.74072 0.90137 0.1084 0.05664
0 0.92578 0.75732 0.08984 0.03613
0 0.67969 0.69434 0.06836 0.0293
0 0.87305 0.90088 0.08008 0.0459
0 0.42627 0.14893 0.06934 0.04199
0 0.1958 0.89258 0.09863 0.04688
0 0.25146 0.52051 0.09473 0.04102
0 0.38281 0.49707 0.125 0.04297
0 0.88184 0.29346 0.08203 0.04199
0 0.11816 0.95801 0.11719 0.03906
0 0.03857 0.61475 0.07715 0.03613
0 0.33691 0.28613 0.05273 0.02148
0 0.30322 0.80469 0.09863 0.04297
0 0.4668 0.5459 0.11523 0.04492
0 0.52979 0.69824 0.08496 0.03906
0 0.50928 0.51611 0.08887 0.03809
0 0.16895 0.94629 0.10156 0.03711
0 0.12256 0.75537 0.11426 0.04004
0 0.66602 0.88574 0.0957 0.03711
0 0.25586 0.60693 0.0957 0.03613
0 0.15869 0.59277 0.1084 0.04492
0 0.25732 0.3335 0.1084 0.04004
0 0.67773 0.47119 0.08008 0.03613
0 0.88721 0.27295 0.09668 0.03418
0 0.08545 0.20361 0.1377 0.03809
0 0.05664 0.58936 0.11328 0.04785
0 0.71436 0.63037 0.10645 0.03418
0 0.38086 0.46973 0.10352 0.03711
0 0.32861 0.44189 0.07129 0.03027
