0 0.04639 0.1875 0.09277 0.06836
0 0.11719 0.10596 0.06055 0.06543
0 0.15479 0.18799 0.05371 0.0498
0 0.1123 0.18457 0.05469 0.07617
0 0.09424 0.24268 0.0498 0.05957
0 0.04395 0.25 0.06836 0.05859
0 0.04541 0.37207 0.09082 0.07617
0 0.15625 0.32129 0.14453 0.07812
0 0.11865 0.4043 0.05762 0.0625
0 0.03906 0.6333 0.07812 0.08496
0 0.354 0.39209 0.12988 0.11816
0 0.35645 0.47021 0.12305 0.08301
0 0.49512 0.41699 0.05859 0.06445
0 0.42139 0.26611 0.10449 0.06543
0 0.54248 0.29102 0.08301 0.0625
0 0.47217 0.15283 0.13574 0.06934
0 0.63672 0.0498 0.0918 0.07422
0 0.67432 0.19873 0.1709 0.07715
0 0.76465 0.25781 0.06055 0.07422
0 0.82031 0.23535 0.04492 0.04883
0 0.83936 0.28906 0.06543 0.06445
0 0.89893 0.3125 0.06934 0.13867
0 0.9668 0.12549 0.06641 0.14746
0 0.92236 0.0835 0.05762 0.15918
0 0.83838 0.13574 0.0752 0.08008
0 0.84033 0.96191 0.06543 0.07617
0 0.75928 0.95947 0.14941 0.08105
0 0.37793 0.9248 0.05469 0.10742
0 0.45801 0.91016 0.07617 0.08594
0 0.62695 0.92627 0.14062 0.09277
0 0.51123 0.88428 0.09863 0.12402
0 0.57715 0.85303 0.0625 0.11816
0 0.49951 0.81543 0.05176 0.07617
0 0.57373 0.77783 0.06738 0.05957
0 0.70654 0.78369 0.06543 0.05957
0 0.02588 0.85742 0.05176 0.08398
0 0.07227 0.8291 0.05273 0.07227
0 0.15234 0.74561 0.09375 0.06152
0 0.18994 0.68262 0.07715 0.08789
0 0.27881 0.71045 0.08691 0.07129
0 0.38037 0.73486 0.07129 0.12598
0 0.93213 0.7915 0.13574 0.08105
0 0.56201 0.56348 0.08887 0.07617
0 0.91699 0.3999 0.08008 0.05566
0 0.39697 0.15576 0.05762 0.06152
0 0.02295 0.80713 0.0459 0.07129
0 0.98779 0.85986 0.02441 0.05566
0 0.98291 0.71484 0.03418 0.0625
