0 0.50977 0.48877 0.10742 0.12012
0 0.15332 0.28076 0.10742 0.12207
0 0.96094 0.76465 0.07812 0.13086
0 0.87549 0.50684 0.1123 0.125
0 0.84326 0.80566 0.07715 0.0918
0 0.21191 0.11572 0.10547 0.14746
0 0.63184 0.4082 0.11523 0.12695
0 0.50439 0.37451 0.09473 0.10059
0 0.20361 0.71338 0.1084 0.1123
0 0.79443 0.31201 0.11035 0.13574
0 0.22021 0.42725 0.1123 0.15527
0 0.36572 0.41211 0.10254 0.10547
0 0.37451 0.66113 0.09473 0.09766
0 0.52539 0.85107 0.07617 0.06738
0 0.15967 0.63086 0.10449 0.08203
0 0.45996 0.17676 0.08594 0.09375
0 0.92432 0.29932 0.14941 0.10449
0 0.90967 0.96387 0.09277 0.07031
0 0.91211 0.16992 0.07227 0.09961
0 0.1582 0.21875 0.06641 0.06836
0 0.94971 0.19141 0.08887 0.10938
0 0.09326 0.12842 0.07715 0.06738
0 0.65479 0.03564 0.12012 0.06738
0 0.81152 0.4248 0.06445 0.0625
0 0.39062 0.12842 0.10742 0.1377
0 0.28467 0.0293 0.0752 0.05469
0 0.38672 0.02051 0.08008 0.03711
0 0.03809 0.47559 0.07227 0.08789
0 0.95215 0.82471 0.08203 0.09082
0 0.47705 0.12109 0.08691 0.10547
