0 0.96338 0.60107 0.07324 0.08105
0 0.85645 0.7417 0.2168 0.13965
0 0.09912 0.56445 0.15918 0.06641
0 0.12158 0.36328 0.14551 0.06641
0 0.14014 0.15381 0.18262 0.09082
0 0.69043 0.24219 0.19531 0.0918
0 0.59717 0.63477 0.07324 0.09375
0 0.07764 0.07568 0.15527 0.09668
0 0.46094 0.14355 0.21289 0.11133
0 0.80371 0.47559 0.24805 0.08789
0 0.7417 0.70703 0.17285 0.09375
0 0.96338 0.03516 0.07324 0.07031
0 0.29785 0.87109 0.09766 0.07422
0 0.49951 0.9209 0.20215 0.15234
0 0.47754 0.03857 0.23242 0.07715
0 0.18213 0.28955 0.18262 0.12012
0 0.28857 0.94824 0.09473 0.10352
0 0.76807 0.20508 0.21191 0.08008
0 0.76514 0.9502 0.08691 0.09961
0 0.82764 0.60254 0.24902 0.08789
0 0.97461 0.28223 0.05078 0.08008
0 0.02881 0.32568 0.05762 0.13574
0 0.30908 0.95361 0.09473 0.09277
0 0.21436 0.95752 0.09082 0.05371
0 0.13721 0.94385 0.17285 0.07129
0 0.11963 0.87793 0.12402 0.12305
0 0.64551 0.82129 0.09961 0.10156
0 0.82812 0.30811 0.1582 0.10059
0 0.74268 0.3501 0.24512 0.09668
0 0.84326 0.40137 0.1416 0.06641
0 0.82178 0.25879 0.1123 0.09766
0 0.63379 0.58643 0.08398 0.07129
