0 0.59033 0.02393 0.0752 0.04785
0 0.42383 0.03906 0.0918 0.06836
0 0.5957 0.1333 0.06836 0.06152
0 0.10352 0.97266 0.08008 0.05469
0 0.16211 0.98535 0.05469 0.0293
0 0.23145 0.99121 0.05859 0.01758
0 0.1709 0.90918 0.0625 0.05664
0 0.26953 0.84326 0.09766 0.07324
0 0.30908 0.97998 0.08301 0.04004
0 0.38086 0.98486 0.06836 0.03027
0 0.43115 0.97852 0.05957 0.04297
0 0.50732 0.93945 0.09082 0.06836
0 0.64746 0.85791 0.07031 0.06543
0 0.97217 0.47217 0.05371 0.05957
0 0.90479 0.41504 0.10254 0.0625
0 0.88574 0.46973 0.08008 0.06055
0 0.79199 0.54102 0.08203 0.06836
0 0.46631 0.53564 0.06738 0.05957
0 0.40967 0.54639 0.06738 0.06348
0 0.33252 0.40088 0.0791 0.07129
0 0.24121 0.46924 0.07812 0.05566
0 0.27686 0.56543 0.07324 0.08008
0 0.0293 0.46045 0.05859 0.07129
0 0.58447 0.97314 0.05176 0.05371
