0 0.92725 0.38184 0.0791 0.08203
0 0.1543 0.29297 0.11133 0.05078
0 0.59033 0.45312 0.0752 0.0625
0 0.979 0.75879 0.04199 0.04297
0 0.11133 0.68555 0.12109 0.06641
0 0.48047 0.14648 0.07617 0.05469
0 0.33203 0.75195 0.11133 0.05859
0 0.88965 0.71631 0.09766 0.06348
0 0.55176 0.03174 0.13672 0.06152
0 0.77734 0.03955 0.08789 0.06152
0 0.07471 0.0625 0.12598 0.0625
0 0.30615 0.59912 0.08496 0.03027
0 0.33887 0.06543 0.06055 0.08398
0 0.68652 0.90039 0.10352 0.08008
0 0.85059 0.4248 0.0625 0.04492
0 0.04053 0.29541 0.08105 0.05566
0 0.47266 0.74951 0.07422 0.03613
0 0.42871 0.36035 0.12695 0.05469
0 0.896 0.56152 0.07715 0.05664
0 0.27783 0.75781 0.07715 0.04883
0 0.12354 0.72998 0.13574 0.04395
0 0.5332 0.93018 0.09961 0.04199
0 0.7915 0.02686 0.07324 0.05371
0 0.1001 0.54102 0.1084 0.06445
0 0.38135 0.41211 0.11816 0.04883
0 0.67529 0.34521 0.10645 0.06152
0 0.42969 0.03027 0.13477 0.06055
0 0.24072 0.03955 0.10645 0.04785
0 0.21338 0.81396 0.13965 0.05957
0 0.78418 0.09717 0.08594 0.05762
0 0.2627 0.85352 0.12109 0.0332
0 0.09082 0.875 0.12109 0.0625
0 0.84619 0.7793 0.08691 0.05664
0 0.0752 0.83203 0.13867 0.03711
0 0.4043 0.11328 0.05859 0.05469
0 0.46094 0.3999 0.0957 0.03027
0 0.49023 0.89453 0.10938 0.04688
0 0.80371 0.53418 0.06445 0.05078
0 0.14014 0.67285 0.08301 0.03711
0 0.25293 0.20312 0.09375 0.03711
0 0.03125 0.87549 0.0625 0.04199
0 0.79004 0.40479 0.06836 0.0498
0 0.92969 0.85254 0.09375 0.03906
0 0.0415 0.47607 0.08301 0.04004
0 0.64404 0.01514 0.06738 0.03027
0 0.40186 0.81543 0.11621 0.03711
0 0.17969 0.43994 0.13281 0.04785
0 0.95703 0.49512 0.08398 0.05273
0 0.17725 0.7666 0.08887 0.03906
0 0.02197 0.76953 0.04395 0.06055
0 0.03711 0.43506 0.07422 0.04785
0 0.50293 0.53076 0.06641 0.03223
0 0.50391 0.24121 0.06055 0.04102
0 0.4834 0.85107 0.06836 0.03223
0 0.66113 0.53223 0.0625 0.04297
0 0.29883 0.80811 0.08594 0.05957
0 0.26416 0.1709 0.0791 0.03906
0 0.06006 0.49512 0.1123 0.0332
0 0.58789 0.86035 0.10352 0.05859
0 0.83594 0.82812 0.09375 0.04688
0 0.02295 0.38428 0.0459 0.04395
0 0.7749 0.83447 0.04785 0.04199
0 0.04004 0.02881 0.06836 0.04199
0 0.04004 0.34082 0.07617 0.02734
0 0.30029 0.81543 0.08691 0.03125
0 0.31104 0.01758 0.05762 0.03516
0 0.17871 0.01074 0.04688 0.02148
0 0.71387 0.021 0.04297 0.04004
0 0.90088 0.50342 0.05371 0.03809
