0 0.9375 0.85986 0.08594 0.17285
0 0.87109 0.72314 0.0625 0.09082
0 0.72998 0.94775 0.07715 0.10449
0 0.57959 0.96289 0.07715 0.07422
0 0.96533 0.41699 0.06348 0.06836
0 0.69727 0.0459 0.08594 0.08398
0 0.54346 0.24902 0.14746 0.14062
0 0.56689 0.24902 0.11621 0.11719
0 0.36572 0.32861 0.06934 0.16895
0 0.44824 0.3916 0.05664 0.07227
0 0.39307 0.48828 0.10645 0.17383
0 0.25879 0.17676 0.16992 0.16992
0 0.17432 0.15332 0.10254 0.28125
0 0.25977 0.46729 0.0957 0.13965
0 0.19238 0.4375 0.11328 0.23242
0 0.19482 0.56299 0.07715 0.10449
0 0.12891 0.4043 0.07422 0.10742
0 0.09961 0.46338 0.13086 0.09082
0 0.18652 0.75488 0.08203 0.0957
0 0.29443 0.84277 0.08887 0.15039
0 0.06201 0.63184 0.08887 0.09375
0 0.03516 0.54053 0.07031 0.10645
0 0.89355 0.04785 0.07422 0.0957
0 0.10254 0.03223 0.11719 0.0625
0 0.38867 0.27979 0.07227 0.1748
0 0.64258 0.29736 0.06641 0.04395
0 0.0166 0.44434 0.0332 0.11328
0 0.1709 0.16943 0.14062 0.09473
0 0.11914 0.08984 0.02734 0.06445
0 0.06152 0.65918 0.05078 0.06641
