0 0.35352 0.48193 0.13672 0.0752
0 0.70215 0.92334 0.14453 0.1123
0 0.47949 0.01465 0.11523 0.0293
0 0.39746 0.32324 0.125 0.07227
0 0.32812 0.57422 0.08984 0.07812
0 0.35059 0.8584 0.09766 0.07812
0 0.5083 0.38721 0.12793 0.06543
0 0.39697 0.54785 0.10059 0.0625
0 0.42871 0.21045 0.15039 0.07715
0 0.71924 0.80176 0.13965 0.07031
0 0.46729 0.63965 0.13965 0.08008
0 0.08203 0.62354 0.08008 0.07715
0 0.22412 0.30566 0.12012 0.07227
0 0.7583 0.17578 0.13184 0.05664
0 0.49854 0.55957 0.1123 0.06055
0 0.59424 0.62354 0.12012 0.06738
0 0.13965 0.08398 0.0957 0.04883
0 0.74072 0.72803 0.12793 0.10254
0 0.75195 0.39062 0.125 0.07227
0 0.08203 0.36572 0.08984 0.05762
0 0.07568 0.52588 0.09277 0.08301
0 0.22998 0.36084 0.08496 0.07715
0 0.61963 0.71191 0.10449 0.07031
0 0.68457 0.5542 0.11523 0.06738
0 0.0459 0.75586 0.0918 0.07227
0 0.47949 0.31445 0.07422 0.04492
0 0.82471 0.0249 0.14551 0.0498
0 0.34961 0.15625 0.17969 0.0625
0 0.79053 0.63037 0.14746 0.10254
0 0.58105 0.29443 0.13281 0.08496
0 0.52344 0.23193 0.10742 0.06934
0 0.82666 0.56689 0.20996 0.10449
0 0.81201 0.08691 0.13965 0.04492
0 0.01611 0.61963 0.03223 0.0752
0 0.89697 0.05322 0.19043 0.07324
0 0.69189 0.13916 0.11035 0.0752
0 0.77588 0.1333 0.13184 0.04199
0 0.83594 0.25098 0.12695 0.05273
0 0.93213 0.25293 0.11035 0.09766
0 0.72705 0.29492 0.08496 0.04492
0 0.91309 0.37109 0.13281 0.07227
0 0.66357 0.46094 0.10254 0.05273
0 0.521 0.42969 0.1377 0.06055
0 0.77588 0.48926 0.12793 0.04492
0 0.57617 0.55078 0.0625 0.05664
0 0.94336 0.5083 0.11328 0.07715
0 0.27197 0.95752 0.12988 0.08496
0 0.51709 0.77637 0.07324 0.04688
