0 0.08545 0.19092 0.08496 0.09473
0 0.29688 0.03955 0.07031 0.0791
0 0.22168 0.37988 0.08594 0.0918
0 0.03662 0.51709 0.06152 0.07129
0 0.23535 0.55371 0.06055 0.06836
0 0.4458 0.57275 0.11816 0.11426
0 0.50977 0.47559 0.06445 0.06445
0 0.4751 0.37549 0.12988 0.16113
0 0.2915 0.75586 0.16113 0.11914
0 0.15771 0.90771 0.15527 0.09473
0 0.26172 0.86572 0.07812 0.06934
0 0.45898 0.93457 0.08203 0.09766
0 0.67236 0.95117 0.09668 0.07227
0 0.73975 0.89746 0.07129 0.07227
0 0.64893 0.61377 0.08691 0.06738
0 0.66504 0.54053 0.10156 0.0752
0 0.86865 0.53174 0.06543 0.06543
0 0.72168 0.35938 0.05859 0.07227
0 0.9458 0.50098 0.1084 0.19727
0 0.94775 0.25293 0.0752 0.17578
0 0.82422 0.21436 0.07617 0.07129
0 0.77002 0.10254 0.11426 0.07812
0 0.67871 0.03906 0.0957 0.06055
0 0.96094 0.06396 0.07812 0.05176
0 0.05811 0.85303 0.07324 0.07715
0 0.21045 0.02148 0.06348 0.04297
0 0.8501 0.4209 0.0791 0.06641
0 0.94971 0.03369 0.06738 0.05762
0 0.37109 0.01562 0.0918 0.03125
0 0.55811 0.00977 0.04004 0.01953
0 0.38281 0.07715 0.04688 0.04297
0 0.69141 0.01074 0.05078 0.01953
0 0.02197 0.59277 0.04395 0.06641
0 0.13428 0.78809 0.05371 0.05859
