0 0.68457 0.30225 0.14062 0.13965
0 0.1665 0.73096 0.14355 0.06738
0 0.04199 0.34277 0.08398 0.12891
0 0.12988 0.9043 0.07617 0.10352
0 0.54883 0.04736 0.07617 0.09082
0 0.94385 0.44092 0.1123 0.08301
0 0.94873 0.29736 0.10254 0.09473
0 0.82959 0.76855 0.10449 0.0918
0 0.77295 0.84912 0.14746 0.11035
0 0.87842 0.94678 0.16309 0.0791
0 0.53809 0.24365 0.08398 0.08301
0 0.19092 0.50342 0.09473 0.14551
0 0.11621 0.65332 0.10742 0.0918
0 0.82666 0.22559 0.1416 0.08789
0 0.71338 0.62744 0.08496 0.05371
0 0.9248 0.21387 0.15039 0.0918
0 0.03662 0.17383 0.06934 0.10938
0 0.1001 0.0498 0.08105 0.09375
0 0.05322 0.60107 0.08691 0.07715
0 0.21973 0.56445 0.125 0.08984
0 0.23096 0.03711 0.08691 0.07031
