0 0.44238 0.08203 0.08789 0.14258
0 0.27148 0.2749 0.0918 0.12988
0 0.13818 0.68701 0.12207 0.19043
0 0.41455 0.62793 0.1709 0.07227
0 0.22461 0.1709 0.14062 0.08203
0 0.8208 0.36963 0.1123 0.21973
0 0.94092 0.11572 0.11816 0.09668
0 0.39795 0.39014 0.15137 0.26855
0 0.75293 0.80566 0.23242 0.2168
0 0.86963 0.08203 0.12012 0.08984
0 0.38281 0.81055 0.41992 0.25977
0 0.57568 0.7334 0.19238 0.1875
0 0.12744 0.11621 0.16504 0.23242
0 0.33447 0.96533 0.15918 0.06934
0 0.12451 0.21338 0.19434 0.22754
0 0.84326 0.65186 0.30176 0.47949
0 0.43701 0.77832 0.3291 0.16211
0 0.03125 0.20215 0.0625 0.07031
0 0.41455 0.41211 0.1709 0.10547
0 0.08984 0.29199 0.08984 0.18555
0 0.95996 0.59814 0.08008 0.08691
0 0.91846 0.97705 0.16309 0.04004
