0 0.05566 0.23682 0.08398 0.12207
0 0.06494 0.45117 0.09473 0.06641
0 0.04785 0.51562 0.08008 0.04883
0 0.10693 0.57715 0.06934 0.05078
0 0.23291 0.65088 0.09668 0.09277
0 0.3623 0.61523 0.05664 0.08008
0 0.32812 0.52148 0.08594 0.08203
0 0.41504 0.48535 0.06445 0.07227
0 0.59473 0.44043 0.08594 0.14648
0 0.41406 0.43311 0.05664 0.05957
0 0.25635 0.48926 0.0752 0.06445
0 0.20166 0.43555 0.07715 0.06836
0 0.30811 0.36035 0.06934 0.07227
0 0.28564 0.18994 0.08496 0.1084
0 0.3374 0.27441 0.06152 0.10547
0 0.40527 0.24316 0.05469 0.12109
0 0.55615 0.28027 0.0498 0.08594
0 0.63525 0.10449 0.09082 0.08008
0 0.79541 0.03369 0.07129 0.06348
0 0.8208 0.19141 0.0752 0.09961
0 0.77441 0.35938 0.07031 0.07812
0 0.70898 0.42871 0.04883 0.06055
0 0.85205 0.41797 0.0752 0.07031
0 0.95508 0.33594 0.07227 0.06445
0 0.96777 0.25439 0.05469 0.05957
0 0.98047 0.20996 0.03906 0.04883
0 0.89404 0.0166 0.07129 0.0332
0 0.95557 0.03857 0.06543 0.07715
0 0.66016 0.76025 0.08203 0.05371
0 0.93555 0.70215 0.07031 0.12695
0 0.83496 0.88428 0.04492 0.06934
0 0.73242 0.85156 0.05859 0.06055
0 0.88086 0.83643 0.05469 0.04395
0 0.53223 0.87744 0.08008 0.07129
0 0.39893 0.78516 0.07715 0.08789
0 0.44727 0.87695 0.05469 0.07812
0 0.31689 0.89893 0.06738 0.08496
0 0.14307 0.68604 0.08496 0.08691
0 0.07373 0.08203 0.05566 0.08984
0 0.14893 0.09668 0.05762 0.08398
0 0.29736 0.01367 0.06152 0.02734
0 0.35547 0.02588 0.04883 0.05176
0 0.56885 0.14111 0.0459 0.06543
0 0.604 0.57373 0.06152 0.0752
0 0.93359 0.19775 0.05273 0.04395
0 0.87061 0.24121 0.07324 0.05664
0 0.20361 0.7583 0.04395 0.06348
0 0.04102 0.65234 0.04297 0.04883
0 0.68311 0.97803 0.10645 0.04395
0 0.31348 0.66357 0.04688 0.04199
0 0.21094 0.48291 0.06055 0.06934
0 0.09131 0.49609 0.04199 0.05469
0 0.60742 0.3335 0.05469 0.06152
0 0.63184 0.37793 0.06445 0.08203
0 0.55127 0.40527 0.04199 0.06055
0 0.81152 0.67188 0.07227 0.12891
0 0.83154 0.47852 0.03809 0.03125
0 0.10059 0.19092 0.06836 0.03809
