0 0.7168 0.62549 0.13672 0.08496
0 0.15186 0.37402 0.0752 0.08398
0 0.04932 0.66748 0.09863 0.06934
0 0.37891 0.70996 0.08203 0.09766
0 0.28662 0.76611 0.08691 0.09668
0 0.05225 0.21045 0.10449 0.06934
0 0.29688 0.3623 0.09766 0.09961
0 0.18994 0.79053 0.1748 0.05957
0 0.27441 0.51807 0.0957 0.0791
0 0.59473 0.93408 0.14844 0.13184
0 0.13086 0.65137 0.09766 0.07617
0 0.90723 0.94482 0.07617 0.06348
0 0.57715 0.2334 0.11719 0.07812
0 0.38965 0.51904 0.11328 0.08105
0 0.10986 0.1665 0.10645 0.11426
0 0.20801 0.96582 0.06836 0.06836
0 0.79834 0.38867 0.15723 0.15234
0 0.13281 0.51465 0.09961 0.13086
0 0.36328 0.37012 0.09375 0.13867
0 0.63379 0.12305 0.05664 0.08984
0 0.4585 0.62109 0.10645 0.07227
0 0.03857 0.54834 0.07715 0.07715
0 0.97266 0.31104 0.05469 0.09082
0 0.8252 0.66162 0.17578 0.09473
0 0.79639 0.07275 0.09277 0.14551
0 0.54883 0.85156 0.14062 0.05078
0 0.47607 0.89795 0.12988 0.11035
0 0.20654 0.85059 0.15137 0.0918
0 0.2876 0.88232 0.08105 0.09668
0 0.17334 0.91309 0.13574 0.08398
0 0.07373 0.86279 0.11426 0.06543
0 0.21777 0.71875 0.04688 0.04102
0 0.92676 0.60156 0.05469 0.05469
