0 0.02783 0.80762 0.05566 0.10547
0 0.9375 0.14111 0.10547 0.11035
0 0.42188 0.83447 0.10547 0.09082
0 0.36377 0.67432 0.11426 0.0791
0 0.19824 0.26123 0.09766 0.08887
0 0.81641 0.96387 0.10547 0.04102
0 0.27441 0.78955 0.10938 0.09473
0 0.30664 0.49072 0.08984 0.08301
0 0.64697 0.78223 0.0752 0.08008
0 0.74463 0.45361 0.10449 0.10254
0 0.90576 0.3252 0.06348 0.04883
0 0.68555 0.42334 0.04297 0.05176
0 0.27881 0.21924 0.09277 0.10059
0 0.17773 0.18115 0.10352 0.09277
0 0.76807 0.07812 0.07715 0.09766
0 0.88379 0.56152 0.11523 0.05273
0 0.76709 0.69971 0.10059 0.06543
0 0.53223 0.50342 0.07422 0.0752
0 0.24707 0.7124 0.10938 0.12012
0 0.229 0.03076 0.09082 0.05957
0 0.93799 0.46533 0.05762 0.03809
0 0.85596 0.26709 0.09277 0.06543
0 0.82471 0.16943 0.05957 0.10059
0 0.74023 0.62793 0.07227 0.04297
0 0.63867 0.85645 0.08008 0.08984
