0 0.09668 0.0918 0.07422 0.07617
0 0.86572 0.10449 0.08887 0.08789
0 0.88965 0.6875 0.07617 0.07227
0 0.96826 0.26562 0.06348 0.05469
0 0.14307 0.68506 0.11035 0.05371
0 0.81201 0.12207 0.05762 0.08203
0 0.50684 0.81006 0.09766 0.06934
0 0.41797 0.45508 0.08789 0.08984
0 0.38184 0.52295 0.06641 0.08887
0 0.03857 0.66943 0.07324 0.09277
0 0.74316 0.78906 0.08594 0.13281
0 0.0835 0.49951 0.0752 0.0791
0 0.19824 0.74854 0.09375 0.05176
0 0.23633 0.96387 0.11914 0.07227
0 0.52148 0.46729 0.04102 0.07715
0 0.31543 0.44385 0.12305 0.06152
0 0.74121 0.93213 0.07617 0.06738
0 0.05518 0.54883 0.09082 0.04492
0 0.70947 0.41113 0.06348 0.05859
0 0.14258 0.3916 0.0918 0.06055
0 0.82715 0.57031 0.05078 0.05859
0 0.87061 0.19922 0.12012 0.03711
0 0.0542 0.40771 0.09277 0.06348
0 0.30957 0.16553 0.12109 0.08105
0 0.22949 0.2041 0.08594 0.05273
0 0.14111 0.03223 0.06934 0.06445
0 0.93994 0.44336 0.08691 0.05078
0 0.46094 0.97119 0.07227 0.05176
0 0.33496 0.74756 0.05469 0.08496
0 0.62451 0.12646 0.07715 0.05566
0 0.3623 0.72119 0.125 0.08301
0 0.29834 0.86279 0.06152 0.04199
0 0.79834 0.71924 0.06152 0.04785
0 0.43604 0.15674 0.06738 0.03809
0 0.87061 0.97168 0.06543 0.05273
0 0.11621 0.74365 0.04688 0.03223
0 0.4209 0.2959 0.06641 0.03906
0 0.03662 0.49414 0.07324 0.05664
0 0.02588 0.85303 0.05176 0.03223
0 0.23535 0.66699 0.07617 0.03906
0 0.2168 0.62549 0.10156 0.03027
0 0.77393 0.73828 0.08496 0.07227
0 0.33984 0.5332 0.05859 0.0293
0 0.77344 0.49902 0.07422 0.06055
0 0.77441 0.91699 0.05469 0.05664
0 0.9751 0.7749 0.0498 0.0498
0 0.38379 0.17725 0.07227 0.05762
0 0.3833 0.54395 0.05566 0.07031
0 0.1875 0.3877 0.06641 0.05078
0 0.50146 0.51807 0.0752 0.0459
0 0.97656 0.51904 0.04688 0.05762
0 0.83594 0.37939 0.0918 0.0752
0 0.65479 0.82471 0.05762 0.04785
0 0.26855 0.48633 0.0918 0.04883
0 0.65186 0.1748 0.07715 0.09766
0 0.22119 0.80762 0.1416 0.04297
0 0.85254 0.38623 0.06641 0.06934
0 0.63818 0.99023 0.06152 0.01953
0 0.2749 0.38525 0.06348 0.04004
0 0.03174 0.34277 0.06348 0.05273
0 0.19092 0.09033 0.12598 0.05957
0 0.19092 0.47168 0.06738 0.05859
0 0.96777 0.02979 0.05469 0.03613
0 0.85352 0.85986 0.07031 0.04199
0 0.71484 0.2334 0.05664 0.04102
0 0.19238 0.45703 0.06055 0.04492
0 0.05615 0.33447 0.06348 0.05371
0 0.94824 0.60156 0.04102 0.03125
0 0.65381 0.92432 0.09863 0.05957
0 0.2251 0.4375 0.07715 0.04492
0 0.0166 0.13916 0.0332 0.03613
0 0.82959 0.36621 0.08105 0.06055
0 0.95459 0.32959 0.04004 0.0459
0 0.83398 0.88721 0.04688 0.0498
0 0.74463 0.85742 0.10449 0.09375
0 0.30762 0.10205 0.1582 0.07715
