0 0.08594 0.05615 0.04883 0.05176
0 0.14111 0.18799 0.11621 0.06348
0 0.18555 0.24365 0.07812 0.05957
0 0.29102 0.04199 0.0625 0.07227
0 0.50537 0.06885 0.06152 0.06543
0 0.54639 0.15771 0.05566 0.07129
0 0.19141 0.45947 0.07617 0.08887
0 0.20654 0.52246 0.0791 0.08398
0 0.16064 0.58936 0.05371 0.07324
0 0.24902 0.54785 0.06445 0.06055
0 0.36621 0.51562 0.0625 0.06641
0 0.48828 0.52002 0.05664 0.06543
0 0.37109 0.64453 0.07812 0.0625
0 0.24805 0.67041 0.07031 0.05176
0 0.11035 0.76953 0.08398 0.06445
0 0.0752 0.91602 0.08203 0.07227
0 0.48291 0.9751 0.05371 0.0498
0 0.94531 0.95312 0.07422 0.08203
0 0.57324 0.64307 0.08203 0.0752
0 0.5835 0.56299 0.06348 0.05176
0 0.70068 0.60693 0.05371 0.07129
0 0.76465 0.60938 0.07031 0.06836
0 0.83301 0.59766 0.0918 0.0918
0 0.86035 0.49414 0.07812 0.06836
0 0.97119 0.02734 0.05176 0.05273
0 0.81299 0.18115 0.08301 0.06934
0 0.70996 0.10645 0.11133 0.07227
0 0.71777 0.04736 0.05664 0.05371
0 0.61621 0.06201 0.06055 0.05176
0 0.54443 0.03027 0.0752 0.06055
0 0.94775 0.7666 0.05176 0.05078
0 0.81104 0.74609 0.06348 0.05859
0 0.59717 0.98145 0.06543 0.03516
0 0.02246 0.64941 0.04492 0.06445
0 0.36963 0.60352 0.0498 0.05469
0 0.19238 0.21484 0.04102 0.03125
0 0.37939 0.08154 0.04395 0.03809
0 0.69287 0.02295 0.0791 0.0459
0 0.92725 0.02197 0.04395 0.04395
0 0.01904 0.88916 0.03809 0.0791
0 0.61572 0.21875 0.04199 0.04688
0 0.72803 0.08301 0.06348 0.03516
0 0.25195 0.58984 0.05273 0.04102
