0 0.81592 0.48096 0.09277 0.07715
0 0.92139 0.80469 0.15723 0.08008
0 0.90967 0.24707 0.12988 0.10938
0 0.7417 0.73438 0.08496 0.08008
0 0.67334 0.55469 0.09277 0.08008
0 0.73047 0.25195 0.11719 0.10547
0 0.7832 0.14697 0.13672 0.09473
0 0.89209 0.55908 0.09473 0.08496
0 0.7124 0.67676 0.12988 0.07031
0 0.95508 0.89453 0.08984 0.0957
0 0.9502 0.35596 0.09961 0.07324
0 0.90674 0.14062 0.12012 0.08789
0 0.9624 0.46436 0.0752 0.11035
0 0.95703 0.56592 0.08008 0.06738
0 0.65576 0.0542 0.12793 0.1084
