0 0.86475 0.16943 0.08301 0.09473
0 0.90771 0.59521 0.06738 0.09277
0 0.51611 0.33398 0.08691 0.05859
0 0.40186 0.06982 0.09082 0.08105
0 0.2207 0.53369 0.10938 0.05762
0 0.06396 0.60547 0.10254 0.06445
0 0.37256 0.9165 0.1084 0.07715
0 0.85352 0.54834 0.0625 0.07715
0 0.60596 0.53906 0.09082 0.05859
0 0.58154 0.1123 0.06543 0.16992
0 0.69824 0.27295 0.11523 0.06152
0 0.24316 0.65527 0.13477 0.05859
0 0.58691 0.25098 0.10547 0.07031
0 0.1582 0.25 0.08008 0.04492
0 0.84229 0.58398 0.06348 0.06055
0 0.04492 0.93457 0.08984 0.04883
0 0.22656 0.92334 0.13477 0.05176
0 0.25684 0.47998 0.14648 0.11621
0 0.30811 0.2002 0.14551 0.06445
0 0.58936 0.78564 0.09277 0.02637
0 0.86279 0.21582 0.06738 0.07227
0 0.98975 0.6123 0.02051 0.05078
0 0.47266 0.625 0.10938 0.06641
0 0.38037 0.50537 0.1084 0.0752
0 0.96924 0.46191 0.0127 0.08008
0 0.7373 0.60596 0.0918 0.03027
0 0.59717 0.56348 0.09277 0.07227
0 0.57666 0.91797 0.06543 0.06055
0 0.66748 0.98291 0.09082 0.03418
0 0.16162 0.89502 0.08887 0.03223
0 0.84326 0.02295 0.12402 0.03613
0 0.73242 0.68262 0.10742 0.0625
0 0.78613 0.18164 0.06641 0.04102
0 0.75391 0.3501 0.05859 0.05371
0 0.29053 0.61475 0.13184 0.04785
0 0.44385 0.7959 0.0791 0.04688
0 0.02539 0.88721 0.05078 0.06934
0 0.73145 0.96875 0.06641 0.04297
0 0.18896 0.70361 0.1123 0.09668
0 0.46436 0.90234 0.08887 0.03711
0 0.13379 0.66406 0.08008 0.06055
0 0.87646 0.63037 0.05762 0.0459
0 0.38184 0.57227 0.09375 0.06055
0 0.84521 0.23486 0.07324 0.05371
0 0.38965 0.54297 0.09961 0.08594
0 0.23877 0.58203 0.07324 0.0332
0 0.54297 0.53418 0.05859 0.05664
0 0.17236 0.60059 0.07324 0.05078
0 0.7041 0.64746 0.12891 0.05664
0 0.43799 0.69092 0.06543 0.03809
0 0.87207 0.50928 0.08398 0.04785
0 0.36377 0.68701 0.08105 0.0459
0 0.57422 0.69727 0.09961 0.06641
