0 0.38281 0.06396 0.10352 0.08301
0 0.30518 0.04248 0.10254 0.08301
0 0.18262 0.39404 0.06836 0.07715
0 0.05908 0.89941 0.11621 0.05273
0 0.26758 0.47461 0.06445 0.08789
0 0.4707 0.95557 0.06836 0.08887
0 0.92773 0.35059 0.08398 0.08398
0 0.65381 0.45459 0.17871 0.09473
0 0.09277 0.0542 0.10352 0.07715
0 0.22998 0.35986 0.09863 0.08301
0 0.15381 0.06494 0.18457 0.11035
0 0.98779 0.34717 0.02441 0.09082
0 0.6665 0.73584 0.08105 0.06152
0 0.15625 0.28906 0.07031 0.10156
0 0.30713 0.37402 0.12012 0.04492
0 0.4585 0.72607 0.08301 0.1084
0 0.48193 0.70801 0.09277 0.06445
0 0.47461 0.38135 0.17188 0.07129
0 0.85645 0.40381 0.04492 0.09082
0 0.83105 0.71094 0.09961 0.07031
0 0.49414 0.4209 0.13086 0.05664
0 0.32227 0.28076 0.11523 0.09668
0 0.91943 0.98047 0.06738 0.03906
0 0.27344 0.66162 0.08984 0.0498
0 0.18066 0.80322 0.13672 0.05176
0 0.43896 0.46924 0.12207 0.05762
0 0.28174 0.14404 0.12988 0.0791
0 0.87061 0.97656 0.06738 0.04688
0 0.80078 0.38916 0.10938 0.13965
0 0.94092 0.05371 0.11816 0.06445
0 0.72949 0.43066 0.06836 0.06055
0 0.75537 0.39404 0.09082 0.05176
0 0.77832 0.07959 0.07812 0.03809
0 0.05322 0.45215 0.10645 0.05469
0 0.14697 0.16455 0.07129 0.04004
0 0.72412 0.93799 0.03418 0.06152
0 0.79639 0.96533 0.09277 0.05566
0 0.03857 0.79395 0.07715 0.04102
0 0.54688 0.69531 0.07031 0.04297
0 0.16699 0.76221 0.15234 0.04785
0 0.61475 0.97852 0.03613 0.04297
0 0.64746 0.82422 0.06445 0.05273
0 0.68018 0.98926 0.08887 0.02148
0 0.02979 0.06201 0.05957 0.04004
0 0.09277 0.66064 0.13086 0.14355
0 0.55859 0.47461 0.08594 0.05078
0 0.90674 0.375 0.04004 0.09375
0 0.58057 0.01221 0.05566 0.02441
0 0.43652 0.64746 0.0293 0.06055
0 0.69922 0.02051 0.18359 0.04102
0 0.73438 0.27979 0.05664 0.04004
0 0.10498 0.98438 0.03418 0.03125
0 0.73535 0.88184 0.05859 0.03125
0 0.42383 0.3252 0.07031 0.07031
0 0.36377 0.35107 0.08301 0.04395
0 0.02734 0.39844 0.05469 0.04492
0 0.84668 0.03418 0.03125 0.06836
0 0.06641 0.33789 0.13281 0.14844
0 0.08057 0.33496 0.16113 0.13672
0 0.67578 0.2417 0.07812 0.22168
0 0.02539 0.73584 0.05078 0.05566
