0 0.84912 0.08789 0.10449 0.08789
0 0.62207 0.05566 0.13086 0.08203
0 0.31201 0.89062 0.09082 0.10742
0 0.69092 0.34814 0.12207 0.07715
0 0.77979 0.46582 0.12988 0.07812
0 0.22461 0.10596 0.07031 0.07715
0 0.80615 0.58936 0.1123 0.08496
0 0.15674 0.53711 0.0752 0.08008
0 0.6748 0.79834 0.15039 0.09277
0 0.9248 0.26953 0.08984 0.06445
0 0.31445 0.62451 0.16992 0.08496
0 0.72949 0.64697 0.07031 0.05566
0 0.51221 0.14941 0.09473 0.06055
0 0.04199 0.45947 0.06055 0.08496
0 0.61475 0.6958 0.10449 0.09668
0 0.04346 0.2085 0.07715 0.06738
0 0.73975 0.73975 0.11035 0.08496
0 0.3833 0.72314 0.12793 0.07715
0 0.32617 0.15088 0.14258 0.11816
0 0.021 0.74561 0.04199 0.08691
0 0.44482 0.00098 0.08496 0.00195
0 0.51123 0.44092 0.14746 0.11816
0 0.13574 0.021 0.09766 0.04199
0 0.53418 0.75684 0.08984 0.06055
0 0.73242 0.22363 0.08008 0.0625
0 0.09717 0.84229 0.06934 0.05957
0 0.51855 0.20215 0.11719 0.06445
0 0.00244 0.19727 0.00488 0.08984
0 0.68945 0.95605 0.07422 0.0625
0 0.80078 0.90723 0.10156 0.08008
0 0.11426 0.30615 0.08008 0.06738
0 0.47559 0.51611 0.08789 0.05762
0 0.94092 0.396 0.1123 0.05762
0 0.375 0.42236 0.07812 0.04785
0 0.69482 0.04834 0.05957 0.0498
0 0.24316 0.66797 0.0918 0.0625
0 0.5835 0.95703 0.10254 0.07031
0 0.09961 0.0708 0.08984 0.05762
0 0.41699 0.771 0.10547 0.05762
0 0.94434 0.63916 0.10547 0.08496
0 0.02979 0.81299 0.05957 0.07715
0 0.25098 0.9585 0.09766 0.08301
0 0.84961 0.70068 0.10547 0.07715
0 0.49805 0.97705 0.08789 0.0459
0 0.89941 0.66699 0.08984 0.05469
0 0.55957 0.84229 0.11914 0.05957
0 0.23193 0.41602 0.0752 0.0625
0 0.24219 0.90088 0.06055 0.05762
0 0.96582 0.52588 0.06836 0.06738
0 0.39355 0.5166 0.10742 0.04492
0 0.58691 0.53809 0.08984 0.07227
0 0.53955 0.60596 0.09082 0.04199
0 0.45068 0.59814 0.07715 0.03809
0 0.45459 0.8457 0.12988 0.0625
0 0.57031 0.97803 0.08789 0.04395
0 0.95215 0.96191 0.0957 0.07031
0 0.21826 0.60449 0.04785 0.08984
0 0.31543 0.55078 0.0625 0.0625
0 0.97363 0.47461 0.05273 0.05078
0 0.97119 0.33203 0.05762 0.06055
0 0.14941 0.25439 0.06055 0.0498
0 0.88916 0.80859 0.12598 0.09375
0 0.02246 0.52197 0.04297 0.06934
