0 0.07275 0.70703 0.09668 0.06836
0 0.77148 0.57422 0.07227 0.08008
0 0.2832 0.71143 0.05273 0.12793
0 0.52246 0.79053 0.06641 0.06934
0 0.37354 0.11377 0.09473 0.07324
0 0.91406 0.05713 0.07422 0.05566
0 0.19238 0.56445 0.08008 0.07422
0 0.7583 0.4541 0.04199 0.09375
0 0.39355 0.24268 0.08984 0.09082
0 0.59766 0.3042 0.07812 0.05762
0 0.34961 0.06592 0.07812 0.05566
0 0.38818 0.3667 0.05176 0.07129
0 0.72754 0.37109 0.03711 0.08789
0 0.02686 0.82861 0.05371 0.08301
0 0.23877 0.46973 0.07129 0.07031
0 0.0332 0.44336 0.06641 0.08203
0 0.95215 0.19629 0.04688 0.09375
0 0.62549 0.9126 0.07129 0.05957
0 0.94238 0.39453 0.09961 0.06641
0 0.58984 0.36963 0.0957 0.06738
0 0.1499 0.03223 0.08301 0.0625
0 0.07861 0.53711 0.07324 0.10156
0 0.47559 0.66406 0.08398 0.05859
0 0.0459 0.61816 0.0918 0.10352
0 0.92969 0.89844 0.04492 0.05664
0 0.96387 0.83691 0.07227 0.0625
0 0.81152 0.03516 0.05273 0.05078
0 0.67432 0.86475 0.06152 0.07129
0 0.54639 0.17676 0.06934 0.0957
0 0.75732 0.15918 0.06738 0.06641
0 0.66162 0.34961 0.03809 0.05664
0 0.38135 0.9751 0.03613 0.0498
0 0.62207 0.67969 0.07227 0.06055
0 0.71582 0.84082 0.06641 0.05078
0 0.12695 0.60986 0.06055 0.08496
0 0.82959 0.97217 0.05566 0.04395
0 0.28955 0.27539 0.0498 0.04492
0 0.4668 0.93652 0.06055 0.05859
0 0.89502 0.96484 0.07324 0.04297
0 0.65332 0.13721 0.05469 0.09668
0 0.82324 0.92041 0.05859 0.0752
0 0.77539 0.88916 0.04492 0.06152
0 0.79346 0.36572 0.06348 0.05176
0 0.22168 0.50635 0.04688 0.04004
0 0.02539 0.14355 0.05078 0.05273
0 0.59375 0.69922 0.04102 0.05469
0 0.03076 0.55908 0.06152 0.05371
0 0.30225 0.06689 0.05566 0.02832
0 0.16357 0.646 0.04395 0.05957
0 0.59912 0.46777 0.05566 0.13672
0 0.49365 0.36426 0.05371 0.05664
0 0.89697 0.82568 0.06152 0.06348
0 0.53906 0.67578 0.05664 0.0625
0 0.34863 0.81641 0.06836 0.05273
