0 0.86084 0.48047 0.07324 0.12695
0 0.96045 0.76514 0.0791 0.06543
0 0.17725 0.05713 0.13965 0.11035
0 0.1958 0.54736 0.09277 0.0752
0 0.271 0.27441 0.10254 0.08008
0 0.11963 0.45312 0.08496 0.08789
0 0.15088 0.21338 0.08691 0.12793
0 0.76074 0.7373 0.09766 0.07031
0 0.74219 0.79297 0.08008 0.0625
0 0.03467 0.3584 0.06934 0.07227
0 0.06201 0.71436 0.09082 0.08496
0 0.08203 0.20947 0.0957 0.08496
0 0.05811 0.57666 0.07715 0.08496
0 0.9541 0.81104 0.0918 0.05957
0 0.90283 0.50537 0.05762 0.08496
0 0.76562 0.2832 0.06445 0.05273
