0 0.70557 0.76221 0.08105 0.09277
0 0.97314 0.28711 0.05371 0.08008
0 0.3335 0.34033 0.09668 0.07324
0 0.10107 0.05664 0.13379 0.10938
0 0.38477 0.67627 0.09375 0.06348
0 0.81055 0.91699 0.125 0.08008
0 0.95654 0.30957 0.08301 0.07617
0 0.65234 0.24463 0.08984 0.09863
0 0.81641 0.86133 0.08789 0.05664
0 0.49268 0.24365 0.09863 0.10645
0 0.55859 0.92822 0.09766 0.05957
0 0.35352 0.28271 0.09961 0.08887
0 0.63672 0.45947 0.08789 0.11426
0 0.10791 0.39307 0.09863 0.08301
0 0.61523 0.8833 0.10352 0.07129
0 0.68018 0.604 0.11816 0.06738
0 0.77832 0.58203 0.0957 0.08008
0 0.93164 0.83594 0.10352 0.06641
0 0.69336 0.24609 0.0918 0.08203
0 0.72949 0.23535 0.05273 0.08008
0 0.68555 0.94629 0.12695 0.07422
0 0.88135 0.2041 0.08691 0.08398
0 0.7793 0.35547 0.09375 0.05273
0 0.90039 0.31348 0.13867 0.07812
0 0.27441 0.16797 0.06641 0.10352
0 0.73584 0.43311 0.07715 0.05176
0 0.69531 0.6626 0.07422 0.09473
0 0.40723 0.56934 0.13672 0.0625
0 0.0835 0.27246 0.08301 0.11328
0 0.73389 0.10742 0.09473 0.0957
0 0.4707 0.08691 0.07227 0.05664
0 0.15332 0.96826 0.11719 0.05762
0 0.61084 0.58594 0.06543 0.07227
0 0.61377 0.62598 0.0791 0.05078
0 0.89307 0.60791 0.09277 0.05762
0 0.1875 0.71338 0.11719 0.15332
0 0.13086 0.17285 0.08594 0.14648
0 0.55469 0.03125 0.10547 0.06055
0 0.49512 0.35156 0.0918 0.04492
0 0.40625 0.98291 0.08594 0.03027
0 0.36426 0.94092 0.12891 0.0459
0 0.38672 0.27686 0.07031 0.0752
0 0.76367 0.1665 0.08594 0.09473
0 0.83838 0.98779 0.08496 0.02441
0 0.28516 0.28076 0.08398 0.0459
0 0.58594 0.71338 0.09375 0.04785
0 0.11377 0.88965 0.12012 0.09766
0 0.46191 0.30273 0.0957 0.04297
0 0.9624 0.09863 0.04395 0.0332
0 0.09131 0.41309 0.10254 0.05469
0 0.19824 0.80957 0.06055 0.08594
0 0.79785 0.64893 0.11719 0.0459
0 0.9292 0.87012 0.12012 0.08984
0 0.3501 0.91016 0.08301 0.04883
0 0.51416 0.40967 0.10254 0.04785
0 0.71094 0.68018 0.17578 0.0498
0 0.21191 0.32422 0.08984 0.04883
0 0.74854 0.01807 0.04395 0.03418
0 0.44189 0.56201 0.07715 0.06348
0 0.01953 0.25391 0.03906 0.0625
0 0.64648 0.76318 0.08008 0.03418
0 0.56396 0.98633 0.07324 0.02344
0 0.36133 0.87012 0.04883 0.05273
0 0.92432 0.98047 0.10059 0.03906
0 0.02588 0.37402 0.05176 0.05859
0 0.62744 0.82031 0.06738 0.02734
0 0.20361 0.26807 0.09668 0.0791
0 0.31934 0.78711 0.07812 0.03906
0 0.02979 0.4917 0.05957 0.04395
0 0.03564 0.9375 0.07129 0.04492
