0 0.05566 0.35498 0.0625 0.06934
0 0.02002 0.37695 0.04004 0.06836
0 0.02246 0.4458 0.04492 0.08887
0 0.11182 0.48877 0.07129 0.06543
0 0.13623 0.37402 0.06348 0.07422
0 0.0332 0.21338 0.06641 0.05957
0 0.01807 0.05176 0.03613 0.06055
0 0.24805 0.11279 0.07812 0.07129
0 0.02246 0.91846 0.04492 0.0791
0 0.97705 0.92334 0.0459 0.08887
0 0.90967 0.91699 0.09277 0.07617
0 0.80713 0.91895 0.08691 0.0625
0 0.74414 0.97314 0.06836 0.05371
0 0.63525 0.9043 0.08691 0.08203
0 0.55273 0.90479 0.08789 0.08691
0 0.52783 0.84082 0.05957 0.07031
0 0.4873 0.80664 0.07812 0.08594
0 0.33936 0.9043 0.07129 0.06836
0 0.37256 0.93896 0.06348 0.07129
0 0.43994 0.91943 0.06543 0.10449
0 0.41016 0.98291 0.0918 0.03418
0 0.72607 0.78174 0.08301 0.07129
0 0.50635 0.73682 0.07715 0.0791
0 0.96289 0.78027 0.0625 0.09375
0 0.90039 0.66943 0.08008 0.08496
0 0.85791 0.59668 0.0791 0.06641
0 0.78564 0.54053 0.06934 0.07324
0 0.93115 0.52588 0.05957 0.1123
0 0.87598 0.47607 0.07812 0.07129
0 0.98291 0.44043 0.03418 0.11719
0 0.92773 0.4209 0.07617 0.07812
0 0.13428 0.67188 0.08105 0.08789
0 0.2124 0.71143 0.08887 0.09863
0 0.21338 0.63525 0.07324 0.06934
0 0.38281 0.61914 0.09375 0.07617
0 0.58691 0.55566 0.08398 0.08008
0 0.42383 0.45996 0.08008 0.09766
0 0.52344 0.47168 0.07617 0.0625
0 0.521 0.40039 0.08105 0.08789
0 0.63135 0.4043 0.09277 0.10156
0 0.67383 0.35352 0.07422 0.06641
0 0.72803 0.38379 0.09473 0.06836
0 0.60449 0.47217 0.08203 0.06348
0 0.64258 0.27539 0.07031 0.07812
0 0.57666 0.33936 0.06934 0.07129
0 0.32959 0.29688 0.07715 0.10938
0 0.68311 0.2124 0.06543 0.05371
0 0.55322 0.17188 0.06543 0.05859
0 0.70996 0.17236 0.06836 0.05566
0 0.80566 0.25732 0.06836 0.06543
0 0.5625 0.05518 0.14258 0.08691
0 0.30664 0.05322 0.0625 0.05566
0 0.66895 0.03076 0.05078 0.05566
0 0.98145 0.02637 0.03711 0.05273
0 0.93555 0.02588 0.07031 0.05176
0 0.6416 0.54297 0.05664 0.05469
0 0.83838 0.56055 0.05957 0.06836
0 0.0332 0.0166 0.06641 0.0332
0 0.2124 0.01514 0.07324 0.03027
0 0.51611 0.01172 0.09277 0.02344
0 0.80811 0.00977 0.0459 0.01953
0 0.85645 0.0083 0.04102 0.0166
0 0.91699 0.05469 0.07422 0.05859
