0 0.9624 0.62988 0.0752 0.125
0 0.90723 0.43213 0.08984 0.08496
0 0.66064 0.36963 0.07715 0.0752
0 0.53711 0.28467 0.08984 0.09473
0 0.4541 0.09668 0.08594 0.08594
0 0.88086 0.73828 0.14258 0.12305
0 0.73584 0.68701 0.07715 0.08496
0 0.75537 0.05225 0.09277 0.08691
0 0.77197 0.85352 0.12012 0.10742
0 0.67676 0.5166 0.16016 0.125
0 0.23486 0.20703 0.0752 0.08594
0 0.79834 0.95605 0.13184 0.08789
0 0.80859 0.23438 0.11719 0.13477
0 0.10352 0.13818 0.09766 0.08301
0 0.67236 0.9624 0.12012 0.0752
0 0.18848 0.80811 0.13281 0.14746
0 0.08105 0.01953 0.09766 0.03906
0 0.77197 0.19336 0.10059 0.08789
0 0.19971 0.03711 0.10449 0.07422
0 0.50195 0.96094 0.13477 0.07812
0 0.05713 0.37939 0.10059 0.10059
