0 0.18213 0.56201 0.11426 0.12988
0 0.95703 0.7085 0.08008 0.10254
0 0.27441 0.87598 0.15039 0.11719
0 0.96582 0.19971 0.06836 0.15527
0 0.71826 0.29199 0.08691 0.09961
0 0.646 0.72461 0.12793 0.08984
0 0.86719 0.66943 0.08008 0.12012
0 0.88428 0.87354 0.08496 0.1123
0 0.15576 0.88672 0.08301 0.0625
0 0.32178 0.30469 0.12988 0.18359
0 0.86572 0.49072 0.09863 0.1416
0 0.85791 0.19434 0.10254 0.13477
0 0.63574 0.62451 0.07227 0.0791
0 0.8916 0.56689 0.08008 0.06543
0 0.90723 0.05957 0.08789 0.10938
0 0.7793 0.33057 0.07031 0.09863
0 0.67578 0.45947 0.09766 0.10449
0 0.29932 0.05713 0.0752 0.11035
0 0.04346 0.22559 0.08301 0.11719
0 0.16699 0.03467 0.07422 0.06543
0 0.85059 0.03662 0.04883 0.05566
