0 0.02002 0.94092 0.04004 0.08301
0 0.32812 0.85889 0.11523 0.07129
0 0.36475 0.9209 0.07129 0.07422
0 0.42334 0.9585 0.09668 0.06934
0 0.31885 0.7583 0.06934 0.07715
0 0.22168 0.80127 0.05664 0.05176
0 0.15332 0.76514 0.0957 0.06348
0 0.01367 0.69727 0.02734 0.14062
0 0.03906 0.62061 0.0625 0.12402
0 0.08447 0.51416 0.06934 0.10645
0 0.01611 0.41992 0.03223 0.07812
0 0.02197 0.36377 0.04395 0.04785
0 0.0918 0.33984 0.10352 0.06836
0 0.24121 0.47949 0.10742 0.10156
0 0.375 0.42871 0.11719 0.10352
0 0.34033 0.54395 0.10645 0.0957
0 0.36475 0.32324 0.1377 0.12305
0 0.26807 0.28271 0.16504 0.1084
0 0.4873 0.45215 0.06641 0.07422
0 0.51562 0.3335 0.0918 0.10254
0 0.60059 0.40039 0.07617 0.11328
0 0.58691 0.48389 0.05664 0.05566
0 0.52148 0.64111 0.08594 0.07324
0 0.3418 0.69629 0.07422 0.07031
0 0.56006 0.7749 0.05957 0.07324
0 0.59082 0.81738 0.07422 0.07227
0 0.65527 0.76758 0.06055 0.07422
0 0.66064 0.88525 0.12402 0.06738
0 0.72607 0.94189 0.06348 0.1123
0 0.76562 0.57861 0.08594 0.08887
0 0.73389 0.43945 0.07715 0.0625
0 0.92432 0.52246 0.10645 0.0918
0 0.96777 0.72705 0.06445 0.12793
0 0.854 0.95557 0.10059 0.08887
0 0.92822 0.96924 0.05957 0.06152
0 0.86035 0.22949 0.09375 0.08789
0 0.71729 0.22705 0.05957 0.06543
0 0.71924 0.17529 0.10645 0.05762
0 0.44336 0.22217 0.14062 0.14355
0 0.32617 0.10742 0.07812 0.10156
0 0.15527 0.06885 0.0625 0.05957
0 0.51318 0.12842 0.14941 0.25684
0 0.77881 0.04199 0.10645 0.07031
0 0.89404 0.02393 0.04785 0.04785
0 0.58154 0.30176 0.04785 0.04883
0 0.44287 0.41016 0.03809 0.07617
0 0.01172 0.32275 0.02344 0.08691
0 0.20508 0.98779 0.12109 0.02441
0 0.3623 0.97705 0.06055 0.0459
0 0.99023 0.8667 0.01953 0.05762
0 0.4834 0.98096 0.05273 0.03809
