0 0.16309 0.85498 0.0918 0.11816
0 0.23828 0.87598 0.06836 0.19727
0 0.30664 0.8418 0.06445 0.20508
0 0.41602 0.91211 0.08008 0.11914
0 0.47119 0.80127 0.14746 0.10645
0 0.38477 0.70996 0.05469 0.09961
0 0.52539 0.61035 0.29492 0.07422
0 0.17773 0.76416 0.07031 0.12598
0 0.0542 0.73877 0.1084 0.12207
0 0.5459 0.81738 0.07227 0.18945
0 0.57764 0.75977 0.09082 0.08789
0 0.62256 0.68311 0.08496 0.05762
0 0.5625 0.31982 0.23828 0.49707
0 0.39258 0.1084 0.06445 0.2168
0 0.29443 0.1748 0.11426 0.34961
0 0.22949 0.22021 0.0625 0.16699
0 0.66357 0.06689 0.05957 0.13379
0 0.85449 0.35742 0.07227 0.15039
0 0.95898 0.30859 0.08203 0.06836
0 0.92725 0.45312 0.05371 0.16602
0 0.95264 0.54004 0.07324 0.17773
0 0.94678 0.7666 0.07324 0.24609
0 0.87646 0.72314 0.0498 0.05957
0 0.71191 0.81006 0.13672 0.20996
0 0.5918 0.91406 0.06055 0.12305
0 0.26514 0.09229 0.10059 0.13379
0 0.33984 0.65234 0.13477 0.10156
0 0.31592 0.79297 0.12793 0.16602
0 0.62354 0.06982 0.06152 0.13965
0 0.71631 0.0415 0.07129 0.08301
0 0.4082 0.98828 0.05859 0.02344
0 0.10107 0.02246 0.0498 0.04492
0 0.61182 0.04346 0.05371 0.08691
