0 0.96289 0.75098 0.07422 0.0625
0 0.72607 0.07031 0.12207 0.09375
0 0.12939 0.7915 0.11621 0.05566
0 0.29639 0.66553 0.08887 0.0498
0 0.97852 0.67041 0.0293 0.05371
0 0.15674 0.40918 0.12207 0.05859
0 0.59375 0.40283 0.10938 0.05762
0 0.18701 0.51855 0.14355 0.07422
0 0.61816 0.5874 0.12891 0.05762
0 0.91357 0.45605 0.07324 0.05664
0 0.45605 0.31787 0.12109 0.07715
0 0.73438 0.76318 0.10156 0.06934
0 0.10205 0.76514 0.12207 0.06543
0 0.39355 0.45117 0.12695 0.04102
0 0.2207 0.06641 0.13086 0.10156
0 0.65332 0.75928 0.09766 0.05957
0 0.39941 0.97852 0.11133 0.04297
0 0.92773 0.07324 0.03711 0.10938
0 0.72559 0.44971 0.11914 0.09277
0 0.23633 0.69678 0.12695 0.06348
0 0.5127 0.27637 0.10352 0.03906
0 0.55127 0.02686 0.08301 0.05176
0 0.70117 0.39111 0.10547 0.04785
0 0.52051 0.50732 0.07227 0.05566
0 0.37793 0.06152 0.12695 0.05273
0 0.31738 0.92334 0.11328 0.0459
0 0.45166 0.75537 0.11426 0.05371
0 0.97461 0.17676 0.05078 0.05859
0 0.13037 0.69287 0.1123 0.06348
0 0.58936 0.12744 0.14551 0.08301
0 0.67285 0.46729 0.08008 0.05371
0 0.98828 0.89404 0.02344 0.04785
0 0.51025 0.73193 0.12402 0.03809
0 0.47217 0.12842 0.09473 0.11621
0 0.36084 0.37598 0.08301 0.07031
0 0.03809 0.03174 0.07422 0.05371
0 0.87451 0.1748 0.07715 0.04688
0 0.49902 0.55273 0.125 0.06055
0 0.46973 0.95571 0.13555 0.06748
0 0.52832 0.15283 0.08398 0.0498
0 0.05908 0.42041 0.11816 0.0459
0 0.29834 0.34814 0.08301 0.10449
0 0.52686 0.70361 0.09473 0.03809
0 0.08838 0.8418 0.13965 0.0625
0 0.19434 0.88867 0.13477 0.0332
0 0.66406 0.70508 0.13086 0.03906
0 0.3501 0.73633 0.09082 0.0332
0 0.13086 0.24609 0.10742 0.05273
0 0.01855 0.06689 0.03711 0.06543
0 0.34521 0.41895 0.12793 0.02734
0 0.73242 0.81836 0.11914 0.03516
0 0.74072 0.98975 0.03418 0.02051
0 0.95459 0.83301 0.09082 0.04297
0 0.88477 0.48389 0.19531 0.1377
0 0.25 0.98926 0.04492 0.02148
0 0.49414 0.8916 0.12695 0.05078
0 0.26562 0.86816 0.11719 0.05469
0 0.64453 0.68018 0.15234 0.03418
0 0.33447 0.771 0.08105 0.0459
0 0.96387 0.49609 0.07227 0.0332
0 0.39893 0.86523 0.10059 0.0332
0 0.02295 0.5127 0.0459 0.04492
0 0.36914 0.70654 0.08008 0.03418
0 0.75977 0.91162 0.18945 0.05176
0 0.67139 0.50537 0.13965 0.04395
0 0.59277 0.01709 0.06641 0.03223
0 0.26514 0.83496 0.12598 0.04492
0 0.61182 0.44189 0.06543 0.05371
0 0.13428 0.74805 0.14746 0.07617
0 0.69336 0.89404 0.12891 0.10645
0 0.39844 0.5415 0.12305 0.0791
0 0.33838 0.88135 0.06934 0.03613
0 0.03223 0.54102 0.06445 0.0293
0 0.41699 0.77246 0.11914 0.04688
0 0.396 0.91846 0.06348 0.0752
0 0.78027 0.43604 0.13477 0.08691
0 0.95215 0.2124 0.0957 0.08691
0 0.94385 0.16064 0.08301 0.04395
