0 0.64307 0.10059 0.05762 0.08398
0 0.47607 0.09619 0.05957 0.10449
0 0.24023 0.39551 0.09961 0.06055
0 0.52637 0.78369 0.08594 0.06152
0 0.85352 0.32861 0.0625 0.07324
0 0.80469 0.13623 0.06445 0.08887
0 0.87891 0.15625 0.08203 0.08203
0 0.71143 0.47949 0.06738 0.08008
0 0.53027 0.28271 0.06641 0.08105
0 0.84473 0.05664 0.11523 0.11328
0 0.72656 0.62842 0.06836 0.07324
0 0.83447 0.82031 0.13574 0.06836
0 0.06934 0.44385 0.07812 0.04395
0 0.73438 0.82568 0.10938 0.12402
0 0.61475 0.0376 0.06738 0.07324
0 0.45215 0.32666 0.06055 0.0791
0 0.43359 0.6123 0.0918 0.05469
0 0.94141 0.02197 0.08984 0.04395
0 0.50293 0.49463 0.10352 0.0459
0 0.23242 0.73486 0.08594 0.06152
0 0.04688 0.16162 0.08984 0.05957
0 0.8623 0.56689 0.10938 0.05566
0 0.23291 0.11426 0.13184 0.06641
0 0.42383 0.48486 0.08594 0.05762
0 0.87939 0.48389 0.08691 0.05371
0 0.20752 0.04248 0.09668 0.06934
0 0.14941 0.39502 0.09766 0.07715
0 0.41748 0.71338 0.10059 0.07715
0 0.96045 0.45654 0.05176 0.05762
0 0.26758 0.03955 0.08594 0.0791
0 0.8667 0.24756 0.08105 0.04004
0 0.68652 0.35693 0.07617 0.05566
0 0.7998 0.4043 0.07617 0.06055
0 0.22217 0.88379 0.1709 0.04883
0 0.22217 0.67139 0.11426 0.05762
0 0.76123 0.36377 0.07324 0.06934
0 0.26025 0.19531 0.03613 0.07227
0 0.9624 0.64551 0.0752 0.05273
0 0.03564 0.71436 0.07129 0.06543
0 0.14648 0.49316 0.08594 0.04883
0 0.63525 0.95996 0.13379 0.08008
0 0.39111 0.02441 0.08691 0.04688
0 0.69971 0.28027 0.06348 0.0332
0 0.6748 0.42432 0.08203 0.05957
0 0.30078 0.625 0.11523 0.03711
0 0.33594 0.24414 0.08008 0.02539
0 0.51562 0.01611 0.0957 0.03223
0 0.80957 0.5752 0.07812 0.03906
0 0.96875 0.92822 0.0625 0.03223
0 0.70557 0.75195 0.0498 0.04688
0 0.28857 0.02588 0.06152 0.05176
0 0.52197 0.90234 0.11816 0.14844
0 0.66455 0.61035 0.0791 0.04883
0 0.8877 0.89062 0.08398 0.04297
0 0.14795 0.70117 0.09863 0.07031
0 0.64111 0.85742 0.07324 0.03711
0 0.41992 0.28906 0.08984 0.03125
0 0.53027 0.12158 0.04492 0.06348
0 0.05859 0.87158 0.11719 0.05762
0 0.26025 0.52148 0.09277 0.03516
0 0.2041 0.55469 0.09375 0.04688
0 0.75244 0.26807 0.0791 0.04785
0 0.13379 0.08545 0.06641 0.05566
0 0.2002 0.11133 0.12305 0.08789
0 0.33496 0.87256 0.08203 0.04004
0 0.58057 0.896 0.12988 0.04785
0 0.28027 0.83936 0.08008 0.0498
0 0.10889 0.90039 0.08496 0.03711
0 0.05615 0.6582 0.06934 0.04102
0 0.74756 0.7998 0.06152 0.05664
0 0.24316 0.50293 0.0957 0.04102
0 0.19141 0.57227 0.06836 0.03516
0 0.99268 0.7002 0.01465 0.02539
0 0.01514 0.97461 0.03027 0.05078
0 0.35791 0.93652 0.08301 0.04883
0 0.37109 0.96924 0.11914 0.05957
0 0.41602 0.84326 0.04883 0.05762
0 0.96826 0.88916 0.06152 0.03613
0 0.53271 0.5542 0.0498 0.04199
0 0.0918 0.05615 0.08984 0.04785
0 0.08838 0.11426 0.12988 0.06836
0 0.01416 0.05029 0.02832 0.0498
0 0.00879 0.01025 0.01758 0.02051
