0 0.99316 0.95215 0.01367 0.08984
0 0.78223 0.53955 0.08594 0.09082
0 0.41162 0.75635 0.04785 0.08887
0 0.25146 0.30664 0.08496 0.10938
0 0.19287 0.39258 0.06738 0.0957
0 0.83984 0.28809 0.05078 0.08984
0 0.84766 0.09326 0.05273 0.08887
0 0.62256 0.09424 0.07715 0.07129
0 0.0415 0.81592 0.08105 0.08691
0 0.51025 0.42188 0.08496 0.11719
0 0.98779 0.58398 0.02441 0.09961
0 0.67529 0.90283 0.11426 0.05957
0 0.18555 0.11475 0.13281 0.1084
0 0.14893 0.59033 0.14746 0.13965
0 0.13184 0.63428 0.07227 0.10449
0 0.56104 0.26416 0.05371 0.10449
0 0.31104 0.78418 0.08887 0.05273
0 0.47559 0.29785 0.11719 0.11328
0 0.15186 0.18359 0.08105 0.07812
0 0.4668 0.04639 0.06055 0.09277
0 0.1333 0.80225 0.0791 0.12793
0 0.33984 0.22705 0.10547 0.08496
0 0.67236 0.48682 0.08301 0.09277
0 0.05176 0.58154 0.10156 0.08105
0 0.53223 0.54004 0.10938 0.08008
0 0.3335 0.9248 0.05762 0.05273
0 0.15039 0.96777 0.07227 0.0625
0 0.9165 0.25488 0.0459 0.12695
0 0.77783 0.30518 0.08691 0.12793
0 0.50293 0.104 0.06055 0.07324
0 0.87061 0.80762 0.03613 0.16797
0 0.09326 0.15283 0.06543 0.0791
0 0.93701 0.58496 0.08496 0.09375
0 0.73389 0.59961 0.06934 0.05664
0 0.77686 0.67285 0.08496 0.06445
0 0.27637 0.71387 0.12695 0.06641
0 0.59277 0.38135 0.08203 0.08105
0 0.80322 0.13672 0.04395 0.07227
0 0.22803 0.96777 0.03027 0.06445
0 0.45654 0.98633 0.06152 0.02734
0 0.30811 0.33496 0.0752 0.0625
0 0.56494 0.97607 0.08496 0.04395
0 0.30957 0.04004 0.12891 0.07617
0 0.67725 0.16064 0.05762 0.05371
0 0.27832 0.62842 0.11719 0.07129
0 0.29248 0.0708 0.15332 0.07129
0 0.07275 0.5293 0.09277 0.11328
0 0.03955 0.45166 0.0791 0.09082
0 0.70703 0.82373 0.13281 0.10059
0 0.05811 0.11182 0.11621 0.0459
0 0.81836 0.01709 0.04297 0.03418
0 0.021 0.36084 0.04199 0.06934
0 0.96143 0.69385 0.05176 0.04395
0 0.21191 0.62549 0.10938 0.04395
0 0.44043 0.41797 0.09766 0.0957
0 0.22754 0.66406 0.08203 0.02539
0 0.59766 0.58643 0.09766 0.0498
0 0.74414 0.62891 0.08203 0.05859
0 0.14355 0.25635 0.125 0.0791
0 0.75 0.30762 0.07422 0.08203
0 0.95166 0.86133 0.07715 0.04883
0 0.13965 0.2832 0.10352 0.07617
0 0.73486 0.97754 0.03418 0.04492
0 0.69824 0.22656 0.05664 0.09961
0 0.53613 0.98779 0.03516 0.02441
0 0.49463 0.86963 0.04395 0.04199
0 0.07568 0.21631 0.05371 0.07129
0 0.9917 0.82959 0.0166 0.02832
0 0.26465 0.9917 0.03711 0.0166
0 0.20898 0.45947 0.05859 0.0498
0 0.67236 0.46436 0.06152 0.1084
0 0.51367 0.23047 0.05664 0.06055
0 0.55664 0.60596 0.09766 0.05371
