0 0.51367 0.94629 0.07617 0.10352
0 0.17676 0.91699 0.08789 0.125
0 0.75146 0.10303 0.06738 0.10059
0 0.52539 0.41602 0.05469 0.07812
0 0.67139 0.56885 0.05371 0.12598
0 0.57861 0.1333 0.08105 0.08691
0 0.93164 0.16406 0.04492 0.11133
0 0.3125 0.13574 0.06836 0.07812
0 0.25293 0.47803 0.05859 0.09277
0 0.16113 0.17529 0.08008 0.09082
0 0.73145 0.72168 0.02734 0.12695
0 0.52344 0.31836 0.06055 0.11523
0 0.86621 0.68164 0.05078 0.08203
0 0.65674 0.08057 0.05566 0.08496
0 0.3916 0.66211 0.10742 0.05078
0 0.76953 0.65967 0.04492 0.11426
0 0.36963 0.80713 0.09668 0.09277
0 0.96045 0.77197 0.0791 0.08691
0 0.72314 0.15674 0.09863 0.10059
0 0.93311 0.85059 0.04785 0.0918
0 0.08887 0.95898 0.05664 0.07031
0 0.8999 0.0498 0.05176 0.09766
0 0.49316 0.13086 0.05859 0.12891
0 0.95312 0.4126 0.09375 0.06152
0 0.51367 0.04834 0.0625 0.09668
0 0.15283 0.43408 0.08887 0.10645
0 0.0459 0.37305 0.04492 0.10352
0 0.89453 0.84277 0.05078 0.07812
0 0.87646 0.04492 0.06152 0.08789
0 0.33887 0.52051 0.11523 0.0918
0 0.98193 0.09619 0.03613 0.08691
0 0.60547 0.05762 0.04492 0.10352
0 0.43555 0.36084 0.07422 0.10449
0 0.41797 0.18701 0.06641 0.10254
0 0.62988 0.24414 0.05859 0.04883
0 0.59766 0.5166 0.0625 0.06445
0 0.88232 0.48486 0.06934 0.07715
0 0.09912 0.08643 0.03418 0.06738
0 0.25342 0.95459 0.0791 0.03613
0 0.72363 0.11523 0.06445 0.07227
0 0.44238 0.81836 0.0293 0.08398
0 0.40625 0.43945 0.07227 0.04297
0 0.83008 0.69775 0.07422 0.0498
0 0.88623 0.37842 0.06348 0.09473
0 0.5459 0.87451 0.05469 0.08691
0 0.29639 0.70947 0.08691 0.05762
0 0.32422 0.55225 0.06836 0.0498
0 0.44971 0.09814 0.03809 0.10645
0 0.26025 0.70947 0.08105 0.0791
0 0.05811 0.08252 0.06348 0.05762
0 0.56543 0.75537 0.07617 0.04199
0 0.12451 0.46631 0.07715 0.09277
0 0.21094 0.81055 0.04102 0.10742
0 0.19482 0.51953 0.09668 0.10742
0 0.66895 0.97363 0.07422 0.04297
0 0.80811 0.52686 0.05762 0.11621
0 0.41357 0.5376 0.05957 0.04395
0 0.02783 0.41553 0.05566 0.06152
0 0.67285 0.49121 0.05078 0.05469
0 0.15283 0.80957 0.07129 0.05859
0 0.88281 0.68604 0.04102 0.07324
0 0.71338 0.53906 0.03613 0.04883
0 0.18652 0.06592 0.05469 0.05566
0 0.59131 0.07471 0.07129 0.1123
0 0.14795 0.21875 0.05566 0.03906
0 0.19971 0.90088 0.04785 0.05566
0 0.13965 0.95996 0.08594 0.04102
0 0.48682 0.48975 0.05176 0.03613
0 0.83203 0.2168 0.03125 0.05664
0 0.77637 0.83154 0.09766 0.03809
0 0.23779 0.26709 0.05176 0.05176
0 0.41748 0.03516 0.06738 0.06641
0 0.98828 0.42432 0.02344 0.03809
0 0.03223 0.104 0.06445 0.05176
0 0.89551 0.43066 0.03711 0.07812
0 0.80127 0.78174 0.08691 0.05176
0 0.85449 0.53906 0.05859 0.08984
0 0.77637 0.51758 0.04102 0.07617
0 0.17041 0.03223 0.04004 0.06445
0 0.80957 0.87891 0.0332 0.05664
0 0.01807 0.34814 0.03613 0.10059
0 0.91553 0.87012 0.03418 0.08008
0 0.36377 0.73877 0.09277 0.05762
0 0.93359 0.46436 0.07422 0.03809
0 0.19531 0.29395 0.08008 0.18945
0 0.55273 0.54004 0.05664 0.04297
0 0.02246 0.84033 0.04492 0.06934
0 0.97607 0.75439 0.04199 0.08301
0 0.63086 0.81299 0.03906 0.06934
0 0.65723 0.80176 0.0918 0.07617
