0 0.82959 0.5542 0.0752 0.10059
0 0.75049 0.17969 0.09473 0.08398
0 0.68701 0.16162 0.07129 0.07129
0 0.75439 0.52393 0.06934 0.08691
0 0.85156 0.02832 0.08398 0.05664
0 0.97217 0.72168 0.05566 0.04492
0 0.94482 0.64844 0.11035 0.07422
0 0.58447 0.49463 0.07324 0.0791
0 0.11768 0.0376 0.09863 0.0752
0 0.77539 0.09619 0.08008 0.0791
0 0.77441 0.3042 0.05078 0.06543
0 0.90381 0.25488 0.10059 0.08008
0 0.11035 0.16309 0.11328 0.05469
0 0.65381 0.89893 0.05566 0.07129
0 0.74609 0.57812 0.07812 0.05664
0 0.10645 0.85693 0.09961 0.09473
0 0.46387 0.17578 0.11133 0.08789
0 0.65869 0.35059 0.09668 0.05859
0 0.23193 0.07959 0.0752 0.06934
0 0.81104 0.83496 0.12793 0.04297
0 0.63623 0.40576 0.09277 0.0498
0 0.44482 0.12402 0.10645 0.11133
0 0.28809 0.95166 0.09961 0.04785
0 0.57764 0.04346 0.06543 0.0498
0 0.0708 0.4292 0.1084 0.09473
0 0.40527 0.63525 0.06445 0.05176
0 0.30957 0.37451 0.10156 0.05371
0 0.36426 0.80322 0.07617 0.06348
0 0.34717 0.9165 0.08887 0.05371
0 0.18457 0.52539 0.11719 0.05469
0 0.8877 0.11133 0.06641 0.06055
0 0.30957 0.48193 0.11328 0.10645
0 0.29492 0.53613 0.10547 0.06055
0 0.2002 0.97754 0.09961 0.03125
0 0.76904 0.94775 0.08105 0.03418
0 0.63477 0.27588 0.07812 0.10254
0 0.21338 0.03418 0.14941 0.04102
0 0.47266 0.43262 0.10156 0.05469
0 0.43359 0.47363 0.0625 0.08984
0 0.42676 0.70166 0.10742 0.0791
0 0.89502 0.9248 0.08105 0.0332
0 0.82227 0.89551 0.05273 0.03711
0 0.94336 0.16455 0.08008 0.04785
0 0.97852 0.20801 0.04297 0.03906
0 0.46191 0.10107 0.10352 0.09082
0 0.05225 0.63574 0.10059 0.03516
0 0.97705 0.56104 0.0459 0.07129
0 0.08154 0.271 0.08691 0.03613
0 0.67676 0.76465 0.06445 0.07031
0 0.85449 0.61182 0.06641 0.04004
0 0.69336 0.59033 0.07031 0.03223
0 0.9917 0.80908 0.0166 0.02441
0 0.11475 0.80176 0.09668 0.05078
0 0.18164 0.57129 0.0625 0.05859
0 0.16895 0.23877 0.12305 0.05762
0 0.44287 0.46045 0.06348 0.04395
0 0.47852 0.95508 0.07422 0.04492
0 0.3418 0.31689 0.08398 0.04395
0 0.08984 0.98682 0.08008 0.02637
0 0.24609 0.77148 0.07031 0.04492
0 0.61816 0.86084 0.13281 0.0791
0 0.71338 0.51611 0.05176 0.03809
0 0.10742 0.25 0.06641 0.05273
0 0.13086 0.77246 0.08203 0.04102
0 0.01709 0.0166 0.03418 0.0332
0 0.77002 0.7251 0.07129 0.03418
0 0.27539 0.25928 0.07617 0.04395
0 0.6416 0.81934 0.10156 0.03711
0 0.10596 0.70215 0.06738 0.0332
0 0.02148 0.73828 0.04297 0.04492
0 0.37793 0.38721 0.09375 0.06934
0 0.06689 0.72607 0.10449 0.06152
0 0.30811 0.38477 0.0752 0.04492
