0 0.19971 0.77783 0.12598 0.06348
0 0.13818 0.30322 0.1123 0.09668
0 0.9209 0.61816 0.08789 0.09766
0 0.77295 0.64453 0.1377 0.07422
0 0.86719 0.71924 0.11523 0.08496
0 0.03711 0.51709 0.07422 0.08496
0 0.05176 0.43359 0.09961 0.07227
0 0.73584 0.32227 0.11816 0.08984
0 0.14307 0.93994 0.12988 0.12012
0 0.83447 0.09814 0.09082 0.11816
0 0.88184 0.53076 0.13477 0.11816
0 0.96289 0.8999 0.07422 0.0752
0 0.87354 0.82227 0.07715 0.08008
0 0.95459 0.72852 0.09082 0.09766
0 0.86865 0.24121 0.10254 0.10742
0 0.82617 0.39502 0.0918 0.08301
0 0.94971 0.34082 0.09473 0.13281
0 0.85059 0.14453 0.09766 0.08984
