0 0.64404 0.50098 0.08105 0.11719
0 0.1709 0.31543 0.05469 0.07812
0 0.02979 0.54492 0.05957 0.10938
0 0.35205 0.81396 0.0498 0.09082
0 0.06689 0.86865 0.08691 0.05371
0 0.48438 0.24854 0.14062 0.09473
0 0.81787 0.30811 0.03613 0.07324
0 0.03906 0.21631 0.07812 0.09668
0 0.48584 0.83691 0.04004 0.06445
0 0.11084 0.85547 0.05957 0.08203
0 0.35156 0.76514 0.04492 0.09082
0 0.50586 0.02246 0.07812 0.04492
0 0.73145 0.90479 0.04297 0.10059
0 0.89355 0.50439 0.03906 0.10059
0 0.16895 0.02637 0.05859 0.05273
0 0.57568 0.18213 0.04004 0.10645
0 0.79736 0.02783 0.03809 0.05566
0 0.36328 0.87646 0.07422 0.04785
0 0.24512 0.27295 0.04492 0.06738
0 0.68799 0.02979 0.03027 0.05762
0 0.78418 0.66943 0.03906 0.06738
0 0.02393 0.13086 0.04785 0.04883
0 0.0332 0.30615 0.06641 0.0498
0 0.12939 0.45117 0.0498 0.0625
0 0.55322 0.53467 0.05176 0.09473
0 0.86328 0.68945 0.05078 0.05664
0 0.30762 0.08154 0.0293 0.06738
0 0.05078 0.69922 0.05273 0.05469
0 0.3335 0.19092 0.10059 0.11621
0 0.84961 0.10547 0.04102 0.04883
0 0.29834 0.91211 0.07715 0.0332
0 0.69629 0.73145 0.02539 0.07227
0 0.13623 0.28271 0.03809 0.07324
0 0.28955 0.31885 0.05957 0.03418
0 0.05908 0.65332 0.07324 0.0332
0 0.73877 0.33838 0.03809 0.06934
0 0.79541 0.07227 0.06152 0.03711
0 0.29492 0.9375 0.05664 0.02734
0 0.66748 0.89014 0.03809 0.06934
0 0.63037 0.3125 0.03418 0.04688
0 0.14551 0.74854 0.07812 0.0459
0 0.60303 0.72852 0.03613 0.0625
0 0.35742 0.09863 0.05859 0.04102
0 0.40625 0.25146 0.03125 0.06152
0 0.7666 0.0332 0.04688 0.04688
0 0.8623 0.97754 0.04297 0.04492
0 0.97803 0.02637 0.03613 0.05273
0 0.96924 0.95557 0.05176 0.02441
0 0.36963 0.40625 0.05957 0.04883
0 0.70752 0.75244 0.06348 0.04199
0 0.83203 0.9043 0.02539 0.05078
