0 0.05615 0.89453 0.1123 0.09961
0 0.44141 0.92139 0.12305 0.11035
0 0.59521 0.3501 0.25293 0.12988
0 0.60303 0.95996 0.1377 0.08008
0 0.2334 0.59961 0.13281 0.19531
0 0.9209 0.96338 0.10742 0.07324
0 0.646 0.18848 0.1748 0.15039
0 0.7124 0.07568 0.12988 0.14746
0 0.47949 0.55811 0.19922 0.16309
0 0.03223 0.25342 0.06445 0.08691
0 0.39453 0.05566 0.17578 0.10742
0 0.12256 0.37646 0.17285 0.12402
0 0.96484 0.17334 0.07031 0.1377
0 0.4502 0.65332 0.12695 0.11133
0 0.9502 0.06641 0.0918 0.10742
0 0.54541 0.16162 0.09668 0.12402
