0 0.26904 0.82324 0.06348 0.11328
0 0.91748 0.14795 0.04395 0.08887
0 0.74902 0.07715 0.05859 0.0957
0 0.17139 0.24756 0.05371 0.10449
0 0.1543 0.15039 0.07227 0.13281
0 0.05762 0.57227 0.07031 0.08984
0 0.646 0.13623 0.06934 0.12207
0 0.27344 0.25098 0.0625 0.07617
0 0.31299 0.12744 0.0459 0.10059
0 0.6001 0.85742 0.05957 0.07617
0 0.62402 0.81006 0.0625 0.06738
0 0.6875 0.3667 0.0293 0.1748
0 0.47266 0.51074 0.10938 0.05469
0 0.94141 0.55811 0.04102 0.10449
0 0.24023 0.83447 0.07031 0.09863
0 0.60791 0.19482 0.02832 0.12598
0 0.20459 0.55957 0.10645 0.11523
0 0.44238 0.44287 0.03516 0.09277
0 0.01465 0.54004 0.0293 0.04688
0 0.80322 0.80371 0.02637 0.11719
0 0.00732 0.92725 0.01465 0.04004
0 0.08545 0.19727 0.1416 0.04688
0 0.27344 0.54297 0.07617 0.06055
0 0.7168 0.49609 0.04492 0.0625
0 0.21143 0.52295 0.06152 0.07324
0 0.40527 0.30078 0.05859 0.03125
0 0.02051 0.29541 0.04102 0.06348
0 0.01025 0.59619 0.02051 0.08301
0 0.49805 0.01904 0.13867 0.03809
0 0.90381 0.51758 0.05371 0.09961
0 0.4707 0.45117 0.03125 0.08398
0 0.01172 0.64893 0.02344 0.0498
0 0.06592 0.0376 0.12207 0.03613
0 0.75635 0.65625 0.05176 0.08203
0 0.3833 0.57471 0.08496 0.03809
0 0.74463 0.17969 0.02637 0.14648
0 0.49951 0.70752 0.05371 0.03223
0 0.96387 0.97607 0.07227 0.02246
0 0.88428 0.83545 0.03613 0.09277
0 0.65576 0.71143 0.06934 0.05566
0 0.27441 0.91406 0.05078 0.05078
0 0.88428 0.91748 0.09473 0.0498
0 0.25146 0.65186 0.06738 0.04004
0 0.90039 0.69238 0.04883 0.07031
0 0.31152 0.06445 0.02344 0.08008
0 0.54834 0.42773 0.03223 0.125
0 0.89307 0.01904 0.03223 0.03809
0 0.75049 0.90283 0.04395 0.04199
0 0.93018 0.86621 0.08301 0.01953
0 0.84424 0.38232 0.0498 0.0459
0 0.19531 0.59082 0.04492 0.06836
0 0.00635 0.61475 0.0127 0.03027
0 0.48828 0.97705 0.0332 0.0459
0 0.29932 0.03223 0.09082 0.02539
0 0.52637 0.50049 0.04297 0.06152
0 0.45312 0.36963 0.09375 0.06738
0 0.05029 0.8418 0.03223 0.04102
0 0.23467 0.31475 0.04805 0.07285
0 0.4043 0.41162 0.05469 0.03809
0 0.02197 0.82275 0.04395 0.05957
0 0.63818 0.62842 0.05371 0.03418
0 0.93018 0.90234 0.04004 0.05664
0 0.89746 0.07373 0.04688 0.03223
0 0.50293 0.58252 0.05273 0.02832
0 0.55127 0.25684 0.05762 0.05859
0 0.14648 0.46924 0.05859 0.06543
0 0.20166 0.64014 0.07324 0.06152
0 0.14453 0.51074 0.06445 0.04297
