0 0.04297 0.56543 0.08594 0.10547
0 0.20703 0.6333 0.07227 0.08301
0 0.30615 0.7168 0.0752 0.0918
0 0.13184 0.84814 0.10742 0.18848
0 0.03516 0.93799 0.07031 0.10059
0 0.41797 0.94775 0.10938 0.07324
0 0.60059 0.86572 0.10547 0.08691
0 0.77539 0.83203 0.08984 0.10352
0 0.60938 0.62158 0.10742 0.0752
0 0.49756 0.64893 0.10059 0.0791
0 0.66016 0.50049 0.10938 0.13379
0 0.32861 0.31592 0.06934 0.09082
0 0.14258 0.20068 0.10938 0.08301
0 0.13965 0.10547 0.08789 0.07617
0 0.06494 0.29639 0.08105 0.0791
0 0.14307 0.3374 0.0752 0.0791
0 0.59912 0.06104 0.17285 0.08887
0 0.96045 0.80273 0.0791 0.11133
0 0.92334 0.97021 0.1123 0.05957
0 0.98096 0.08105 0.03809 0.10352
