0 0.83691 0.22119 0.10938 0.10254
0 0.87061 0.77979 0.12207 0.11035
0 0.85303 0.50928 0.10449 0.0752
0 0.11621 0.29297 0.10742 0.09766
0 0.64697 0.24707 0.09473 0.10547
0 0.16699 0.83936 0.15039 0.14941
0 0.73584 0.27588 0.12207 0.11816
0 0.83203 0.96338 0.13086 0.07324
0 0.22461 0.33594 0.10547 0.10742
0 0.91113 0.01953 0.14453 0.03906
0 0.9209 0.64453 0.08789 0.08008
0 0.75195 0.75977 0.11523 0.10547
0 0.07959 0.44189 0.12988 0.10059
0 0.04346 0.64697 0.08301 0.11035
0 0.12695 0.1958 0.10547 0.07715
0 0.05957 0.15723 0.0957 0.08008
0 0.04688 0.72852 0.08984 0.09766
0 0.19629 0.52539 0.10547 0.09961
