0 0.0166 0.87744 0.0332 0.06738
0 0.14795 0.95068 0.08105 0.09863
0 0.06543 0.81445 0.06836 0.0957
0 0.18311 0.73438 0.0752 0.08398
0 0.27246 0.74707 0.0918 0.09961
0 0.31396 0.7627 0.07324 0.07031
0 0.34326 0.8457 0.07324 0.07812
0 0.29541 0.91553 0.07129 0.07129
0 0.3916 0.93066 0.09375 0.07227
0 0.37598 0.98096 0.0918 0.03809
0 0.44531 0.78271 0.06641 0.09277
0 0.09814 0.24121 0.07715 0.09766
0 0.16309 0.20703 0.10352 0.06836
0 0.31934 0.22314 0.07422 0.07324
0 0.21191 0.32715 0.0625 0.0625
0 0.1499 0.35498 0.05957 0.05371
0 0.29443 0.39502 0.08691 0.05762
0 0.23193 0.45508 0.12207 0.0625
0 0.45801 0.33252 0.0918 0.07715
0 0.51807 0.32178 0.06934 0.0791
0 0.46826 0.45361 0.06543 0.07129
0 0.57617 0.37646 0.08398 0.0791
0 0.57471 0.2627 0.07324 0.11914
0 0.61475 0.27393 0.08301 0.05957
0 0.65625 0.22656 0.10352 0.07422
0 0.62598 0.17871 0.08594 0.06445
0 0.69238 0.30615 0.08594 0.0791
0 0.74219 0.26025 0.08789 0.04785
0 0.68701 0.38916 0.07324 0.06152
0 0.83447 0.35352 0.06152 0.07031
0 0.76904 0.4751 0.07129 0.0498
0 0.23535 0.05029 0.07227 0.07715
0 0.96289 0.02686 0.06055 0.05371
0 0.88818 0.57715 0.09668 0.10547
0 0.55078 0.62549 0.06836 0.06348
0 0.6416 0.8125 0.08594 0.08203
0 0.51123 0.96631 0.06934 0.06738
0 0.86816 0.81104 0.12305 0.05957
0 0.97754 0.71191 0.04492 0.07227
0 0.96631 0.3667 0.06738 0.11426
0 0.4707 0.37256 0.07617 0.05176
0 0.9585 0.22314 0.04395 0.05566
