0 0.77979 0.39551 0.06543 0.08203
0 0.9082 0.45508 0.05469 0.08984
0 0.30615 0.19434 0.09863 0.08203
0 0.46924 0.12354 0.06934 0.10645
0 0.17578 0.40332 0.10938 0.0957
0 0.30127 0.52246 0.05762 0.07227
0 0.86621 0.06885 0.05469 0.08691
0 0.95068 0.86816 0.08301 0.08203
0 0.39795 0.13281 0.06543 0.07227
0 0.41797 0.3833 0.06641 0.06152
0 0.10107 0.7417 0.11035 0.0459
0 0.77002 0.68555 0.05371 0.0625
0 0.17285 0.11426 0.13086 0.08008
0 0.51221 0.50195 0.12207 0.06445
0 0.5957 0.64258 0.05859 0.05859
0 0.23193 0.771 0.0752 0.06152
0 0.72412 0.32373 0.05957 0.08301
0 0.04932 0.94629 0.08105 0.03516
0 0.29004 0.97803 0.06836 0.04395
0 0.89453 0.61572 0.08789 0.05957
0 0.23584 0.18799 0.08887 0.05762
0 0.18701 0.57959 0.09863 0.05957
0 0.38086 0.84326 0.10547 0.0459
0 0.98096 0.21143 0.03809 0.05371
0 0.18066 0.8335 0.07422 0.05176
0 0.32227 0.26367 0.08594 0.05664
0 0.6709 0.58936 0.0918 0.0459
0 0.38916 0.63184 0.1377 0.04688
0 0.39941 0.17236 0.07227 0.03809
0 0.17285 0.02148 0.06641 0.04297
0 0.62744 0.84229 0.0459 0.04785
0 0.56689 0.55957 0.0459 0.05273
0 0.95752 0.77588 0.07715 0.04785
0 0.46875 0.87598 0.08398 0.07227
0 0.40576 0.57812 0.05957 0.0332
0 0.58252 0.18506 0.04785 0.03418
0 0.01562 0.81055 0.03125 0.04102
0 0.57715 0.21533 0.06055 0.06152
0 0.66504 0.52734 0.17188 0.05469
0 0.19238 0.28955 0.06055 0.06152
0 0.40186 0.24658 0.08496 0.04004
0 0.12451 0.85449 0.06934 0.03906
0 0.71338 0.22021 0.05176 0.0459
0 0.07227 0.27783 0.10938 0.0459
0 0.36475 0.66113 0.05762 0.0293
0 0.76465 0.88965 0.11328 0.03711
0 0.93604 0.01562 0.07129 0.03125
0 0.60645 0.89648 0.10156 0.03711
0 0.25391 0.9502 0.11133 0.05078
0 0.68018 0.54102 0.06934 0.04297
0 0.15039 0.90332 0.06445 0.03906
0 0.72168 0.91797 0.0918 0.03516
0 0.41406 0.98975 0.04297 0.02051
0 0.02637 0.52197 0.05078 0.0498
0 0.48779 0.95752 0.07129 0.02832
0 0.03174 0.34033 0.06152 0.03613
0 0.57178 0.84521 0.0752 0.0459
0 0.95703 0.05469 0.04492 0.05078
0 0.53271 0.87207 0.12012 0.0332
0 0.94238 0.46338 0.03711 0.04199
0 0.07812 0.97217 0.08008 0.03223
0 0.03516 0.99023 0.07031 0.01953
0 0.7417 0.93604 0.04004 0.02051
0 0.83496 0.87598 0.05859 0.04492
0 0.63818 0.7334 0.05957 0.05078
0 0.28271 0.68555 0.05762 0.03516
0 0.97949 0.02686 0.04102 0.0498
0 0.23584 0.21143 0.05566 0.04004
