0 0.9209 0.05371 0.04883 0.10742
0 0.15186 0.4043 0.07324 0.08203
0 0.05078 0.90479 0.06836 0.10449
0 0.32471 0.06445 0.05566 0.08398
0 0.60059 0.04492 0.04297 0.08984
0 0.54395 0.66699 0.08398 0.07031
0 0.37598 0.08252 0.07031 0.10254
0 0.65869 0.16455 0.05957 0.08301
0 0.23682 0.05078 0.06348 0.08594
0 0.96045 0.06885 0.04395 0.08887
0 0.40967 0.65186 0.07129 0.06152
0 0.90674 0.39209 0.04199 0.10059
0 0.80908 0.33203 0.03418 0.09961
0 0.42139 0.09033 0.0791 0.0752
0 0.74121 0.68408 0.03711 0.08105
0 0.57959 0.26025 0.02441 0.09473
0 0.63818 0.0459 0.03223 0.0918
0 0.63965 0.96289 0.05859 0.0625
0 0.88086 0.70264 0.08594 0.11035
0 0.50391 0.771 0.06055 0.08105
0 0.45752 0.68945 0.03613 0.0625
0 0.15967 0.03564 0.06934 0.06934
0 0.63135 0.57764 0.03223 0.08887
0 0.06445 0.68213 0.07031 0.05566
0 0.63232 0.78955 0.05957 0.06348
0 0.98584 0.43115 0.02832 0.06934
0 0.72119 0.41357 0.09082 0.08691
0 0.56396 0.729 0.0498 0.06348
0 0.73389 0.74707 0.04004 0.08008
0 0.32471 0.77539 0.08301 0.05273
0 0.85449 0.40625 0.03711 0.08789
0 0.44092 0.58398 0.07715 0.06445
0 0.7583 0.35107 0.0459 0.05762
0 0.23926 0.20752 0.02539 0.07715
0 0.03613 0.93408 0.03906 0.07715
0 0.16699 0.97949 0.08203 0.04102
0 0.32568 0.4292 0.09277 0.0498
0 0.03467 0.60645 0.06934 0.11523
0 0.67383 0.67236 0.04102 0.11035
0 0.44629 0.04248 0.04492 0.08301
0 0.3623 0.87012 0.09766 0.0625
0 0.31543 0.7207 0.05273 0.05664
0 0.98145 0.7373 0.0332 0.06836
0 0.69287 0.62354 0.04199 0.08887
0 0.13086 0.95557 0.07031 0.03418
0 0.3916 0.15674 0.06445 0.04004
0 0.66895 0.07471 0.04297 0.06738
0 0.37207 0.69531 0.08789 0.05469
0 0.2876 0.84473 0.05371 0.04492
0 0.47949 0.83057 0.04883 0.04004
0 0.10889 0.729 0.08496 0.05957
0 0.51807 0.01758 0.03418 0.0332
0 0.76221 0.10889 0.04395 0.07324
0 0.87109 0.21729 0.04688 0.07129
0 0.3042 0.67725 0.0498 0.06543
0 0.63232 0.46484 0.03809 0.08984
0 0.35713 0.83535 0.05762 0.03711
0 0.82812 0.75049 0.05469 0.04395
0 0.82764 0.81055 0.12207 0.05078
0 0.78271 0.01514 0.02832 0.03027
0 0.80029 0.51367 0.04395 0.11523
0 0.61377 0.43945 0.12012 0.08594
0 0.10596 0.01855 0.0459 0.03711
0 0.86572 0.84229 0.03223 0.03809
