0 0.01904 0.10107 0.03809 0.05762
0 0.82324 0.2002 0.0625 0.07422
0 0.86523 0.62061 0.06836 0.07129
0 0.89551 0.51172 0.07031 0.05859
0 0.08252 0.97021 0.16504 0.05957
0 0.10156 0.74316 0.09961 0.08984
0 0.02393 0.46582 0.04785 0.10352
0 0.77832 0.91113 0.08398 0.06836
0 0.12646 0.61621 0.11816 0.12695
0 0.89697 0.03027 0.07129 0.06055
0 0.24365 0.396 0.08105 0.08301
0 0.23096 0.32324 0.08105 0.06836
0 0.87549 0.69922 0.05762 0.07812
0 0.81104 0.69922 0.10059 0.11133
0 0.01758 0.23389 0.03516 0.0752
0 0.44971 0.96533 0.07715 0.06934
0 0.854 0.37891 0.1123 0.07422
0 0.88525 0.90479 0.09473 0.06934
0 0.14062 0.52246 0.10156 0.09766
0 0.69287 0.6626 0.09668 0.05566
0 0.94678 0.34375 0.10645 0.06836
0 0.53857 0.29053 0.11035 0.08301
0 0.58936 0.01904 0.15332 0.03809
0 0.29834 0.97266 0.12207 0.05469
0 0.73486 0.70312 0.1084 0.05859
0 0.69482 0.03125 0.10059 0.06055
0 0.27783 0.26318 0.08887 0.0752
0 0.39551 0.25098 0.06445 0.10156
0 0.15381 0.1084 0.09863 0.11328
0 0.23877 0.14307 0.08105 0.05957
0 0.07617 0.86523 0.09961 0.07031
0 0.19873 0.92725 0.20215 0.09668
0 0.08008 0.52832 0.07422 0.07031
0 0.20752 0.68506 0.0498 0.03613
0 0.83789 0.49609 0.07617 0.05273
