0 0.05469 0.88232 0.10938 0.11035
0 0.22998 0.40479 0.11816 0.06934
0 0.1084 0.02686 0.11523 0.05371
0 0.2168 0.27637 0.0957 0.06641
0 0.78076 0.87207 0.10254 0.10547
0 0.87695 0.79688 0.15039 0.10547
0 0.73535 0.1084 0.13672 0.05859
0 0.53564 0.02246 0.09277 0.04492
0 0.10107 0.60352 0.09277 0.08203
0 0.91064 0.12305 0.08301 0.08203
0 0.15967 0.8457 0.09863 0.07812
0 0.521 0.51709 0.07715 0.05957
0 0.52588 0.23096 0.06738 0.05762
0 0.83594 0.54443 0.16797 0.18066
0 0.6377 0.7251 0.08984 0.06738
0 0.96875 0.05957 0.0625 0.06445
0 0.90186 0.74512 0.12988 0.0625
0 0.60742 0.81689 0.10742 0.08301
0 0.51855 0.77148 0.13281 0.08203
