0 0.47949 0.59521 0.05078 0.04395
0 0.16455 0.39014 0.08496 0.12793
0 0.21191 0.56982 0.07617 0.10254
0 0.92432 0.19775 0.08496 0.05762
0 0.07129 0.37354 0.14258 0.09668
0 0.9292 0.70215 0.0752 0.03711
0 0.46436 0.81152 0.09277 0.08984
0 0.18213 0.14258 0.1123 0.09961
0 0.05811 0.19824 0.09473 0.10742
0 0.0708 0.46973 0.09668 0.06641
0 0.20703 0.03613 0.13672 0.07227
0 0.2666 0.34766 0.0957 0.16406
0 0.90918 0.02734 0.08398 0.05469
0 0.61084 0.6499 0.13379 0.22559
0 0.54346 0.79492 0.11426 0.20898
0 0.73926 0.01904 0.11719 0.03809
0 0.94287 0.729 0.06152 0.04199
0 0.20459 0.62158 0.10254 0.09277
0 0.03076 0.64404 0.05957 0.06152
0 0.1123 0.64844 0.08203 0.06836
0 0.17188 0.67285 0.06836 0.05078
0 0.30713 0.80811 0.11426 0.07324
0 0.2002 0.97754 0.09961 0.04492
0 0.2334 0.86377 0.0918 0.12207
0 0.13916 0.90186 0.10059 0.10254
0 0.05273 0.23438 0.10547 0.07617
0 0.14014 0.26123 0.09668 0.04395
0 0.23096 0.73633 0.04785 0.16992
0 0.29248 0.76123 0.0498 0.08105
0 0.50391 0.59229 0.05273 0.06543
0 0.53662 0.08545 0.05762 0.06934
