0 0.74951 0.44531 0.09473 0.08984
0 0.87939 0.7832 0.12012 0.07812
0 0.88477 0.54541 0.11523 0.10254
0 0.9502 0.69922 0.09961 0.07227
0 0.75342 0.87061 0.13184 0.08301
0 0.71826 0.56592 0.15332 0.12793
0 0.85352 0.84814 0.09766 0.08301
0 0.93848 0.6084 0.12305 0.0918
0 0.76074 0.79834 0.10742 0.08301
0 0.96191 0.91211 0.07031 0.08008
0 0.77832 0.62207 0.12695 0.09961
0 0.80176 0.65576 0.09961 0.05762
0 0.92822 0.68848 0.14355 0.06836
0 0.854 0.06055 0.15918 0.11914
0 0.96484 0.19678 0.07031 0.09473
0 0.95117 0.0708 0.09766 0.08105
