0 0.07861 0.97705 0.05957 0.0459
0 0.02344 0.82959 0.04688 0.06543
0 0.09668 0.81201 0.06641 0.08496
0 0.19922 0.97803 0.07227 0.04395
0 0.24805 0.88672 0.06641 0.05469
0 0.2085 0.8501 0.07129 0.05957
0 0.36328 0.88672 0.07617 0.07422
0 0.34717 0.97168 0.07324 0.05664
0 0.47754 0.95508 0.06641 0.05859
0 0.60059 0.89648 0.07422 0.0918
0 0.95801 0.97559 0.05859 0.04883
0 0.99268 0.94727 0.01465 0.07031
0 0.96631 0.92139 0.06738 0.05957
0 0.83838 0.83643 0.0752 0.08887
0 0.39893 0.80322 0.18262 0.1416
0 0.49268 0.73389 0.06738 0.06934
0 0.37305 0.57178 0.07617 0.11816
0 0.43604 0.51514 0.07129 0.07129
0 0.51416 0.52783 0.09277 0.05566
0 0.50049 0.56836 0.05957 0.07031
0 0.59082 0.54736 0.0625 0.06934
0 0.61084 0.59766 0.06152 0.08008
0 0.68701 0.63574 0.07715 0.0625
0 0.15723 0.53809 0.07031 0.07812
0 0.02881 0.5332 0.05566 0.05859
0 0.27344 0.46875 0.08594 0.09961
0 0.21777 0.479 0.05859 0.06348
0 0.2876 0.42285 0.06738 0.05664
0 0.06396 0.41406 0.06348 0.06641
0 0.02832 0.44189 0.05664 0.06543
0 0.29492 0.24707 0.09375 0.07422
0 0.52881 0.28516 0.05566 0.05078
0 0.53857 0.3999 0.08301 0.0498
0 0.49658 0.43164 0.07324 0.05664
0 0.62158 0.47656 0.07715 0.08789
0 0.37354 0.12988 0.07324 0.05664
0 0.30225 0.02295 0.06543 0.0459
0 0.87256 0.04248 0.1377 0.08496
0 0.91113 0.12402 0.06836 0.0625
0 0.87256 0.40723 0.07129 0.07227
0 0.90234 0.61523 0.08008 0.08203
0 0.38135 0.49219 0.05176 0.05078
0 0.33594 0.64062 0.13477 0.13086
0 0.05176 0.98877 0.07227 0.02246
0 0.16357 0.58398 0.08301 0.04492
0 0.98535 0.12988 0.0293 0.06055
0 0.48828 0.64795 0.03125 0.05762
