0 0.02051 0.01465 0.03906 0.0293
0 0.31152 0.02002 0.06641 0.04004
0 0.32666 0.06738 0.04395 0.03711
0 0.81934 0.02686 0.07227 0.03418
0 0.87842 0.06396 0.04785 0.04395
0 0.96289 0.04688 0.07422 0.04102
0 0.46338 0.07715 0.03418 0.07031
0 0.53711 0.13428 0.05664 0.05762
0 0.91455 0.10889 0.0459 0.0459
0 0.97656 0.12109 0.04688 0.03906
0 0.67676 0.09814 0.04102 0.0459
0 0.36377 0.15137 0.04004 0.03516
0 0.21729 0.16553 0.03809 0.04395
0 0.06055 0.09717 0.04883 0.03809
0 0.05029 0.46973 0.04199 0.04883
0 0.11182 0.49756 0.05566 0.04199
0 0.06641 0.5708 0.0957 0.06348
0 0.16064 0.45117 0.0498 0.04688
0 0.23096 0.45117 0.06152 0.04688
0 0.32129 0.3291 0.05664 0.04297
0 0.47656 0.43457 0.04297 0.04492
0 0.46045 0.50244 0.07129 0.04199
0 0.67676 0.53516 0.09375 0.05469
0 0.68262 0.45166 0.03125 0.02832
0 0.75928 0.46582 0.0459 0.03711
0 0.79053 0.4375 0.03613 0.0332
0 0.79004 0.60254 0.05859 0.04688
0 0.79736 0.6499 0.08691 0.06543
0 0.89355 0.67334 0.04883 0.07324
0 0.88281 0.6001 0.07812 0.06543
0 0.56348 0.64307 0.04297 0.03613
0 0.58789 0.75586 0.0293 0.08203
0 0.36328 0.53857 0.04102 0.05176
0 0.50977 0.90576 0.04492 0.05957
0 0.39111 0.87207 0.04199 0.04492
0 0.13379 0.8916 0.05469 0.06445
0 0.0708 0.9834 0.06934 0.0332
