0 0.13721 0.07373 0.07715 0.05957
0 0.42285 0.06738 0.05664 0.06445
0 0.44141 0.12939 0.09375 0.06543
0 0.28076 0.15771 0.05957 0.06152
0 0.16406 0.20508 0.06641 0.06641
0 0.08203 0.27881 0.07227 0.06543
0 0.31396 0.2251 0.09082 0.07129
0 0.3291 0.38232 0.07617 0.0752
0 0.44922 0.27979 0.06055 0.05762
0 0.44482 0.22217 0.08105 0.05371
0 0.51807 0.16895 0.05957 0.06055
0 0.55078 0.20752 0.05469 0.04785
0 0.50928 0.31445 0.1123 0.08008
0 0.73926 0.14209 0.06641 0.06738
0 0.74805 0.2793 0.07422 0.07422
0 0.0498 0.61572 0.0957 0.05371
0 0.2832 0.62646 0.07227 0.05957
0 0.02539 0.66846 0.04883 0.04785
0 0.35254 0.69824 0.06836 0.05859
0 0.58105 0.62012 0.07812 0.06641
0 0.53564 0.79736 0.05762 0.06738
0 0.58936 0.79053 0.0498 0.05371
0 0.02148 0.83008 0.03906 0.08008
0 0.83936 0.94922 0.08105 0.08594
0 0.94043 0.91553 0.05469 0.06543
0 0.89014 0.81299 0.0791 0.09863
0 0.8833 0.09912 0.05762 0.0752
0 0.93066 0.11377 0.05078 0.05762
0 0.96631 0.0835 0.05371 0.05957
0 0.84326 0.68945 0.1123 0.06836
0 0.9624 0.56738 0.0752 0.06641
0 0.97217 0.63916 0.05566 0.06348
0 0.02148 0.55469 0.04297 0.05078
