0 0.9375 0.86914 0.08008 0.08984
0 0.92773 0.2334 0.12109 0.10938
0 0.84521 0.24512 0.06934 0.10938
0 0.80957 0.12891 0.09375 0.16602
0 0.67432 0.1792 0.16309 0.11621
0 0.60791 0.31543 0.0752 0.09961
0 0.41113 0.18066 0.14258 0.09961
0 0.37012 0.28125 0.17773 0.20508
0 0.53027 0.41895 0.05664 0.0957
0 0.58008 0.52637 0.125 0.09766
0 0.48828 0.56592 0.125 0.05762
0 0.47461 0.62646 0.08398 0.09473
0 0.41113 0.63281 0.07227 0.10352
0 0.57373 0.70508 0.13379 0.10547
0 0.76514 0.65869 0.10645 0.10449
0 0.83984 0.73926 0.06641 0.0918
0 0.95801 0.78271 0.08398 0.0752
0 0.70557 0.87793 0.1123 0.07617
0 0.62842 0.96387 0.14941 0.07227
0 0.49805 0.95117 0.12891 0.07227
0 0.44141 0.97119 0.08008 0.05762
0 0.31055 0.84277 0.08789 0.08203
0 0.18701 0.65625 0.09277 0.17578
0 0.24609 0.75488 0.07617 0.05078
0 0.05615 0.85205 0.05371 0.04785
0 0.03955 0.97607 0.07129 0.0459
0 0.98389 0.63574 0.03223 0.08008
0 0.93604 0.58887 0.08496 0.06445
0 0.82764 0.41748 0.11621 0.07129
0 0.71094 0.49609 0.09375 0.05273
0 0.73975 0.53662 0.15332 0.11621
0 0.93896 0.06201 0.05566 0.12402
0 0.91406 0.12891 0.05664 0.09766
0 0.87354 0.04932 0.05957 0.09863
0 0.21436 0.11133 0.06348 0.09961
0 0.0874 0.14014 0.07129 0.0752
0 0.08691 0.26025 0.06055 0.11426
0 0.04199 0.25537 0.08398 0.14746
0 0.15039 0.38818 0.14844 0.07715
0 0.15137 0.46094 0.11328 0.10742
0 0.06055 0.59277 0.12109 0.06836
0 0.03271 0.48438 0.06543 0.0957
0 0.08008 0.48193 0.08203 0.05176
0 0.27441 0.34912 0.08398 0.04004
0 0.27051 0.61963 0.16992 0.0791
0 0.21631 0.05176 0.05762 0.10352
0 0.21436 0.33691 0.06152 0.03711
0 0.23584 0.74902 0.06934 0.03906
0 0.15527 0.79932 0.07812 0.03613
0 0.58984 0.26953 0.05078 0.04102
0 0.74951 0.07715 0.03027 0.06055
0 0.72217 0.18848 0.08105 0.05078
0 0.64355 0.45898 0.03906 0.09961
