0 0.66162 0.05029 0.06738 0.0752
0 0.3877 0.11816 0.08008 0.06445
0 0.72412 0.0752 0.0752 0.08008
0 0.40039 0.53076 0.06055 0.0791
0 0.26807 0.07764 0.0791 0.07129
0 0.25977 0.60059 0.08398 0.05859
0 0.81885 0.45557 0.05371 0.07715
0 0.9165 0.22217 0.07715 0.10449
0 0.09863 0.06299 0.07031 0.0791
0 0.03076 0.13232 0.05957 0.07324
0 0.92139 0.15869 0.05176 0.10059
0 0.13379 0.19482 0.08008 0.0752
0 0.54443 0.95801 0.0791 0.07227
0 0.46484 0.09424 0.05664 0.07715
0 0.2002 0.4043 0.05469 0.09766
0 0.34521 0.23145 0.06543 0.06055
0 0.18311 0.48633 0.08105 0.05273
0 0.96533 0.49414 0.0498 0.07227
0 0.58398 0.56787 0.10742 0.05176
0 0.91504 0.38379 0.10547 0.08008
0 0.49268 0.04834 0.06934 0.05957
0 0.2627 0.27002 0.07227 0.07715
0 0.10938 0.8833 0.10547 0.07129
0 0.1665 0.44678 0.09863 0.0791
0 0.34131 0.28711 0.05176 0.07617
0 0.88965 0.03662 0.0625 0.06348
0 0.26416 0.96191 0.08691 0.06641
0 0.31396 0.78369 0.08301 0.07715
0 0.8042 0.10205 0.0498 0.07129
0 0.18848 0.30762 0.08984 0.05664
0 0.19922 0.06689 0.0957 0.09668
0 0.83643 0.76514 0.08887 0.05371
0 0.72217 0.27051 0.06348 0.04883
0 0.90088 0.65137 0.06152 0.05273
0 0.61865 0.84326 0.06543 0.0459
0 0.9126 0.96045 0.07324 0.04004
0 0.30225 0.67529 0.06738 0.05371
0 0.49951 0.30615 0.0752 0.08301
0 0.28369 0.84033 0.09863 0.07715
0 0.17676 0.81787 0.0625 0.05176
0 0.72607 0.79541 0.06152 0.04785
0 0.09277 0.81689 0.09375 0.06934
0 0.48047 0.51074 0.07617 0.0625
0 0.70898 0.31641 0.05078 0.0332
0 0.43115 0.66211 0.09473 0.03125
0 0.19336 0.61865 0.08398 0.0498
0 0.62988 0.71924 0.05469 0.03223
0 0.54639 0.62451 0.06152 0.04785
0 0.65332 0.53613 0.04883 0.05664
0 0.02686 0.60205 0.05371 0.07129
0 0.08691 0.11035 0.06055 0.05078
0 0.91211 0.84912 0.05273 0.06543
0 0.52686 0.81787 0.03027 0.06934
0 0.87744 0.97314 0.04199 0.05371
0 0.59082 0.93262 0.04102 0.0293
0 0.75488 0.979 0.03516 0.04199
0 0.19238 0.56299 0.06641 0.05957
0 0.43701 0.25 0.05371 0.08594
0 0.3916 0.41357 0.04297 0.05176
0 0.01758 0.2168 0.03516 0.06055
0 0.72998 0.64941 0.06348 0.04102
0 0.06104 0.53174 0.08301 0.05371
0 0.81348 0.97754 0.05664 0.02539
0 0.44385 0.30713 0.06543 0.09863
0 0.95312 0.62891 0.05078 0.04297
0 0.56885 0.84619 0.06934 0.0459
0 0.15332 0.2583 0.10156 0.0498
0 0.53564 0.01855 0.04199 0.03711
0 0.59131 0.49609 0.06348 0.06055
0 0.82666 0.06445 0.03613 0.04297
0 0.62061 0.53809 0.04785 0.0625
0 0.83447 0.92578 0.05566 0.05273
0 0.75732 0.89746 0.04004 0.03711
0 0.4585 0.95557 0.05176 0.03223
0 0.24951 0.78271 0.09473 0.07129
0 0.19385 0.68311 0.04004 0.04004
0 0.12744 0.57227 0.05762 0.04688
