0 0.39062 0.18945 0.08789 0.07031
0 0.76465 0.03125 0.09961 0.0625
0 0.39062 0.07959 0.0625 0.0752
0 0.80371 0.42578 0.0625 0.08789
0 0.69043 0.53711 0.07227 0.06055
0 0.54248 0.36328 0.08496 0.04688
0 0.16455 0.42676 0.06543 0.11523
0 0.72461 0.69434 0.07031 0.06055
0 0.75049 0.21826 0.05762 0.10254
0 0.20215 0.79932 0.06055 0.13965
0 0.65234 0.01709 0.08008 0.03418
0 0.8999 0.20703 0.0498 0.14062
0 0.97705 0.11816 0.0459 0.07227
0 0.65332 0.38818 0.0625 0.05762
0 0.21484 0.06104 0.07031 0.12207
0 0.92432 0.33984 0.08496 0.11523
0 0.11084 0.75537 0.09668 0.05762
0 0.3623 0.85791 0.08008 0.10254
0 0.97852 0.4082 0.04297 0.0625
0 0.63916 0.86963 0.12012 0.06934
0 0.98438 0.60059 0.03125 0.11523
0 0.61182 0.45068 0.06543 0.04785
0 0.62939 0.73584 0.06934 0.11816
0 0.5708 0.61328 0.07324 0.06836
0 0.28564 0.50439 0.06738 0.0498
0 0.39111 0.01367 0.05762 0.02734
0 0.38574 0.64795 0.05664 0.09277
0 0.82861 0.73926 0.06738 0.08008
0 0.0918 0.34473 0.13477 0.05469
0 0.56445 0.92383 0.07812 0.15234
0 0.44434 0.91943 0.06445 0.13574
0 0.52539 0.07471 0.0625 0.04004
0 0.29736 0.08447 0.0498 0.05566
0 0.39844 0.2793 0.07227 0.125
0 0.42236 0.80615 0.0498 0.10254
0 0.83447 0.62109 0.05566 0.0625
0 0.18945 0.51611 0.06055 0.05762
0 0.99854 0.20117 0.00293 0.0625
0 0.8125 0.89355 0.06445 0.18359
0 0.08984 0.87207 0.05469 0.08008
0 0.36816 0.95947 0.07812 0.06934
0 0.75537 0.91016 0.06934 0.17969
0 0.07471 0.53955 0.06543 0.08496
0 0.23828 0.23193 0.0625 0.09473
0 0.96973 0.75781 0.06055 0.07617
0 0.57568 0.19922 0.08301 0.11523
0 0.05859 0.07031 0.10742 0.0625
0 0.29834 0.85449 0.05762 0.14453
0 0.39844 0.36182 0.05273 0.0498
0 0.09961 0.28613 0.08984 0.0625
0 0.70215 0.25293 0.05469 0.05273
0 0.64209 0.18945 0.06934 0.06445
0 0.13184 0.67822 0.07031 0.08691
0 0.05811 0.10547 0.1123 0.05273
0 0.98242 0.84814 0.03516 0.06738
0 0.15332 0.87451 0.0625 0.11426
0 0.32959 0.7832 0.06543 0.09766
0 0.66455 0.93066 0.05566 0.07812
0 0.19189 0.94336 0.08496 0.08203
0 0.47949 0.51562 0.07422 0.04297
0 0.52832 0.28711 0.05664 0.07031
0 0.06201 0.30078 0.11426 0.05664
0 0.19092 0.61572 0.05762 0.05176
0 0.84961 0.06201 0.06445 0.05957
0 0.04834 0.21436 0.09277 0.09473
0 0.21875 0.18799 0.11133 0.19238
0 0.4834 0.43848 0.10742 0.12305
0 0.06982 0.94824 0.09473 0.07812
0 0.85693 0.78857 0.0752 0.07715
0 0.15234 0.07031 0.03711 0.05273
0 0.10693 0.59863 0.10059 0.09766
0 0.86475 0.85596 0.06543 0.12793
0 0.1582 0.1709 0.0625 0.05273
0 0.89551 0.20947 0.08789 0.0752
0 0.50586 0.43359 0.07227 0.09766
0 0.02881 0.51904 0.05762 0.05566
0 0.02686 0.6709 0.0498 0.0918
0 0.0498 0.65332 0.07031 0.0918
0 0.53223 0.66797 0.04492 0.09766
0 0.48926 0.69434 0.05469 0.09961
0 0.89209 0.45166 0.04004 0.0752
0 0.93359 0.45508 0.03906 0.05469
0 0.02979 0.94922 0.05957 0.05469
0 0.14551 0.97461 0.11719 0.05078
0 0.11084 0.81689 0.08691 0.06934
0 0.4834 0.92822 0.0625 0.1377
0 0.71338 0.94336 0.04199 0.08789
