0 0.52686 0.19043 0.0752 0.10742
0 0.90332 0.45361 0.0918 0.06738
0 0.74951 0.1084 0.12012 0.07227
0 0.21338 0.14209 0.13184 0.10449
0 0.51416 0.60938 0.0752 0.16992
0 0.60547 0.64209 0.11719 0.08496
0 0.34912 0.68896 0.08496 0.14551
0 0.85986 0.91309 0.09473 0.07227
0 0.29736 0.0459 0.08496 0.0918
0 0.41309 0.19189 0.07227 0.10449
0 0.40576 0.58936 0.1123 0.06543
0 0.94092 0.31348 0.07715 0.07227
0 0.96387 0.55176 0.07227 0.07227
0 0.10059 0.10889 0.08203 0.12793
0 0.74414 0.71191 0.08008 0.15039
0 0.87207 0.16846 0.10938 0.14746
0 0.98145 0.2666 0.03711 0.08984
0 0.1582 0.49219 0.12305 0.18945
0 0.67334 0.31787 0.07715 0.10254
0 0.45801 0.021 0.0625 0.04199
0 0.25928 0.82129 0.10254 0.08008
0 0.79199 0.37305 0.13477 0.15234
0 0.06104 0.68457 0.09277 0.20508
0 0.16602 0.55176 0.10742 0.11523
0 0.47705 0.12793 0.06934 0.0625
0 0.71094 0.82715 0.20312 0.08984
0 0.45703 0.77344 0.15039 0.1875
0 0.43848 0.95166 0.12305 0.08496
0 0.65918 0.76807 0.11523 0.15723
0 0.86328 0.38086 0.07812 0.07812
0 0.53369 0.48486 0.06738 0.08496
0 0.24121 0.28809 0.0625 0.08789
0 0.98486 0.93945 0.03027 0.11523
0 0.84961 0.28809 0.06445 0.05273
0 0.06592 0.29004 0.06738 0.07812
0 0.16455 0.73975 0.06543 0.09473
0 0.31445 0.96875 0.09961 0.0625
0 0.0332 0.26807 0.0625 0.08301
0 0.50098 0.20801 0.07227 0.07227
0 0.77832 0.22314 0.04688 0.07715
0 0.10938 0.71436 0.08984 0.2002
0 0.04053 0.76221 0.04785 0.0752
0 0.56299 0.90479 0.14746 0.0752
0 0.81201 0.42188 0.05566 0.08008
0 0.7207 0.05859 0.08203 0.0625
0 0.96582 0.03857 0.06836 0.07715
0 0.27881 0.76465 0.05566 0.0625
0 0.31982 0.79639 0.06543 0.07129
0 0.16309 0.96533 0.12891 0.06934
0 0.09961 0.95508 0.14648 0.08984
0 0.06348 0.95215 0.11914 0.09375
