0 0.08936 0.5835 0.08691 0.07129
0 0.12939 0.82568 0.13965 0.08887
0 0.75781 0.41553 0.07617 0.11816
0 0.01904 0.03418 0.03809 0.06836
0 0.91943 0.03613 0.16113 0.07227
0 0.35107 0.57373 0.08887 0.05176
0 0.93164 0.60205 0.08203 0.06348
0 0.97314 0.2124 0.05371 0.06543
0 0.90869 0.13135 0.0459 0.1123
0 0.00732 0.70166 0.01465 0.04199
0 0.92383 0.47119 0.06055 0.1416
0 0.2373 0.70654 0.10547 0.03613
0 0.7666 0.53564 0.07617 0.06934
0 0.34277 0.60107 0.08398 0.05566
0 0.77148 0.73242 0.05859 0.10547
0 0.94287 0.92285 0.10254 0.04688
0 0.48145 0.68848 0.14062 0.0625
0 0.17432 0.30518 0.06934 0.04004
0 0.49023 0.59473 0.16602 0.0625
0 0.93604 0.23535 0.09473 0.05859
0 0.59131 0.55322 0.09863 0.04004
0 0.06885 0.01172 0.09863 0.02148
0 0.43066 0.63281 0.08984 0.0293
0 0.1958 0.54785 0.10254 0.0293
0 0.17285 0.21777 0.10352 0.0625
0 0.97266 0.27686 0.05469 0.03418
0 0.10645 0.41553 0.08789 0.06348
0 0.56885 0.2002 0.12012 0.10352
0 0.72754 0.95801 0.04492 0.05859
0 0.08643 0.37305 0.13379 0.07227
0 0.67969 0.24707 0.05273 0.06836
0 0.16162 0.02393 0.04395 0.04785
0 0.71924 0.73535 0.06152 0.05273
0 0.27686 0.6333 0.05371 0.02832
0 0.93701 0.86084 0.04004 0.06738
0 0.56885 0.72803 0.05957 0.04395
0 0.02588 0.88672 0.05176 0.08203
0 0.86768 0.69189 0.14355 0.06738
0 0.35791 0.96777 0.08301 0.05469
0 0.9751 0.98438 0.0498 0.02539
0 0.59082 0.23584 0.07617 0.04395
0 0.61768 0.69922 0.07129 0.0293
0 0.75928 0.03027 0.05371 0.03125
0 0.94385 0.68799 0.06152 0.09082
0 0.55225 0.98291 0.07129 0.02832
0 0.94482 0.8623 0.02637 0.06445
0 0.04297 0.50537 0.06836 0.03613
0 0.03027 0.73975 0.06055 0.02637
0 0.23193 0.22412 0.06934 0.05176
0 0.25537 0.57275 0.12598 0.05176
0 0.56494 0.35229 0.10957 0.06104
0 0.00928 0.50879 0.01855 0.08984
0 0.56348 0.10254 0.07422 0.05859
0 0.80371 0.63477 0.21484 0.05078
0 0.97021 0.71094 0.05957 0.04102
0 0.64404 0.56494 0.13965 0.13965
0 0.51807 0.83789 0.17676 0.0918
0 0.71973 0.85205 0.14453 0.07324
0 0.17725 0.67773 0.10059 0.05859
0 0.08008 0.45459 0.10156 0.05176
0 0.91992 0.48486 0.10742 0.11035
0 0.97949 0.6709 0.04102 0.03906
0 0.06152 0.98779 0.10352 0.02441
0 0.89209 0.94824 0.06152 0.04297
