0 0.16455 0.17383 0.10059 0.08984
0 0.15088 0.01855 0.1123 0.03711
0 0.04199 0.08936 0.08203 0.08105
0 0.02832 0.3457 0.05664 0.09766
0 0.13184 0.38867 0.10938 0.16602
0 0.06299 0.53223 0.09277 0.08984
0 0.12354 0.85059 0.1377 0.08203
0 0.0415 0.03027 0.08301 0.06055
0 0.70068 0.40332 0.1123 0.07812
0 0.03369 0.29297 0.06738 0.0625
0 0.00244 0.95703 0.00488 0.08594
0 0.85791 0.05176 0.10449 0.08203
0 0.0708 0.20117 0.09473 0.10547
0 0.88574 0.69287 0.13477 0.13965
0 0.03857 0.95215 0.07715 0.08008
0 0.93652 0.42236 0.09961 0.09277
0 0.72314 0.91602 0.04785 0.11719
0 0.94873 0.56543 0.10059 0.125
0 0.96094 0.36279 0.07812 0.0791
0 0.9751 0.67627 0.04785 0.09082
