0 0.7998 0.82129 0.07031 0.08398
0 0.67529 0.34912 0.05566 0.1084
0 0.09033 0.59375 0.05176 0.14648
0 0.7998 0.07812 0.0957 0.07812
0 0.63184 0.45605 0.06055 0.05273
0 0.09131 0.44922 0.15137 0.08203
0 0.84473 0.55762 0.03906 0.07812
0 0.96191 0.31445 0.07031 0.07422
0 0.38037 0.38721 0.04004 0.0459
0 0.29834 0.49414 0.08691 0.03516
0 0.87012 0.40234 0.09766 0.04297
0 0.03662 0.02979 0.07324 0.05957
0 0.17432 0.31592 0.08496 0.04395
0 0.79346 0.44971 0.06934 0.05762
0 0.04883 0.11963 0.08203 0.08496
0 0.1582 0.52686 0.0625 0.04199
0 0.30566 0.21484 0.10547 0.03906
0 0.96094 0.10889 0.07422 0.05957
0 0.56152 0.62988 0.08203 0.04688
0 0.95117 0.7998 0.07617 0.04297
0 0.2334 0.42969 0.07617 0.04297
0 0.65234 0.74365 0.05664 0.04199
0 0.53662 0.3501 0.12793 0.05176
0 0.71875 0.61182 0.07227 0.15918
0 0.91602 0.44629 0.0918 0.04883
0 0.30615 0.17871 0.0791 0.0332
0 0.49512 0.82471 0.04492 0.05371
0 0.83984 0.80518 0.05859 0.05176
0 0.18652 0.01709 0.09961 0.03027
0 0.00586 0.20117 0.01172 0.01758
0 0.28369 0.12207 0.0459 0.06445
0 0.59033 0.55029 0.11816 0.03418
0 0.32227 0.44385 0.08008 0.03809
0 0.35742 0.42041 0.07031 0.07715
0 0.16318 0.84683 0.0709 0.05576
0 0.64111 0.51953 0.06543 0.06836
0 0.26562 0.41797 0.08203 0.04492
0 0.97852 0.02734 0.04297 0.02344
0 0.56006 0.43701 0.06543 0.06543
0 0.15332 0.06494 0.08008 0.05566
0 0.98047 0.54736 0.03906 0.07324
0 0.91309 0.14795 0.11328 0.04395
0 0.87354 0.8125 0.06348 0.05664
0 0.65332 0.85547 0.11133 0.08984
0 0.49365 0.36768 0.08496 0.0498
0 0.06299 0.46436 0.12598 0.08105
0 0.56885 0.10938 0.23926 0.09961
0 0.25684 0.87988 0.12891 0.04883
0 0.01709 0.97412 0.03027 0.03223
0 0.01514 0.93896 0.03027 0.0498
0 0.06641 0.91895 0.0957 0.04883
0 0.13672 0.92871 0.10156 0.04297
0 0.14111 0.88672 0.05762 0.07812
0 0.22412 0.94873 0.06934 0.06152
0 0.28516 0.93457 0.0957 0.0332
0 0.29785 0.98438 0.06055 0.03125
0 0.68115 0.9624 0.12012 0.06738
0 0.72412 0.87256 0.1084 0.05566
0 0.80078 0.93359 0.12305 0.06836
0 0.88867 0.87207 0.07812 0.04492
0 0.86182 0.9209 0.06152 0.03906
0 0.9458 0.93311 0.09277 0.05762
0 0.46924 0.98535 0.04785 0.0293
0 0.93555 0.98438 0.125 0.03125
