0 0.22314 0.12988 0.09473 0.0957
0 0.33203 0.20508 0.06836 0.07422
0 0.03906 0.14746 0.07812 0.09766
0 0.10254 0.13965 0.0625 0.06445
0 0.08789 0.03857 0.08398 0.07715
0 0.18311 0.0415 0.09082 0.07129
0 0.40332 0.1167 0.08398 0.08105
0 0.50781 0.12891 0.0625 0.0625
0 0.03418 0.32129 0.05273 0.08008
0 0.16406 0.4209 0.05859 0.05273
0 0.16797 0.51465 0.08008 0.08008
0 0.04736 0.68994 0.06934 0.12402
0 0.11377 0.71826 0.08301 0.07129
0 0.05127 0.79346 0.09082 0.0791
0 0.2627 0.64014 0.0625 0.0791
0 0.34668 0.77295 0.09766 0.07324
0 0.4209 0.65381 0.07422 0.0791
0 0.55957 0.72949 0.08398 0.08203
0 0.5166 0.85156 0.07812 0.07617
0 0.43799 0.95996 0.10645 0.08008
0 0.64209 0.89844 0.0752 0.08594
0 0.68506 0.79688 0.07129 0.06836
0 0.80078 0.78809 0.14062 0.07617
0 0.83301 0.95264 0.08008 0.09082
0 0.72656 0.64648 0.08203 0.07031
0 0.65576 0.69629 0.06738 0.07617
0 0.62842 0.56689 0.07129 0.05371
0 0.6333 0.48242 0.08301 0.08203
0 0.7915 0.43213 0.07324 0.09277
0 0.85938 0.61621 0.07422 0.08203
0 0.94385 0.35742 0.06934 0.07812
0 0.54297 0.29053 0.08984 0.07324
0 0.58008 0.18848 0.14258 0.07422
0 0.84229 0.10498 0.0791 0.08301
0 0.92041 0.14062 0.07129 0.07422
0 0.96777 0.21387 0.06445 0.06445
0 0.79785 0.20752 0.07031 0.06738
0 0.69141 0.12646 0.05859 0.06934
0 0.69873 0.06592 0.0752 0.06934
0 0.80811 0.03027 0.07129 0.05859
0 0.52979 0.50391 0.07129 0.07031
0 0.21338 0.8291 0.0791 0.07031
0 0.21387 0.29053 0.04883 0.0498
0 0.5332 0.22949 0.06836 0.0625
0 0.91113 0.04102 0.125 0.08008
0 0.45898 0.57617 0.0625 0.05859
0 0.17578 0.6499 0.07227 0.07129
0 0.87256 0.56738 0.07129 0.05859
0 0.67285 0.62939 0.04883 0.08301
0 0.73291 0.92822 0.04785 0.06934
0 0.5127 0.0166 0.05273 0.0332
0 0.57275 0.01611 0.0498 0.03223
0 0.71533 0.17041 0.04199 0.05371
0 0.17383 0.00879 0.09961 0.01758
