0 0.52881 0.73438 0.08496 0.11133
0 0.66943 0.55859 0.13965 0.1875
0 0.44287 0.91064 0.14551 0.12012
0 0.77979 0.93848 0.19043 0.10742
0 0.78906 0.61768 0.17383 0.1084
0 0.61035 0.83936 0.10742 0.10059
0 0.74121 0.87354 0.14258 0.09277
0 0.60303 0.97803 0.09473 0.04395
0 0.54883 0.42773 0.11133 0.06641
0 0.48584 0.34326 0.09277 0.09277
0 0.70166 0.3457 0.12012 0.09961
0 0.55273 0.67334 0.125 0.06738
0 0.80518 0.29248 0.12988 0.12012
0 0.31006 0.7666 0.07324 0.07617
0 0.59473 0.36475 0.09766 0.07129
