0 0.95898 0.13867 0.08203 0.03906
0 0.90381 0.11963 0.0498 0.03809
0 0.82373 0.07275 0.03223 0.04395
0 0.9502 0.01611 0.05664 0.03223
0 0.75977 0.05566 0.04688 0.03516
0 0.74365 0.16602 0.07715 0.05078
0 0.80859 0.25586 0.06055 0.04688
0 0.96436 0.27637 0.07129 0.03516
0 0.56006 0.01855 0.05176 0.03711
0 0.58301 0.0459 0.08398 0.04688
0 0.53223 0.13428 0.08203 0.0498
0 0.41016 0.1582 0.03906 0.0293
0 0.38281 0.22607 0.07617 0.04004
0 0.44824 0.2998 0.06641 0.04883
0 0.27393 0.22217 0.03223 0.02246
0 0.07178 0.1416 0.06934 0.02539
0 0.13232 0.02148 0.09473 0.0332
0 0.88867 0.6123 0.05469 0.05273
0 0.89502 0.64453 0.03223 0.05078
0 0.80029 0.58594 0.04004 0.11328
0 0.73047 0.50586 0.07617 0.03125
0 0.65771 0.58789 0.0498 0.03906
0 0.51367 0.65332 0.09375 0.04102
0 0.70361 0.67773 0.13965 0.08984
0 0.68896 0.75977 0.06152 0.05469
0 0.75684 0.8125 0.0625 0.06836
0 0.15186 0.5083 0.08691 0.06543
0 0.10498 0.58545 0.09277 0.03027
0 0.04248 0.63525 0.06934 0.02441
0 0.05566 0.64648 0.05859 0.02344
0 0.05029 0.69531 0.02637 0.03906
0 0.03027 0.78955 0.06055 0.09082
