0 0.03027 0.96631 0.06055 0.06738
0 0.04834 0.88428 0.09668 0.09473
0 0.04688 0.81055 0.09375 0.10938
0 0.1582 0.771 0.07617 0.08691
0 0.12305 0.66309 0.06055 0.06445
0 0.18604 0.68164 0.06152 0.06836
0 0.03223 0.41162 0.06445 0.06738
0 0.15967 0.34229 0.08496 0.07129
0 0.14893 0.42432 0.08691 0.07129
0 0.09424 0.51953 0.06543 0.05664
0 0.1333 0.48193 0.08496 0.05957
0 0.19336 0.46973 0.0625 0.05664
0 0.21436 0.51855 0.08496 0.05078
0 0.10303 0.04395 0.0752 0.06641
0 0.0708 0.19922 0.07715 0.07422
0 0.29346 0.09863 0.06738 0.06055
0 0.38574 0.14746 0.08203 0.06836
0 0.33252 0.22314 0.07324 0.09668
0 0.35938 0.19873 0.07031 0.07324
0 0.43408 0.29297 0.07324 0.08008
0 0.50781 0.26758 0.0625 0.07422
0 0.37305 0.49658 0.07031 0.05176
0 0.53223 0.50342 0.07422 0.08105
0 0.45459 0.52246 0.04785 0.05664
0 0.41699 0.55029 0.06055 0.07129
0 0.35791 0.56543 0.09277 0.08203
0 0.41357 0.71973 0.10645 0.08008
0 0.28418 0.8667 0.16406 0.06543
0 0.31494 0.91211 0.10059 0.06445
0 0.44189 0.8335 0.15332 0.09473
0 0.55273 0.86328 0.08203 0.07617
0 0.4126 0.95166 0.06543 0.06738
0 0.44385 0.98242 0.08496 0.03516
0 0.56055 0.96289 0.13867 0.07227
0 0.86035 0.96777 0.07031 0.05273
0 0.74951 0.89893 0.08301 0.07715
0 0.89551 0.83301 0.12891 0.0957
0 0.82373 0.75781 0.07324 0.07812
0 0.88477 0.72412 0.07031 0.07715
0 0.66455 0.67334 0.05566 0.06738
0 0.59619 0.87207 0.10254 0.07031
0 0.95703 0.80225 0.08594 0.07324
0 0.96338 0.61963 0.07324 0.19238
0 0.70752 0.47852 0.08105 0.05469
0 0.79639 0.48291 0.09277 0.09473
0 0.74951 0.52686 0.0752 0.06543
0 0.79688 0.55566 0.06055 0.0625
0 0.85107 0.3916 0.10449 0.08594
0 0.82617 0.28174 0.06641 0.08105
0 0.8916 0.25977 0.08203 0.07031
0 0.61377 0.20215 0.0752 0.08594
0 0.55566 0.11377 0.07422 0.06543
0 0.75684 0.17041 0.10547 0.08301
0 0.84521 0.11865 0.0752 0.07715
0 0.93896 0.13379 0.10449 0.07031
0 0.47363 0.40625 0.05273 0.0625
0 0.90625 0.48535 0.12305 0.04688
0 0.10986 0.88965 0.04785 0.03906
0 0.68799 0.86279 0.07715 0.06348
0 0.49219 0.88574 0.06836 0.0625
0 0.5127 0.84131 0.05273 0.0459
0 0.44092 0.89111 0.06738 0.05176
0 0.98584 0.68555 0.02832 0.0332
0 0.40674 0.00928 0.08691 0.01855
0 0.73975 0.01123 0.05371 0.02246
0 0.02979 0.48682 0.05957 0.04395
