0 0.58008 0.55176 0.06836 0.08398
0 0.84766 0.625 0.05078 0.09375
0 0.12988 0.03955 0.07227 0.07715
0 0.99316 0.69092 0.01367 0.09277
0 0.71875 0.86523 0.08203 0.09766
0 0.88965 0.50439 0.08203 0.08105
0 0.44824 0.3916 0.08203 0.08789
0 0.729 0.65723 0.06934 0.05469
0 0.44092 0.34473 0.09668 0.06445
0 0.79883 0.83105 0.08203 0.08398
0 0.354 0.29199 0.08301 0.08398
0 0.06348 0.65527 0.12305 0.06641
0 0.27588 0.6416 0.18262 0.05469
0 0.98828 0.0332 0.02344 0.0625
0 0.29346 0.19824 0.09473 0.05078
0 0.5542 0.14844 0.04199 0.08398
0 0.59424 0.54736 0.06738 0.07715
0 0.79785 0.35107 0.07812 0.06348
0 0.15869 0.59033 0.13184 0.02637
0 0.6748 0.50391 0.05664 0.07617
0 0.05127 0.43115 0.09473 0.03613
0 0.11475 0.56299 0.09668 0.03613
0 0.61279 0.75488 0.13184 0.04883
0 0.49268 0.14551 0.07715 0.10742
0 0.39209 0.16357 0.05957 0.0752
0 0.76855 0.73682 0.06641 0.03809
0 0.87354 0.896 0.04199 0.07324
0 0.35254 0.97021 0.07227 0.02637
0 0.24609 0.52051 0.08203 0.03711
0 0.8457 0.08936 0.04688 0.12402
0 0.50049 0.32129 0.06152 0.03906
0 0.05713 0.2002 0.11426 0.07227
0 0.79248 0.90332 0.05566 0.10547
0 0.0835 0.60693 0.10645 0.05762
0 0.73047 0.59424 0.17383 0.06348
0 0.45947 0.76123 0.14355 0.0498
0 0.85498 0.56592 0.05176 0.04395
0 0.88721 0.11035 0.05566 0.14453
0 0.39941 0.71582 0.09375 0.04492
0 0.25488 0.30566 0.07812 0.04102
0 0.53613 0.1543 0.0332 0.08203
0 0.31738 0.52344 0.07031 0.07227
0 0.46094 0.20312 0.0957 0.06055
0 0.13232 0.20215 0.06543 0.04883
0 0.50586 0.26025 0.05078 0.04395
0 0.12378 0.97192 0.13604 0.05361
0 0.90527 0.61426 0.08398 0.03906
0 0.98926 0.1626 0.02148 0.01855
0 0.66455 0.04688 0.04785 0.04688
0 0.03369 0.53174 0.06738 0.07324
0 0.14893 0.99023 0.04004 0.01953
0 0.33643 0.99023 0.0498 0.01953
