0 0.35596 0.13818 0.05566 0.07715
0 0.39062 0.22461 0.07031 0.06836
0 0.46094 0.16113 0.10742 0.08008
0 0.51758 0.26172 0.06836 0.09766
0 0.5498 0.03076 0.11719 0.06152
0 0.43262 0.02148 0.11133 0.04297
0 0.40723 0.06641 0.06445 0.05273
0 0.03418 0.43164 0.06836 0.14648
0 0.25439 0.40625 0.15332 0.12695
0 0.31055 0.39746 0.06836 0.07422
0 0.28076 0.49707 0.07715 0.10352
0 0.14502 0.51172 0.09473 0.09766
0 0.33838 0.59033 0.10254 0.12988
0 0.25781 0.61133 0.06055 0.07422
0 0.19971 0.62793 0.0791 0.07812
0 0.18848 0.73926 0.09766 0.0957
0 0.39258 0.67676 0.08008 0.06836
0 0.53125 0.73926 0.06836 0.07031
0 0.53223 0.64746 0.07031 0.0625
0 0.63037 0.53125 0.10059 0.07812
0 0.72852 0.44385 0.05469 0.08105
0 0.79736 0.49023 0.08301 0.05664
0 0.7666 0.35059 0.07422 0.08594
0 0.83203 0.36816 0.07031 0.07617
0 0.9458 0.35693 0.07715 0.08887
0 0.95703 0.54102 0.08594 0.10742
0 0.88086 0.65967 0.06836 0.08887
0 0.85107 0.72168 0.05762 0.05273
0 0.82129 0.68164 0.06445 0.04492
0 0.9375 0.82178 0.07227 0.09473
0 0.30371 0.9043 0.08008 0.08398
0 0.24658 0.9834 0.09277 0.0332
0 0.57324 0.96875 0.08594 0.0625
0 0.74707 0.98193 0.10938 0.03613
0 0.79834 0.03955 0.07324 0.07715
0 0.89697 0.05127 0.0791 0.06543
0 0.10205 0.31396 0.09082 0.08887
0 0.56445 0.10107 0.04297 0.06543
0 0.41162 0.18506 0.07324 0.05957
0 0.02588 0.01953 0.05176 0.03906
0 0.37012 0.41016 0.06836 0.04688
0 0.19092 0.42334 0.06348 0.08105
0 0.05664 0.51416 0.11328 0.06152
0 0.0127 0.55029 0.02539 0.03223
0 0.79492 0.74023 0.06055 0.05859
