0 0.86377 0.04443 0.07324 0.05957
0 0.93457 0.04297 0.0957 0.08594
0 0.91504 0.29053 0.06836 0.04395
0 0.85693 0.50488 0.0498 0.12109
0 0.91797 0.53027 0.04492 0.06836
0 0.81055 0.58447 0.07031 0.0791
0 0.73291 0.62842 0.09473 0.0498
0 0.82617 0.65381 0.09961 0.05762
0 0.854 0.68311 0.10645 0.05371
0 0.80518 0.75049 0.05957 0.05176
0 0.77441 0.71191 0.07617 0.04102
0 0.93945 0.76611 0.07812 0.06348
0 0.96875 0.83496 0.0625 0.08594
0 0.83008 0.90479 0.05859 0.07129
0 0.7085 0.854 0.06152 0.09082
0 0.62549 0.19238 0.10254 0.05469
0 0.5957 0.08838 0.09375 0.13379
0 0.43604 0.08545 0.0752 0.10059
0 0.39111 0.11182 0.0459 0.1123
0 0.09424 0.07275 0.0459 0.07129
0 0.47021 0.61426 0.07129 0.05078
0 0.31348 0.64648 0.05859 0.06641
0 0.36084 0.82471 0.03223 0.02246
0 0.35596 0.76855 0.1123 0.07812
0 0.49365 0.74268 0.05957 0.08496
0 0.19678 0.79736 0.11426 0.0752
0 0.41699 0.97168 0.05859 0.05664
0 0.03125 0.83301 0.0625 0.06836
0 0.01807 0.3418 0.03613 0.06836
0 0.03857 0.3623 0.04785 0.04883
0 0.04932 0.39941 0.05176 0.05273
0 0.06836 0.16016 0.07227 0.08594
0 0.17627 0.21582 0.06738 0.0918
0 0.1084 0.29932 0.06641 0.06543
0 0.23877 0.35303 0.05957 0.07715
0 0.10889 0.44385 0.04785 0.06738
0 0.14209 0.49121 0.06543 0.06445
0 0.229 0.51855 0.06348 0.09961
0 0.20508 0.62842 0.07227 0.07324
0 0.09229 0.66162 0.07324 0.11035
0 0.4082 0.43848 0.04688 0.08594
0 0.45215 0.37207 0.04883 0.03516
0 0.35938 0.27051 0.08203 0.07812
0 0.28467 0.26953 0.05566 0.05469
0 0.5752 0.82861 0.06641 0.05371
0 0.5459 0.72461 0.08984 0.07422
0 0.30908 0.42334 0.05762 0.07324
0 0.20605 0.38916 0.06445 0.06348
