0 0.32812 0.3501 0.08789 0.16895
0 0.15088 0.41846 0.06934 0.19629
0 0.04883 0.43457 0.07422 0.07227
0 0.52979 0.70264 0.13574 0.10645
0 0.43555 0.66016 0.11133 0.09375
0 0.66699 0.77539 0.13086 0.14844
0 0.77051 0.78271 0.06641 0.15137
0 0.83057 0.87744 0.07715 0.2002
0 0.63428 0.9043 0.0791 0.18164
0 0.70654 0.93018 0.08691 0.08496
0 0.32959 0.8291 0.1416 0.0918
0 0.30225 0.7583 0.07129 0.0791
0 0.10449 0.7002 0.11328 0.14844
0 0.01758 0.69336 0.03516 0.0957
0 0.02686 0.96436 0.05371 0.06934
0 0.07227 0.93799 0.05664 0.07324
0 0.04297 0.88477 0.08594 0.06055
0 0.05078 0.82178 0.05859 0.05371
0 0.10107 0.05176 0.0791 0.0625
0 0.14746 0.14844 0.04883 0.07422
0 0.2793 0.13379 0.10547 0.10938
0 0.39355 0.20215 0.10742 0.17773
0 0.45703 0.03027 0.0918 0.06055
0 0.75195 0.03271 0.16406 0.06543
0 0.70605 0.05957 0.14258 0.05664
0 0.65283 0.09766 0.09668 0.06445
0 0.92285 0.07812 0.09375 0.11133
0 0.54346 0.43604 0.09668 0.05566
0 0.64307 0.55127 0.06934 0.08105
0 0.78369 0.59521 0.12402 0.05176
0 0.82959 0.69824 0.12598 0.13672
0 0.77246 0.67969 0.10156 0.04102
0 0.96826 0.67725 0.0459 0.10254
0 0.81055 0.38086 0.125 0.10352
0 0.72998 0.44482 0.12988 0.05957
0 0.82324 0.29443 0.07617 0.12012
0 0.95068 0.32861 0.09863 0.0791
0 0.34473 0.97363 0.15625 0.05273
