0 0.06396 0.1377 0.12207 0.08984
0 0.18066 0.23535 0.14453 0.08594
0 0.39746 0.10107 0.0625 0.12793
0 0.55713 0.08203 0.07324 0.14648
0 0.49365 0.15576 0.0498 0.06934
0 0.60156 0.22119 0.06445 0.12402
0 0.7417 0.15234 0.07324 0.09961
0 0.83789 0.04883 0.08008 0.09766
0 0.98047 0.09766 0.03906 0.08984
0 0.97461 0.19336 0.05078 0.14844
0 0.93701 0.27344 0.04199 0.07812
0 0.92627 0.38232 0.07129 0.11816
0 0.86719 0.42871 0.05664 0.07227
0 0.79346 0.53418 0.09863 0.07812
0 0.60498 0.49902 0.1416 0.06836
0 0.5498 0.45068 0.0918 0.0498
0 0.36377 0.42725 0.19043 0.05762
0 0.03809 0.48828 0.07617 0.04492
0 0.0332 0.59766 0.06641 0.06836
0 0.15674 0.67725 0.07129 0.08105
0 0.30566 0.71045 0.14062 0.07129
0 0.48584 0.62549 0.09082 0.07324
0 0.6709 0.63721 0.125 0.08105
0 0.73486 0.69971 0.07129 0.06348
0 0.6499 0.74121 0.10449 0.07812
0 0.42969 0.76123 0.17773 0.08691
0 0.87598 0.55078 0.06055 0.08008
0 0.94531 0.59766 0.07812 0.10938
0 0.90332 0.71143 0.05664 0.08691
0 0.97266 0.75391 0.05469 0.07227
0 0.98096 0.83936 0.03809 0.0791
0 0.771 0.87012 0.06543 0.07227
0 0.72949 0.8291 0.07031 0.05859
0 0.72168 0.90088 0.08789 0.08887
0 0.61963 0.94482 0.07715 0.07324
0 0.48291 0.94873 0.12793 0.07324
0 0.26074 0.91699 0.11719 0.0957
0 0.12744 0.94141 0.0752 0.08398
0 0.03369 0.96729 0.06738 0.06543
0 0.28418 0.99268 0.08594 0.01465
0 0.81543 0.96777 0.06445 0.06445
0 0.71973 0.28467 0.14258 0.06348
0 0.58301 0.33008 0.11133 0.05859
0 0.69629 0.03027 0.06836 0.06055
0 0.09033 0.51709 0.05957 0.06738
0 0.02686 0.85596 0.05371 0.07715
