0 0.24658 0.51318 0.11035 0.05762
0 0.88574 0.11914 0.10742 0.0918
0 0.89795 0.66064 0.09277 0.08301
0 0.59424 0.34912 0.10449 0.15332
0 0.85205 0.18359 0.10645 0.08008
0 0.5083 0.91504 0.05762 0.0957
0 0.30273 0.46143 0.13867 0.08301
0 0.69629 0.42676 0.13086 0.11719
0 0.91016 0.95117 0.08789 0.09766
0 0.14014 0.66016 0.14355 0.10352
0 0.00098 0.83643 0.00195 0.10059
0 0.36914 0.19531 0.12109 0.07812
0 0.45117 0.06689 0.06641 0.12988
0 0.5498 0.18652 0.08789 0.09766
0 0.34326 0.5332 0.12012 0.11719
0 0.91113 0.56885 0.17773 0.16699
0 0.22266 0.02588 0.14258 0.0498
0 0.37695 0.7749 0.10352 0.21582
0 0.84424 0.38379 0.21582 0.08398
0 0.03369 0.01074 0.06738 0.02148
0 0.72266 0.83789 0.09961 0.0625
0 0.87158 0.8501 0.0791 0.09082
0 0.93262 0.77588 0.125 0.07129
0 0.46143 0.11719 0.05371 0.07227
0 0.3584 0.94824 0.04883 0.03906
0 0.27539 0.17139 0.05469 0.08105
0 0.91895 0.021 0.06641 0.04199
0 0.30225 0.01074 0.06738 0.02148
