0 0.80078 0.29199 0.07227 0.08008
0 0.85107 0.56201 0.07715 0.09082
0 0.73584 0.6416 0.08301 0.08008
0 0.94336 0.36963 0.07812 0.10059
0 0.85107 0.12939 0.08496 0.08887
0 0.96484 0.54199 0.07031 0.09961
0 0.7749 0.80176 0.08496 0.07031
0 0.8584 0.65137 0.09766 0.0957
0 0.93701 0.68213 0.09863 0.09863
0 0.88184 0.85938 0.08203 0.07031
0 0.95361 0.15479 0.09082 0.09082
0 0.91943 0.09521 0.0752 0.08301
0 0.7959 0.46973 0.0625 0.08984
0 0.88086 0.80615 0.09766 0.04004
0 0.7168 0.9502 0.07617 0.05664
