0 0.56299 0.18994 0.13184 0.10449
0 0.92871 0.55664 0.14258 0.2793
0 0.37695 0.7373 0.10547 0.19141
0 0.3374 0.04102 0.12988 0.08203
0 0.39697 0.19092 0.18457 0.21777
0 0.72656 0.30371 0.24219 0.1543
0 0.75293 0.36914 0.16016 0.07227
0 0.61084 0.50098 0.19824 0.11719
0 0.10449 0.41699 0.20508 0.16992
0 0.22217 0.31104 0.06738 0.06738
0 0.63135 0.62207 0.42285 0.12109
0 0.32178 0.58203 0.2002 0.31055
0 0.49561 0.03271 0.07715 0.06543
0 0.47949 0.69971 0.16992 0.13965
0 0.29443 0.38721 0.14551 0.37988
0 0.78076 0.48584 0.28223 0.23145
0 0.12402 0.89307 0.24805 0.21387
0 0.28662 0.11719 0.12988 0.10547
