0 0.36865 0.61572 0.14355 0.12207
0 0.06885 0.11572 0.12402 0.16699
0 0.15674 0.81104 0.11035 0.1123
0 0.72021 0.30225 0.12988 0.10254
0 0.28809 0.08984 0.09766 0.13477
0 0.10693 0.54688 0.14551 0.15039
0 0.14209 0.27539 0.1084 0.09766
0 0.80957 0.68799 0.17969 0.14746
0 0.81836 0.07715 0.20312 0.14453
0 0.04736 0.44092 0.09473 0.1377
0 0.14697 0.64355 0.10449 0.11328
0 0.42578 0.25098 0.12305 0.16797
0 0.10938 0.54053 0.15039 0.15723
0 0.5752 0.32422 0.07812 0.07227
0 0.26562 0.28076 0.12695 0.1123
0 0.36084 0.75342 0.07715 0.09277
0 0.95752 0.27881 0.08496 0.11621
0 0.22461 0.03857 0.08984 0.06738
0 0.44824 0.50586 0.07227 0.07227
0 0.53857 0.93555 0.07715 0.07227
0 0.9585 0.9458 0.08301 0.09668
0 0.18408 0.48486 0.10059 0.10254
