0 0.70459 0.06543 0.06543 0.11328
0 0.14893 0.06348 0.08691 0.08203
0 0.40381 0.42383 0.06934 0.0625
0 0.75098 0.7085 0.0957 0.06348
0 0.61133 0.65674 0.08789 0.0498
0 0.43213 0.25537 0.05371 0.09277
0 0.32178 0.771 0.0791 0.10254
0 0.771 0.50098 0.04785 0.08789
0 0.99023 0.05566 0.01953 0.08008
0 0.50488 0.17578 0.14258 0.0625
0 0.81006 0.28662 0.06738 0.08691
0 0.31299 0.52148 0.09082 0.06055
0 0.2876 0.20312 0.09277 0.07422
0 0.5542 0.55762 0.06348 0.05273
0 0.01611 0.89209 0.03027 0.05176
0 0.45605 0.03125 0.06055 0.0625
0 0.16211 0.56689 0.07812 0.06348
0 0.07568 0.75879 0.07715 0.06445
0 0.1333 0.29688 0.08691 0.10742
0 0.07227 0.83545 0.0918 0.05371
0 0.38672 0.49316 0.04688 0.07227
0 0.76318 0.02832 0.04785 0.05469
0 0.08936 0.33984 0.09082 0.04883
0 0.07764 0.97168 0.13379 0.05273
0 0.10107 0.49561 0.08887 0.11816
0 0.47217 0.9043 0.05762 0.04883
0 0.15088 0.0249 0.07129 0.04785
0 0.38135 0.02441 0.04395 0.04883
0 0.25391 0.021 0.07617 0.04199
0 0.91797 0.78076 0.06641 0.06152
0 0.94092 0.09717 0.06543 0.13965
0 0.87744 0.69287 0.05762 0.05957
0 0.21289 0.87451 0.05078 0.07715
0 0.37256 0.22754 0.06152 0.04297
0 0.93213 0.60254 0.0752 0.03711
0 0.21387 0.66064 0.07617 0.04785
0 0.2876 0.42822 0.09863 0.05371
0 0.22852 0.7876 0.06055 0.03223
0 0.62207 0.48584 0.05078 0.05176
0 0.14111 0.69922 0.06738 0.04492
0 0.4165 0.78711 0.03613 0.08398
0 0.38037 0.52734 0.12988 0.08594
0 0.94141 0.97412 0.08594 0.04199
0 0.69092 0.39697 0.08887 0.04785
0 0.84619 0.61426 0.05371 0.05273
0 0.18262 0.61963 0.07617 0.03418
0 0.95361 0.40771 0.07324 0.0459
0 0.31006 0.54834 0.06152 0.05957
0 0.04004 0.01416 0.06055 0.02637
0 0.55762 0.89844 0.08594 0.04102
0 0.23779 0.97998 0.10059 0.04004
0 0.46777 0.98438 0.08789 0.02734
0 0.57812 0.51611 0.04883 0.07129
0 0.13525 0.14697 0.09863 0.08496
0 0.96777 0.51172 0.06445 0.08789
0 0.48242 0.79932 0.06445 0.05176
0 0.29736 0.60547 0.0791 0.04102
0 0.59424 0.58301 0.07129 0.03906
0 0.04932 0.5459 0.03613 0.04688
0 0.40674 0.77002 0.08887 0.06738
0 0.16016 0.77734 0.11523 0.11914
0 0.4043 0.59814 0.04102 0.04004
0 0.27246 0.77344 0.04297 0.03516
0 0.94434 0.02637 0.0332 0.05273
0 0.03857 0.43359 0.04785 0.08008
0 0.75342 0.03418 0.04395 0.05273
0 0.13135 0.74658 0.05566 0.06348
0 0.07373 0.19141 0.10645 0.04102
0 0.05957 0.08203 0.08789 0.06836
0 0.44043 0.65771 0.08984 0.06934
0 0.69141 0.52637 0.04102 0.05078
0 0.65576 0.55469 0.07324 0.07031
0 0.86719 0.76416 0.04688 0.04199
0 0.42188 0.90967 0.10547 0.08496
0 0.85352 0.88818 0.07617 0.0459
0 0.29736 0.97754 0.09668 0.04102
