0 0.96436 0.35254 0.07129 0.05078
0 0.35498 0.48291 0.10449 0.05176
0 0.75 0.2085 0.10938 0.06152
0 0.96045 0.20215 0.0791 0.07227
0 0.34961 0.0249 0.12891 0.04199
0 0.04492 0.60547 0.08984 0.0625
0 0.74512 0.31592 0.09375 0.04395
0 0.27832 0.32568 0.14453 0.05762
0 0.74805 0.021 0.10742 0.04199
0 0.50732 0.1001 0.14355 0.06348
0 0.59102 0.4313 0.11953 0.0501
0 0.13086 0.27832 0.13477 0.05859
0 0.13135 0.33301 0.1709 0.05273
0 0.5415 0.94775 0.09668 0.03418
0 0.08887 0.23486 0.16211 0.0459
0 0.49414 0.38525 0.13086 0.05176
0 0.45703 0.72656 0.15234 0.03906
0 0.86182 0.26562 0.11621 0.05469
0 0.94775 0.05127 0.10449 0.04004
0 0.33057 0.43066 0.1748 0.05664
0 0.90967 0.94629 0.11621 0.03711
0 0.17969 0.12061 0.10156 0.04004
0 0.13721 0.59619 0.12012 0.0459
0 0.45801 0.76074 0.14648 0.03125
0 0.34961 0.36963 0.13672 0.04785
0 0.53906 0.6377 0.07617 0.03125
0 0.72803 0.73926 0.11816 0.04297
0 0.86865 0.0166 0.09863 0.0332
0 0.08105 0.04736 0.15234 0.04785
0 0.17383 0.19678 0.0918 0.06152
0 0.08545 0.4502 0.1709 0.04297
0 0.84375 0.79932 0.1543 0.03418
0 0.09668 0.07764 0.12305 0.05176
0 0.40576 0.93945 0.16504 0.0625
0 0.90283 0.62842 0.13184 0.0752
0 0.80859 0.17383 0.11914 0.03125
0 0.30078 0.2124 0.10156 0.05762
0 0.53906 0.8999 0.07422 0.02637
0 0.25098 0.16113 0.10742 0.0332
0 0.04932 0.28125 0.09863 0.0332
0 0.98438 0.95752 0.03125 0.03418
0 0.6792 0.62695 0.12012 0.04688
0 0.86572 0.59814 0.12793 0.0459
0 0.19971 0.38037 0.13965 0.02832
0 0.08252 0.71631 0.13184 0.03809
0 0.03271 0.1499 0.06152 0.03418
0 0.30518 0.98584 0.12793 0.02832
0 0.03369 0.35938 0.06543 0.03516
0 0.62305 0.69482 0.11328 0.03027
0 0.17236 0.82715 0.16699 0.03711
0 0.4043 0.80176 0.10547 0.0293
0 0.84521 0.75732 0.1377 0.03613
0 0.07959 0.97607 0.15723 0.04785
0 0.29248 0.68066 0.12988 0.0293
0 0.23975 0.20801 0.09863 0.04102
0 0.9563 0.7103 0.06494 0.03525
0 0.04639 0.80615 0.09277 0.04395
0 0.30469 0.75488 0.12695 0.03516
0 0.37842 0.30518 0.20605 0.0752
0 0.35107 0.65527 0.2002 0.05859
0 0.5918 0.63086 0.10547 0.0332
0 0.0625 0.19824 0.125 0.0293
0 0.94092 0.5957 0.11426 0.03906
0 0.05371 0.4082 0.09766 0.02734
0 0.15137 0.77637 0.125 0.0293
0 0.06299 0.94238 0.12598 0.03906
0 0.33594 0.92041 0.10938 0.04199
0 0.65479 0.66016 0.10254 0.0332
0 0.73389 0.62842 0.08887 0.02246
0 0.05469 0.55811 0.10742 0.06152
0 0.16357 0.41016 0.1709 0.04492
0 0.2583 0.44336 0.14355 0.06836
0 0.4751 0.4082 0.14355 0.04102
0 0.2959 0.05908 0.11523 0.05762
0 0.2334 0.58643 0.1582 0.03613
0 0.16357 0.56396 0.1377 0.03809
0 0.25391 0.34082 0.14453 0.02734
0 0.89893 0.67188 0.11816 0.04102
0 0.14404 0.75684 0.18262 0.0625
0 0.18848 0.72461 0.09766 0.03516
0 0.1792 0.04102 0.15137 0.04688
0 0.04346 0.0249 0.08691 0.0498
