0 0.42432 0.26465 0.20996 0.14062
0 0.27686 0.24072 0.10059 0.1123
0 0.38574 0.47412 0.23242 0.12012
0 0.021 0.6958 0.04199 0.06738
0 0.19092 0.54834 0.1123 0.08691
0 0.16064 0.32471 0.07715 0.14551
0 0.36084 0.92236 0.19238 0.08496
0 0.12061 0.67188 0.08691 0.08008
0 0.95996 0.84521 0.08008 0.07129
0 0.0459 0.19238 0.0918 0.24023
0 0.25342 0.73828 0.07715 0.0918
0 0.07715 0.06836 0.0957 0.09766
0 0.12451 0.08105 0.05957 0.07227
0 0.9541 0.95312 0.08008 0.07812
0 0.30078 0.75635 0.08203 0.05566
0 0.24951 0.0459 0.0791 0.08789
0 0.80078 0.11279 0.08789 0.05762
0 0.92383 0.36475 0.0625 0.08496
