0 0.39453 0.4707 0.07617 0.09766
0 0.92773 0.51172 0.07227 0.08008
0 0.25439 0.67529 0.0752 0.08496
0 0.23633 0.19434 0.08984 0.07227
0 0.68604 0.59863 0.06738 0.07031
0 0.53027 0.16846 0.08008 0.11035
0 0.8418 0.11426 0.08008 0.09375
0 0.04688 0.69775 0.09375 0.05176
0 0.58545 0.50049 0.07324 0.09082
0 0.92139 0.9248 0.10059 0.08594
0 0.73682 0.2124 0.08301 0.14551
0 0.72217 0.35986 0.10449 0.11621
0 0.84521 0.30957 0.11035 0.05469
0 0.9917 0.07227 0.0166 0.06836
0 0.50537 0.22168 0.06738 0.07812
0 0.78076 0.12158 0.07129 0.11035
0 0.77051 0.38477 0.05469 0.10352
0 0.17676 0.17236 0.07812 0.09473
0 0.4834 0.57227 0.08008 0.05469
0 0.61377 0.29346 0.12402 0.07129
0 0.40869 0.80762 0.04785 0.11719
0 0.29443 0.61719 0.09082 0.07031
0 0.5791 0.58008 0.13867 0.07812
0 0.19531 0.5752 0.08984 0.06055
0 0.81055 0.82227 0.09766 0.08594
0 0.58447 0.3291 0.12988 0.07031
0 0.92871 0.23779 0.08789 0.06543
0 0.59668 0.90186 0.0957 0.04395
0 0.12939 0.88525 0.11816 0.07324
0 0.17334 0.6123 0.11035 0.04492
0 0.85059 0.81689 0.06836 0.07129
0 0.92822 0.32031 0.0459 0.08984
0 0.2915 0.32422 0.08496 0.05664
0 0.15381 0.8418 0.12012 0.11328
0 0.87695 0.25732 0.0332 0.09473
0 0.45264 0.87939 0.12207 0.04199
0 0.42285 0.57617 0.11523 0.08398
0 0.27148 0.93115 0.08984 0.06152
0 0.07275 0.0542 0.05566 0.05371
0 0.2417 0.96533 0.10254 0.06934
0 0.875 0.021 0.03906 0.04199
0 0.55859 0.0293 0.05078 0.05859
0 0.61621 0.78125 0.07617 0.03711
0 0.8457 0.52295 0.04688 0.0791
0 0.2793 0.0249 0.04492 0.0498
0 0.36328 0.29932 0.10352 0.14941
0 0.02393 0.6333 0.04785 0.0459
0 0.05127 0.47559 0.09473 0.08984
0 0.8335 0.4707 0.0752 0.09961
0 0.42334 0.12012 0.08496 0.10547
0 0.97852 0.7417 0.04297 0.04004
0 0.94238 0.16748 0.03125 0.09863
0 0.14014 0.04004 0.05176 0.05664
0 0.02148 0.54883 0.04297 0.06836
0 0.82812 0.9541 0.0625 0.0293
0 0.05176 0.67871 0.10352 0.08398
0 0.69727 0.9082 0.13477 0.10352
0 0.88818 0.97168 0.05957 0.05078
0 0.41748 0.97217 0.09082 0.05371
0 0.94629 0.97119 0.05078 0.05176
0 0.54492 0.02881 0.04492 0.05566
0 0.22559 0.44043 0.06445 0.14258
0 0.94678 0.23291 0.06348 0.05566
0 0.10596 0.00781 0.06348 0.01562
0 0.02588 0.20459 0.05176 0.05176
0 0.74658 0.97021 0.0791 0.05957
0 0.27051 0.8501 0.11328 0.04199
0 0.48779 0.62305 0.0752 0.07422
0 0.49414 0.85938 0.10156 0.06055
0 0.12158 0.90137 0.14746 0.08398
