0 0.57715 0.54102 0.06836 0.05469
0 0.6333 0.02197 0.09082 0.04395
0 0.65527 0.8916 0.06055 0.07422
0 0.07666 0.10205 0.08301 0.19043
0 0.76855 0.05176 0.07031 0.10352
0 0.83252 0.55713 0.08496 0.06934
0 0.33936 0.81104 0.18652 0.11035
0 0.71582 0.70361 0.19531 0.10449
0 0.34717 0.68018 0.23535 0.14355
0 0.56934 0.43604 0.11914 0.18066
0 0.9585 0.83789 0.08301 0.11719
0 0.75537 0.44141 0.09082 0.09375
0 0.93555 0.25537 0.11133 0.05957
0 0.20703 0.3125 0.07617 0.13672
0 0.24121 0.63623 0.23633 0.0498
0 0.04883 0.74707 0.05078 0.08008
0 0.05518 0.56641 0.11035 0.08203
0 0.29492 0.59277 0.21875 0.06641
0 0.07666 0.62158 0.06934 0.06348
0 0.79297 0.85352 0.07812 0.06836
0 0.32031 0.05566 0.09375 0.09766
0 0.07227 0.10303 0.05664 0.12012
0 0.02783 0.12451 0.0498 0.08301
0 0.0249 0.34131 0.0498 0.07715
0 0.15625 0.2124 0.05273 0.04395
0 0.15039 0.42529 0.07031 0.17871
0 0.12646 0.3335 0.0459 0.06738
0 0.17725 0.28418 0.22559 0.0625
0 0.30078 0.43555 0.14648 0.10352
0 0.12012 0.49951 0.06641 0.05371
0 0.05566 0.92236 0.11133 0.10645
0 0.12354 0.93311 0.0791 0.13379
0 0.87402 0.85352 0.06836 0.04883
