0 0.15674 0.51074 0.05566 0.0918
0 0.83252 0.28613 0.05762 0.08789
0 0.24902 0.42432 0.05078 0.08105
0 0.20117 0.32617 0.08008 0.10156
0 0.0083 0.84521 0.0166 0.08105
0 0.07324 0.14746 0.06836 0.11719
0 0.79785 0.05713 0.04688 0.09863
0 0.30762 0.51611 0.05273 0.08105
0 0.61426 0.59033 0.05859 0.10645
0 0.36523 0.36475 0.05078 0.0752
0 0.03418 0.7041 0.06836 0.07812
0 0.50635 0.32422 0.04785 0.0918
0 0.73145 0.32715 0.06055 0.08398
0 0.70459 0.60645 0.05371 0.08008
0 0.25732 0.58496 0.11816 0.16797
0 0.90869 0.46289 0.06348 0.11133
0 0.43457 0.28516 0.05469 0.10547
0 0.88574 0.67822 0.05469 0.08887
0 0.71289 0.06348 0.03711 0.0957
0 0.65186 0.33984 0.06543 0.07227
0 0.09912 0.5957 0.07324 0.13086
0 0.21533 0.72119 0.04785 0.06934
0 0.6377 0.96143 0.06055 0.07324
0 0.71729 0.15576 0.04395 0.09863
0 0.35254 0.19775 0.07227 0.08887
0 0.76807 0.60693 0.0498 0.07324
0 0.68652 0.45166 0.04688 0.0752
0 0.97949 0.83008 0.03711 0.07422
0 0.3042 0.11621 0.0459 0.10547
0 0.66357 0.23535 0.04785 0.11523
0 0.40771 0.02832 0.04004 0.05664
0 0.05615 0.32568 0.08105 0.07324
0 0.14502 0.61572 0.06934 0.08301
0 0.51904 0.28857 0.04395 0.07715
0 0.52734 0.15869 0.05469 0.11035
0 0.80518 0.96484 0.05762 0.06445
0 0.66699 0.9043 0.0625 0.08398
0 0.61328 0.02734 0.04102 0.05273
0 0.43799 0.6792 0.04785 0.06934
0 0.5835 0.60303 0.06152 0.06934
0 0.1958 0.375 0.06543 0.06836
0 0.09961 0.96387 0.08008 0.05078
0 0.28027 0.61963 0.07617 0.06348
0 0.63281 0.56592 0.05664 0.08301
0 0.04932 0.24072 0.05176 0.08301
0 0.44873 0.10156 0.09082 0.0625
0 0.88916 0.87354 0.05176 0.06348
0 0.59131 0.14209 0.05762 0.11816
0 0.06543 0.63232 0.05664 0.0752
0 0.13037 0.72803 0.04785 0.07129
0 0.71777 0.35303 0.05078 0.08301
0 0.38428 0.64893 0.05762 0.06738
0 0.2583 0.98047 0.04199 0.03906
0 0.2749 0.70459 0.05762 0.06934
0 0.86816 0.0293 0.03906 0.05859
0 0.05615 0.36475 0.07324 0.09082
0 0.68213 0.02979 0.04004 0.05762
0 0.22363 0.02051 0.04492 0.04102
0 0.41357 0.59521 0.02832 0.06543
0 0.72803 0.40967 0.04395 0.07324
0 0.76611 0.20508 0.02441 0.06445
0 0.55469 0.02197 0.04688 0.04395
0 0.26514 0.01953 0.03223 0.03906
0 0.97949 0.01953 0.03516 0.03906
0 0.71484 0.03174 0.04883 0.06152
0 0.25537 0.65234 0.0459 0.07031
0 0.62793 0.38037 0.03906 0.08105
0 0.37402 0.98047 0.05078 0.03906
0 0.1416 0.01758 0.02539 0.03516
0 0.89697 0.97119 0.05566 0.05371
0 0.33301 0.73633 0.03516 0.06836
0 0.34229 0.91113 0.06152 0.03906
0 0.05225 0.9624 0.06152 0.04395
0 0.34424 0.92139 0.06543 0.03613
0 0.98828 0.32275 0.02344 0.11621
0 0.23682 0.91162 0.06348 0.06543
0 0.1792 0.84912 0.08105 0.09473
0 0.03076 0.59082 0.06152 0.05469
0 0.15869 0.01514 0.02832 0.03027
