0 0.51953 0.83838 0.13086 0.07324
0 0.33838 0.85449 0.12207 0.13477
0 0.38623 0.09961 0.10254 0.07031
0 0.67822 0.17725 0.10254 0.05957
0 0.43457 0.73438 0.10938 0.10547
0 0.42578 0.19824 0.09766 0.06836
0 0.69336 0.30957 0.0918 0.07031
0 0.86768 0.72363 0.14746 0.07031
0 0.27197 0.29199 0.16504 0.07422
0 0.01953 0.26709 0.03906 0.13574
0 0.52344 0.45996 0.12695 0.08008
0 0.16406 0.68066 0.125 0.07227
0 0.58203 0.64941 0.0957 0.07031
0 0.91943 0.2876 0.09277 0.0498
0 0.44385 0.55762 0.06934 0.05469
0 0.16357 0.86328 0.09277 0.0625
0 0.87695 0.64355 0.11523 0.0625
0 0.03369 0.78369 0.06738 0.06738
0 0.09326 0.40527 0.1084 0.07422
0 0.83545 0.11768 0.09277 0.06738
0 0.28418 0.36719 0.08984 0.06055
0 0.50439 0.28174 0.09473 0.0752
0 0.76953 0.90576 0.14062 0.07324
0 0.20801 0.62695 0.08789 0.06445
0 0.66699 0.49219 0.11914 0.06445
0 0.91553 0.34814 0.14746 0.06738
0 0.21826 0.23975 0.12793 0.05957
0 0.08057 0.83691 0.08301 0.07031
0 0.25635 0.09961 0.12988 0.07227
0 0.5708 0.0918 0.10254 0.08008
0 0.14062 0.78223 0.08789 0.06445
0 0.3335 0.43701 0.08301 0.06543
0 0.49219 0.68213 0.06445 0.0498
0 0.67578 0.40332 0.14258 0.06836
0 0.16602 0.10986 0.10742 0.0752
0 0.92676 0.51709 0.11523 0.0752
0 0.6582 0.75586 0.12695 0.07812
0 0.66162 0.1167 0.08496 0.0498
0 0.35938 0.60791 0.08984 0.05762
0 0.76855 0.2334 0.07227 0.0625
0 0.54297 0.95801 0.11523 0.08398
0 0.10205 0.19189 0.10059 0.06543
0 0.94238 0.06836 0.11523 0.0625
0 0.73584 0.75928 0.12207 0.08496
0 0.89355 0.02588 0.09766 0.05176
0 0.646 0.59863 0.07715 0.05273
0 0.95068 0.22119 0.09277 0.06738
0 0.21094 0.46973 0.10742 0.05469
0 0.52832 0.3584 0.08789 0.04688
0 0.74805 0.53711 0.13281 0.07031
0 0.95166 0.43701 0.08496 0.05566
0 0.16797 0.979 0.09961 0.04199
0 0.73828 0.4458 0.12305 0.08301
0 0.85938 0.87842 0.125 0.07715
0 0.6123 0.82227 0.08984 0.04492
0 0.52441 0.12598 0.07031 0.05273
0 0.7832 0.46729 0.1582 0.05957
0 0.16309 0.39209 0.08203 0.05566
0 0.97217 0.93604 0.05566 0.06543
0 0.40674 0.64209 0.0752 0.06543
0 0.92334 0.55957 0.1123 0.05078
0 0.97852 0.15576 0.04297 0.04785
0 0.57617 0.2998 0.09766 0.05469
0 0.31396 0.97607 0.08301 0.04785
0 0.23584 0.96924 0.0752 0.04785
0 0.39453 0.97607 0.08984 0.04785
0 0.96094 0.65088 0.07812 0.04785
0 0.06494 0.03418 0.06152 0.05664
0 0.89014 0.95605 0.09863 0.05273
