0 0.25 0.19482 0.12695 0.10059
0 0.19775 0.07324 0.06152 0.13867
0 0.13086 0.05859 0.07227 0.11523
0 0.05664 0.17041 0.0625 0.08691
0 0.03955 0.57959 0.06738 0.0752
0 0.08057 0.64551 0.07324 0.05078
0 0.07324 0.72656 0.07227 0.07617
0 0.10352 0.76855 0.07812 0.0625
0 0.19629 0.79297 0.10156 0.05469
0 0.26074 0.66797 0.11328 0.07227
0 0.34814 0.70215 0.0791 0.09766
0 0.36279 0.74219 0.08301 0.04688
0 0.32422 0.79297 0.06641 0.08203
0 0.21094 0.58984 0.08594 0.06641
0 0.37598 0.59277 0.06445 0.08984
0 0.06738 0.27539 0.08984 0.07031
0 0.38916 0.28809 0.05762 0.10156
0 0.43311 0.29395 0.06934 0.0918
0 0.45215 0.37354 0.12891 0.06934
0 0.48535 0.22217 0.07422 0.0791
0 0.43311 0.11719 0.05957 0.0918
0 0.36475 0.16553 0.0459 0.05566
0 0.30859 0.04688 0.07617 0.09375
0 0.61084 0.06055 0.05957 0.09766
0 0.70312 0.09961 0.07617 0.11328
0 0.61377 0.15137 0.07715 0.0625
0 0.59277 0.22998 0.09766 0.09473
0 0.70312 0.24219 0.11328 0.07812
0 0.83887 0.2207 0.09375 0.06055
0 0.91699 0.18848 0.07812 0.11328
0 0.97803 0.06006 0.04395 0.08691
0 0.72461 0.27783 0.09961 0.20801
0 0.68311 0.40039 0.05566 0.13867
0 0.62891 0.39551 0.08398 0.14453
0 0.52441 0.51416 0.07031 0.10449
0 0.72266 0.50732 0.07227 0.08105
0 0.84961 0.55762 0.04688 0.0625
0 0.6958 0.59912 0.07324 0.1123
0 0.61621 0.63818 0.0957 0.11035
0 0.70459 0.71387 0.0791 0.05859
0 0.8501 0.87744 0.05762 0.10645
0 0.89746 0.86768 0.05273 0.07324
0 0.79004 0.80322 0.0625 0.06543
0 0.47754 0.87061 0.04492 0.09277
0 0.94336 0.70654 0.0918 0.08691
0 0.17285 0.94824 0.07031 0.05859
0 0.13135 0.85645 0.0459 0.03516
0 0.06641 0.8999 0.03906 0.0459
0 0.24609 0.74756 0.06641 0.0498
0 0.16992 0.44043 0.05469 0.06055
0 0.22363 0.3584 0.03516 0.05273
0 0.14795 0.37158 0.02832 0.03223
0 0.55127 0.37549 0.05762 0.05957
0 0.59131 0.69873 0.05762 0.03809
0 0.59277 0.29688 0.08203 0.05664
0 0.52637 0.44971 0.06641 0.04395
