0 0.41846 0.27734 0.08887 0.10742
0 0.87842 0.48486 0.10254 0.09473
0 0.24951 0.76221 0.08496 0.11035
0 0.69238 0.52441 0.08984 0.14453
0 0.87109 0.83203 0.10742 0.08984
0 0.76709 0.37109 0.09473 0.14258
0 0.6748 0.33203 0.07031 0.11523
0 0.34717 0.42578 0.0752 0.07812
0 0.74951 0.65479 0.0752 0.06543
0 0.71484 0.18408 0.0625 0.14746
0 0.20557 0.64453 0.07715 0.06055
0 0.57471 0.88232 0.06543 0.09473
0 0.53809 0.41943 0.0625 0.09473
0 0.47949 0.09326 0.06055 0.07324
0 0.96973 0.03076 0.06055 0.05762
0 0.06348 0.04199 0.07227 0.08008
0 0.03711 0.31543 0.07031 0.10742
0 0.03223 0.48291 0.06445 0.05762
0 0.84082 0.31348 0.04688 0.09766
