0 0.79443 0.70312 0.12988 0.07812
0 0.1958 0.36572 0.09277 0.07715
0 0.25928 0.09619 0.10254 0.09473
0 0.94678 0.60596 0.10645 0.07715
0 0.50439 0.89209 0.09473 0.0752
0 0.04834 0.18848 0.08691 0.10742
0 0.3208 0.85498 0.1123 0.1416
0 0.87207 0.54443 0.11914 0.09473
0 0.43604 0.16602 0.07715 0.08203
0 0.37061 0.67334 0.09277 0.08301
0 0.3208 0.37109 0.09277 0.07227
0 0.86182 0.86328 0.16504 0.14844
0 0.85596 0.08447 0.1123 0.0752
0 0.58594 0.01709 0.12305 0.03418
0 0.31934 0.29932 0.09961 0.0752
0 0.8623 0.32178 0.16016 0.08496
0 0.3667 0.54199 0.0752 0.07422
0 0.03125 0.61328 0.0625 0.10156
0 0.39355 0.76465 0.08789 0.08008
0 0.76611 0.17432 0.09277 0.06543
0 0.71338 0.36572 0.12793 0.07324
0 0.48047 0.76807 0.08789 0.0752
0 0.04346 0.88672 0.08691 0.07031
0 0.7334 0.61963 0.14258 0.06934
0 0.65723 0.14697 0.10547 0.0752
0 0.68066 0.25732 0.20312 0.08496
0 0.68213 0.55322 0.14551 0.06543
0 0.5957 0.85791 0.08984 0.10254
0 0.62354 0.72705 0.12793 0.0752
0 0.93115 0.41699 0.10254 0.05469
0 0.53955 0.23584 0.12012 0.07324
0 0.36523 0.25732 0.0918 0.0791
0 0.77197 0.06934 0.11035 0.06445
0 0.70703 0.89844 0.14062 0.09766
0 0.42432 0.84863 0.08496 0.0625
0 0.69922 0.41699 0.125 0.07031
0 0.50732 0.84082 0.07324 0.05469
0 0.81543 0.95312 0.17773 0.0918
0 0.95459 0.69189 0.09082 0.0752
0 0.46826 0.38672 0.07324 0.07031
0 0.94336 0.97119 0.11133 0.05762
0 0.55371 0.17871 0.09375 0.05469
0 0.97168 0.22021 0.05664 0.0498
0 0.96436 0.17139 0.07129 0.04785
0 0.95361 0.11914 0.08691 0.04297
