0 0.44434 0.4292 0.09375 0.07715
0 0.43848 0.36133 0.07031 0.05078
0 0.15625 0.13574 0.10156 0.11719
0 0.73828 0.04004 0.06836 0.08008
0 0.94336 0.03662 0.11328 0.07324
0 0.96729 0.13184 0.06543 0.09766
0 0.97754 0.21484 0.04492 0.06445
0 0.95264 0.36914 0.09473 0.08398
0 0.94092 0.28809 0.11816 0.06641
0 0.45605 0.65967 0.06641 0.08887
0 0.31982 0.68945 0.09473 0.09375
0 0.4209 0.82861 0.07617 0.08691
0 0.58105 0.80322 0.07812 0.09863
0 0.65332 0.87354 0.08398 0.0791
0 0.59863 0.94922 0.07422 0.10156
0 0.79736 0.88916 0.07715 0.07715
0 0.86621 0.89453 0.06055 0.06641
0 0.93701 0.87012 0.05957 0.06836
0 0.9668 0.76855 0.06641 0.08008
0 0.95752 0.5293 0.08496 0.10156
0 0.96924 0.91113 0.06152 0.11719
0 0.39697 0.92725 0.09473 0.0791
0 0.2876 0.95361 0.05957 0.05371
0 0.31787 0.85889 0.07324 0.05566
0 0.14893 0.89014 0.08105 0.0791
0 0.0708 0.854 0.07129 0.0791
0 0.18066 0.58496 0.08984 0.19531
0 0.22607 0.47754 0.08105 0.13086
0 0.12695 0.42285 0.09375 0.09961
0 0.03271 0.4502 0.05762 0.07422
0 0.02881 0.52295 0.05762 0.10645
0 0.95068 0.68652 0.06348 0.05859
0 0.02832 0.90283 0.04492 0.06348
0 0.60352 0.03516 0.05273 0.05078
0 0.646 0.01953 0.0459 0.03906
0 0.5957 0.27686 0.03711 0.0498
0 0.13721 0.64941 0.07324 0.16602
