0 0.03076 0.61865 0.06152 0.06934
0 0.12549 0.68848 0.0752 0.05078
0 0.10742 0.58301 0.05664 0.07227
0 0.05371 0.49316 0.08398 0.08398
0 0.14355 0.5166 0.06836 0.05859
0 0.22412 0.54785 0.07715 0.05078
0 0.33643 0.53027 0.09473 0.05469
0 0.25244 0.64307 0.08496 0.06152
0 0.20898 0.75586 0.09961 0.0625
0 0.08984 0.84033 0.10938 0.09277
0 0.08252 0.92285 0.04785 0.06055
0 0.12988 0.90967 0.07031 0.06152
0 0.17285 0.96777 0.06836 0.0625
0 0.2583 0.85693 0.09668 0.06738
0 0.34619 0.97656 0.13379 0.04688
0 0.354 0.84863 0.0791 0.06055
0 0.43652 0.8418 0.09766 0.06641
0 0.48486 0.85742 0.07324 0.05664
0 0.48877 0.91357 0.10059 0.05371
0 0.4126 0.90967 0.05176 0.05566
0 0.3418 0.92236 0.06641 0.05762
0 0.61084 0.81494 0.06348 0.05371
0 0.65674 0.89014 0.08691 0.09473
0 0.4834 0.62695 0.08203 0.0957
0 0.54785 0.5332 0.07617 0.08398
0 0.57568 0.72607 0.08887 0.05957
0 0.78613 0.70996 0.08203 0.07617
0 0.93799 0.73877 0.11621 0.12012
0 0.71289 0.78809 0.0918 0.05664
0 0.86768 0.88037 0.1748 0.08301
0 0.86768 0.91748 0.16895 0.10645
0 0.55518 0.92725 0.04395 0.04004
0 0.64258 0.95801 0.06641 0.04688
0 0.42285 0.44531 0.09961 0.07227
0 0.36279 0.396 0.08887 0.05566
0 0.11719 0.35449 0.07227 0.0625
0 0.05371 0.17578 0.04297 0.08008
0 0.01758 0.22656 0.03516 0.06641
0 0.10791 0.23828 0.05566 0.0625
0 0.06348 0.03125 0.07031 0.0625
0 0.29492 0.02686 0.07227 0.05371
0 0.14893 0.10059 0.0752 0.08008
0 0.17334 0.14014 0.07715 0.0459
0 0.2334 0.08643 0.05859 0.05176
0 0.27832 0.12158 0.08984 0.06934
0 0.11084 0.02002 0.06738 0.04004
0 0.39307 0.05078 0.12402 0.10156
0 0.53027 0.03076 0.07031 0.06152
0 0.86182 0.01807 0.12793 0.03613
0 0.6792 0.03027 0.08105 0.06055
0 0.55615 0.12354 0.05566 0.06348
0 0.52344 0.21191 0.05273 0.12305
0 0.41602 0.29346 0.14648 0.0752
0 0.33936 0.17578 0.05176 0.05469
0 0.39111 0.17285 0.09082 0.07812
0 0.31885 0.24316 0.1377 0.08008
0 0.2085 0.31934 0.08691 0.0918
0 0.2749 0.32666 0.0498 0.06152
0 0.6167 0.3501 0.08105 0.0498
0 0.61279 0.42627 0.05957 0.0498
0 0.64209 0.48633 0.11621 0.06055
0 0.7583 0.49561 0.06738 0.06738
0 0.69336 0.53662 0.08594 0.04395
0 0.7207 0.58398 0.09961 0.08398
0 0.93457 0.49561 0.11328 0.05762
0 0.87305 0.36426 0.06836 0.06445
0 0.7793 0.396 0.05859 0.06934
0 0.69385 0.35791 0.06934 0.09082
0 0.90576 0.38281 0.10645 0.10352
0 0.93018 0.42725 0.13965 0.0791
0 0.64697 0.25 0.05566 0.06836
0 0.63965 0.1748 0.15625 0.06445
0 0.71094 0.22559 0.0957 0.06641
0 0.72998 0.25293 0.05176 0.05469
0 0.83936 0.25293 0.11035 0.07617
0 0.77539 0.24219 0.06055 0.06055
0 0.91553 0.26807 0.05176 0.06738
0 0.81299 0.32617 0.10059 0.07422
0 0.96924 0.25879 0.05566 0.08008
0 0.97803 0.18945 0.04395 0.07422
0 0.84033 0.16113 0.10645 0.0625
0 0.91553 0.17676 0.06348 0.06055
0 0.93604 0.06201 0.12793 0.05371
0 0.06738 0.96387 0.07812 0.07227
0 0.18799 0.29785 0.05762 0.04883
0 0.18799 0.36084 0.06934 0.03613
0 0.16406 0.4751 0.03906 0.0498
0 0.05957 0.45801 0.08984 0.08594
0 0.83838 0.06152 0.05957 0.05273
