0 0.7749 0.60693 0.12988 0.14551
0 0.9043 0.59961 0.09961 0.10547
0 0.66797 0.05566 0.0918 0.10742
0 0.66064 0.49707 0.0752 0.12305
0 0.69141 0.96338 0.17578 0.07324
0 0.80811 0.97119 0.1123 0.05762
0 0.8623 0.74805 0.125 0.08789
0 0.76221 0.14062 0.12598 0.0625
0 0.78955 0.79053 0.0791 0.12793
0 0.8335 0.81445 0.14746 0.07031
0 0.9292 0.93311 0.1416 0.06543
0 0.96289 0.52734 0.07422 0.0625
0 0.95312 0.48242 0.09375 0.125
0 0.57227 0.48975 0.07031 0.05957
0 0.93359 0.3208 0.13281 0.1123
0 0.80273 0.05908 0.14844 0.11621
0 0.97119 0.04834 0.05762 0.09277
0 0.96045 0.6665 0.0791 0.10254
