0 0.5918 0.16064 0.10547 0.11816
0 0.41455 0.78857 0.10059 0.06738
0 0.45947 0.41211 0.08496 0.11523
0 0.36182 0.27832 0.09473 0.14258
0 0.54443 0.8457 0.15527 0.0918
0 0.45752 0.61865 0.08691 0.10645
0 0.83691 0.35742 0.0957 0.08984
0 0.45215 0.08984 0.11523 0.16016
0 0.25977 0.79199 0.08984 0.06445
0 0.39795 0.40332 0.10254 0.0918
0 0.03711 0.11426 0.07422 0.16016
0 0.55078 0.29443 0.13281 0.14941
0 0.91992 0.45605 0.12891 0.10742
0 0.19531 0.3623 0.10742 0.13477
0 0.30225 0.12988 0.07129 0.07812
0 0.37109 0.67188 0.07812 0.09375
0 0.43311 0.30078 0.06738 0.08789
0 0.3208 0.396 0.05176 0.06738
0 0.46533 0.84326 0.10254 0.07715
0 0.55566 0.05078 0.08789 0.09766
0 0.91455 0.08496 0.10059 0.06836
0 0.104 0.0498 0.09082 0.09961
0 0.96826 0.85107 0.06348 0.1084
0 0.98145 0.70557 0.03711 0.07715
