0 0.82959 0.53613 0.07324 0.08398
0 0.31348 0.91992 0.10547 0.0625
0 0.68555 0.84961 0.11133 0.08203
0 0.76221 0.54883 0.08887 0.08789
0 0.9541 0.45557 0.04492 0.07129
0 0.87061 0.94922 0.08301 0.05469
0 0.0376 0.05029 0.0752 0.08496
0 0.92285 0.77295 0.09961 0.06348
0 0.37598 0.2041 0.10547 0.09961
0 0.0625 0.25342 0.08398 0.07129
0 0.50195 0.19434 0.125 0.0957
0 0.68018 0.8833 0.10059 0.04785
0 0.91895 0.04004 0.05469 0.08008
0 0.25049 0.84082 0.08691 0.05664
0 0.05664 0.521 0.11328 0.05957
0 0.89014 0.17773 0.09863 0.13867
0 0.24023 0.58643 0.07617 0.06348
0 0.11475 0.90576 0.09473 0.04395
0 0.26855 0.50879 0.10547 0.08398
0 0.3501 0.02783 0.06152 0.05176
0 0.59717 0.82568 0.08301 0.07129
0 0.6333 0.27588 0.14941 0.08887
0 0.12549 0.56055 0.0459 0.04297
0 0.52686 0.75146 0.06738 0.04785
0 0.0415 0.58105 0.08105 0.10742
0 0.76172 0.6377 0.16406 0.04492
0 0.17139 0.30469 0.08496 0.05664
0 0.07129 0.98096 0.10352 0.03613
0 0.70264 0.33984 0.11816 0.05078
0 0.50879 0.98877 0.08203 0.02246
0 0.2334 0.90674 0.10352 0.06543
0 0.55127 0.89697 0.09668 0.06152
0 0.83838 0.17236 0.07324 0.07324
0 0.59717 0.22168 0.08691 0.04102
0 0.13379 0.6626 0.125 0.0459
0 0.51758 0.09277 0.05664 0.04297
0 0.17285 0.28564 0.09375 0.05762
0 0.65479 0.94678 0.06738 0.06152
0 0.13574 0.02734 0.09375 0.05469
0 0.64697 0.01514 0.0498 0.03027
0 0.18066 0.57568 0.08398 0.06543
0 0.97754 0.35254 0.04492 0.04492
0 0.24512 0.75635 0.20703 0.04199
0 0.60791 0.9624 0.10254 0.04004
0 0.98926 0.07422 0.02148 0.0293
0 0.3291 0.68066 0.06445 0.04102
0 0.03076 0.89258 0.06152 0.04102
0 0.80908 0.25781 0.06738 0.08203
0 0.94434 0.65283 0.11133 0.03223
0 0.97314 0.54785 0.05371 0.06055
0 0.96045 0.62646 0.06934 0.03027
0 0.03418 0.96094 0.06836 0.03516
0 0.1792 0.99072 0.06152 0.01855
0 0.39062 0.9292 0.09375 0.08691
0 0.53467 0.90918 0.0459 0.03125
0 0.61816 0.98682 0.07617 0.02637
0 0.88721 0.99219 0.06543 0.01562
0 0.21191 0.91699 0.03125 0.0293
0 0.34863 0.7749 0.06445 0.05176
0 0.01758 0.64502 0.03516 0.04004
0 0.05127 0.54346 0.10254 0.05371
0 0.80518 0.62695 0.06738 0.0625
0 0.01562 0.23242 0.03125 0.04492
