0 0.0332 0.96973 0.06641 0.06055
0 0.0376 0.7373 0.0752 0.08789
0 0.11914 0.81055 0.08594 0.06836
0 0.13232 0.87598 0.08105 0.0957
0 0.21631 0.90674 0.06934 0.09863
0 0.24268 0.5791 0.10645 0.09766
0 0.18555 0.48242 0.07812 0.1543
0 0.06885 0.39355 0.10254 0.08398
0 0.17188 0.37891 0.08008 0.08008
0 0.31592 0.51807 0.06543 0.06348
0 0.52441 0.52197 0.08203 0.09473
0 0.55908 0.58154 0.08496 0.1084
0 0.31348 0.83398 0.06641 0.06641
0 0.6167 0.95605 0.0752 0.08789
0 0.396 0.96777 0.06152 0.05469
0 0.86865 0.97656 0.07715 0.04688
0 0.97852 0.63525 0.04297 0.11621
0 0.71387 0.49316 0.1582 0.08789
0 0.771 0.39453 0.1084 0.07031
0 0.81689 0.35693 0.15723 0.08496
0 0.75049 0.30273 0.12012 0.08594
0 0.60742 0.2793 0.08594 0.08008
0 0.32031 0.07031 0.06836 0.08008
0 0.02979 0.15771 0.05957 0.0752
0 0.57471 0.95752 0.04785 0.05957
