0 0.81689 0.3335 0.07129 0.10059
0 0.67676 0.68701 0.05664 0.08105
0 0.88525 0.04932 0.05176 0.08691
0 0.59668 0.22998 0.07422 0.10449
0 0.41748 0.79639 0.12598 0.1123
0 0.04785 0.0542 0.0957 0.09277
0 0.4624 0.80322 0.05566 0.09082
0 0.74316 0.57715 0.06641 0.125
0 0.90137 0.34619 0.04102 0.06738
0 0.78613 0.08496 0.04883 0.09375
0 0.96045 0.88818 0.07324 0.07129
0 0.92627 0.06055 0.04785 0.08398
0 0.96191 0.70068 0.05859 0.05566
0 0.73584 0.68799 0.07129 0.06152
0 0.39648 0.69678 0.05078 0.07129
0 0.59814 0.95703 0.16309 0.08594
0 0.73682 0.33154 0.03223 0.10059
0 0.66504 0.43994 0.08008 0.0498
0 0.69775 0.50732 0.05762 0.06348
0 0.14062 0.58594 0.0293 0.08398
0 0.3623 0.74854 0.07422 0.04785
0 0.58447 0.271 0.05762 0.0791
0 0.39941 0.47461 0.10547 0.07422
0 0.30957 0.979 0.03906 0.04199
0 0.77539 0.16309 0.0957 0.05078
0 0.41211 0.39258 0.0625 0.0625
0 0.52881 0.2251 0.06738 0.07715
0 0.93408 0.44873 0.07129 0.0752
0 0.21826 0.35645 0.06934 0.0293
0 0.14697 0.73535 0.10254 0.06641
0 0.26855 0.4082 0.06641 0.06445
0 0.63281 0.67676 0.07227 0.07227
0 0.33252 0.3877 0.03223 0.06641
0 0.14111 0.69824 0.1377 0.07227
0 0.73047 0.8916 0.05469 0.16211
0 0.74902 0.01953 0.03711 0.03906
0 0.74658 0.2041 0.06543 0.11523
0 0.19238 0.80127 0.11914 0.08887
0 0.03369 0.62988 0.06738 0.05078
0 0.03369 0.49268 0.06738 0.03418
0 0.26465 0.80859 0.0918 0.04297
0 0.17676 0.78418 0.08789 0.05664
0 0.72607 0.02344 0.05371 0.04492
0 0.55762 0.08496 0.08594 0.03516
0 0.18311 0.09326 0.05762 0.05176
0 0.09082 0.75146 0.04883 0.04004
0 0.22803 0.40576 0.0498 0.04395
0 0.62451 0.80762 0.05176 0.07227
0 0.72607 0.94482 0.04199 0.07129
0 0.73975 0.02246 0.04785 0.04492
0 0.81836 0.20508 0.03516 0.06445
0 0.46143 0.01367 0.03027 0.02734
0 0.98145 0.73779 0.03711 0.03418
0 0.97461 0.78857 0.05078 0.05566
0 0.98486 0.84668 0.03027 0.04492
0 0.99023 0.47656 0.01953 0.04688
0 0.15381 0.31738 0.04199 0.05078
