0 0.05127 0.07178 0.0752 0.08691
0 0.1875 0.05713 0.05664 0.06152
0 0.27881 0.03809 0.06152 0.07617
0 0.49219 0.02588 0.08203 0.05176
0 0.58496 0.04395 0.05664 0.08789
0 0.74902 0.02197 0.09766 0.04395
0 0.82812 0.05078 0.0625 0.10156
0 0.67773 0.13428 0.13867 0.07129
0 0.8833 0.14014 0.08105 0.05566
0 0.02295 0.16309 0.0459 0.05859
0 0.97607 0.73584 0.04785 0.05371
0 0.20117 0.21289 0.06641 0.05664
0 0.35938 0.21582 0.0625 0.05078
0 0.38477 0.14893 0.07031 0.05762
0 0.44629 0.12354 0.05664 0.06543
0 0.47168 0.15186 0.08984 0.06934
0 0.49609 0.33008 0.07422 0.05469
0 0.63916 0.27148 0.10645 0.06836
0 0.67871 0.31836 0.08789 0.04688
0 0.78076 0.32568 0.07129 0.08301
0 0.80078 0.2168 0.08594 0.05273
0 0.72412 0.229 0.09863 0.07324
0 0.85303 0.09717 0.05762 0.08496
0 0.02002 0.36133 0.04004 0.05273
0 0.14209 0.375 0.11621 0.07227
0 0.18555 0.30762 0.11328 0.07031
0 0.27637 0.34082 0.08008 0.04102
0 0.97754 0.79346 0.04492 0.06543
0 0.40088 0.42676 0.06543 0.05664
0 0.35742 0.44824 0.05273 0.04492
0 0.27539 0.4751 0.16406 0.06934
0 0.43555 0.47412 0.0625 0.03613
0 0.48438 0.53613 0.11719 0.05859
0 0.56055 0.50928 0.0625 0.04395
0 0.65967 0.49121 0.08691 0.05859
0 0.59521 0.56348 0.08105 0.04688
0 0.68018 0.58447 0.07129 0.05371
0 0.79883 0.59619 0.10156 0.06543
0 0.86279 0.4668 0.12012 0.05664
0 0.89551 0.53125 0.05664 0.05469
0 0.90234 0.56982 0.08398 0.05176
0 0.84424 0.6543 0.06738 0.04688
0 0.76025 0.66406 0.07129 0.05273
0 0.04688 0.59131 0.09375 0.05566
0 0.13379 0.62891 0.07617 0.0625
0 0.17139 0.5791 0.07129 0.05859
0 0.30371 0.52686 0.05859 0.04395
0 0.37744 0.61475 0.06152 0.07129
0 0.46777 0.60303 0.08008 0.05566
0 0.52686 0.66406 0.14941 0.07422
0 0.58984 0.60693 0.0625 0.03223
0 0.54688 0.72217 0.13672 0.12207
0 0.57227 0.80371 0.06055 0.11328
0 0.39062 0.74219 0.05859 0.0918
0 0.31494 0.80518 0.08301 0.07715
0 0.7085 0.89404 0.1416 0.05957
0 0.55225 0.89062 0.15527 0.05469
0 0.08643 0.79199 0.10254 0.06641
0 0.10693 0.75049 0.0752 0.07324
0 0.18799 0.79883 0.07715 0.06641
0 0.17627 0.89014 0.12012 0.06543
0 0.2373 0.96191 0.06641 0.07617
0 0.17627 0.97559 0.06738 0.04883
0 0.04004 0.96631 0.08008 0.06738
0 0.3457 0.91016 0.04492 0.06055
0 0.41797 0.91748 0.06836 0.06152
0 0.42627 0.98096 0.10254 0.03809
0 0.79639 0.95996 0.06934 0.08008
0 0.86865 0.86572 0.0752 0.05371
0 0.74805 0.78711 0.09375 0.0625
0 0.97266 0.69971 0.05469 0.04785
0 0.94678 0.66455 0.06152 0.06348
0 0.16064 0.68896 0.10254 0.05762
0 0.65576 0.94287 0.08691 0.0459
0 0.69922 0.97461 0.08594 0.05078
0 0.84277 0.72803 0.08008 0.05762
0 0.93066 0.57471 0.0625 0.05176
0 0.74219 0.09863 0.0293 0.03516
0 0.52051 0.06494 0.04883 0.05762
0 0.80811 0.85693 0.04199 0.03418
0 0.45703 0.7627 0.05078 0.04688
0 0.75244 0.61719 0.05371 0.03516
0 0.34473 0.18311 0.08398 0.06348
0 0.05762 0.21582 0.04688 0.05078
0 0.24023 0.57764 0.04492 0.04785
0 0.31543 0.56445 0.04688 0.04688
0 0.96973 0.34961 0.06055 0.08008
