0 0.89404 0.01367 0.1377 0.02734
0 0.79199 0.85059 0.07422 0.08789
0 0.64453 0.31543 0.08594 0.07227
0 0.82861 0.69092 0.09277 0.11816
0 0.94678 0.15332 0.08496 0.12305
0 0.87305 0.2959 0.11719 0.08203
0 0.80078 0.24805 0.10742 0.08789
0 0.82959 0.94238 0.09082 0.11523
0 0.94092 0.7959 0.09277 0.09766
0 0.7749 0.39307 0.12012 0.05762
0 0.65088 0.68604 0.08691 0.09277
0 0.85693 0.06934 0.08496 0.06445
0 0.69092 0.73438 0.08301 0.08008
0 0.85986 0.16846 0.12012 0.06738
0 0.93457 0.0957 0.11523 0.04297
0 0.93213 0.12598 0.11426 0.0625
0 0.7373 0.79932 0.04492 0.0498
0 0.896 0.83301 0.07715 0.07227
