0 0.0415 0.9248 0.08301 0.08008
0 0.38428 0.70898 0.06348 0.05469
0 0.64941 0.67969 0.24414 0.0625
0 0.59277 0.80908 0.16797 0.10059
0 0.19971 0.229 0.14941 0.12988
0 0.97363 0.1084 0.05273 0.08203
0 0.81201 0.97803 0.09668 0.04395
0 0.06055 0.95361 0.07422 0.06152
0 0.23291 0.68115 0.06934 0.06738
0 0.12744 0.82666 0.09863 0.10059
0 0.0332 0.19141 0.06641 0.06836
0 0.07568 0.7627 0.12012 0.0625
0 0.91553 0.69336 0.1377 0.10156
0 0.69922 0.80957 0.11523 0.07031
0 0.8999 0.03369 0.09277 0.06738
0 0.61914 0.76318 0.12305 0.09082
0 0.79883 0.4458 0.06055 0.05371
0 0.17871 0.03516 0.0625 0.07031
0 0.86523 0.41943 0.05664 0.0498
0 0.98584 0.6582 0.02832 0.07031
