0 0.94531 0.34521 0.07031 0.08105
0 0.23096 0.95752 0.05566 0.08496
0 0.10742 0.29443 0.07227 0.07715
0 0.95898 0.10156 0.08203 0.07812
0 0.3877 0.33643 0.06641 0.08691
0 0.17822 0.04297 0.09668 0.08398
0 0.15869 0.68652 0.09082 0.08203
0 0.34814 0.72363 0.06152 0.07031
0 0.53662 0.52881 0.0791 0.0752
0 0.86816 0.34033 0.06836 0.08887
0 0.28906 0.89453 0.11328 0.08984
0 0.62598 0.26611 0.06641 0.04199
0 0.45703 0.44238 0.08008 0.07617
0 0.31836 0.04346 0.07227 0.0752
0 0.10352 0.08301 0.0957 0.08203
0 0.29248 0.35107 0.08496 0.11035
0 0.53516 0.07471 0.07617 0.0498
0 0.85254 0.51758 0.07227 0.05273
0 0.34521 0.5957 0.11426 0.04688
0 0.26123 0.14941 0.08105 0.05273
0 0.04883 0.68945 0.05273 0.04492
0 0.34863 0.53906 0.0918 0.10938
0 0.1167 0.21191 0.15723 0.06836
0 0.28906 0.24121 0.09375 0.04688
0 0.82324 0.55615 0.07617 0.03613
0 0.72754 0.08691 0.07812 0.08008
0 0.83301 0.43408 0.0957 0.05371
0 0.05566 0.1748 0.11133 0.10938
0 0.91113 0.52441 0.07227 0.06641
0 0.11523 0.68213 0.0625 0.07129
0 0.31934 0.06689 0.06445 0.05762
0 0.29639 0.31641 0.12793 0.12891
0 0.78857 0.98193 0.0791 0.03613
0 0.11377 0.86572 0.10254 0.0498
0 0.36377 0.88818 0.08105 0.0498
0 0.47119 0.80322 0.10645 0.06934
0 0.28809 0.63916 0.09961 0.03613
0 0.95215 0.72754 0.06445 0.04297
0 0.25488 0.45117 0.10156 0.06055
0 0.82275 0.9248 0.05566 0.04492
0 0.60156 0.0459 0.05469 0.07227
0 0.52783 0.85938 0.1123 0.05078
0 0.31689 0.6416 0.05371 0.05859
0 0.68799 0.72852 0.03613 0.05469
0 0.85449 0.99072 0.06836 0.01855
0 0.86523 0.96582 0.04688 0.06836
0 0.04736 0.91943 0.09473 0.04395
0 0.12256 0.46289 0.1123 0.04297
0 0.66406 0.34229 0.07812 0.05176
0 0.97363 0.55273 0.05273 0.02734
0 0.12256 0.40527 0.11621 0.03516
0 0.04883 0.61328 0.09766 0.05078
0 0.21045 0.50928 0.06543 0.03027
0 0.54004 0.94775 0.08008 0.03223
0 0.66113 0.09766 0.07031 0.05664
0 0.28906 0.5791 0.05859 0.04102
0 0.64844 0.09814 0.07422 0.07324
0 0.52881 0.52539 0.10449 0.06836
0 0.22412 0.54102 0.09277 0.02734
0 0.15234 0.78613 0.05469 0.03711
0 0.02148 0.98438 0.04297 0.03125
0 0.56299 0.12109 0.04199 0.0293
0 0.09717 0.76221 0.09863 0.05176
0 0.75 0.21094 0.05078 0.05273
0 0.00928 0.41211 0.01855 0.04102
0 0.01514 0.81348 0.03027 0.04297
0 0.53564 0.98779 0.10254 0.02441
0 0.70605 0.53613 0.05469 0.05078
0 0.98828 0.52002 0.02344 0.05762
0 0.66943 0.72461 0.03027 0.04492
0 0.92432 0.97803 0.07715 0.04199
0 0.93945 0.80127 0.06836 0.05176
0 0.82617 0.75342 0.08789 0.05957
0 0.85352 0.69482 0.05078 0.0459
0 0.88623 0.8418 0.07129 0.04297
0 0.86182 0.83643 0.07129 0.04395
0 0.24268 0.57812 0.06348 0.03906
0 0.02344 0.00928 0.04297 0.01855
