0 0.03516 0.35352 0.04102 0.05273
0 0.04785 0.43408 0.04102 0.05762
0 0.13184 0.38232 0.06641 0.03027
0 0.08789 0.29834 0.07031 0.04199
0 0.09521 0.24316 0.05176 0.03906
0 0.03174 0.23828 0.03809 0.07031
0 0.27197 0.24756 0.05957 0.10645
0 0.27393 0.18945 0.04004 0.04492
0 0.3208 0.17285 0.04004 0.08984
0 0.3916 0.19385 0.04492 0.09473
0 0.33789 0.39502 0.09961 0.09082
0 0.24023 0.40186 0.03516 0.04004
0 0.3833 0.36816 0.03809 0.03906
0 0.47461 0.3667 0.08008 0.07129
0 0.49902 0.25049 0.05469 0.05371
0 0.60107 0.43848 0.03223 0.03711
0 0.62354 0.38574 0.06738 0.0293
0 0.66797 0.28271 0.11914 0.04004
0 0.55225 0.1582 0.04395 0.05273
0 0.6416 0.19482 0.11523 0.10254
0 0.66309 0.21289 0.04883 0.08594
0 0.82617 0.229 0.06836 0.06738
0 0.86523 0.26855 0.05469 0.03516
0 0.86865 0.10693 0.07324 0.06543
0 0.87891 0.3457 0.06641 0.04297
0 0.9585 0.27979 0.08301 0.12012
0 0.8833 0.92285 0.04199 0.07227
0 0.73389 0.67578 0.03223 0.04492
0 0.67529 0.81982 0.04395 0.05762
0 0.64697 0.77588 0.07129 0.05762
0 0.66699 0.74854 0.06641 0.03613
0 0.521 0.62695 0.05371 0.06445
0 0.60303 0.91504 0.05566 0.06836
0 0.49951 0.97998 0.06543 0.04004
0 0.47754 0.88477 0.05078 0.03516
0 0.43164 0.76807 0.05469 0.03418
0 0.34033 0.88135 0.0459 0.05566
0 0.354 0.78857 0.05176 0.06543
0 0.38477 0.66504 0.05859 0.06641
0 0.3457 0.66016 0.0625 0.07617
0 0.28662 0.70654 0.0459 0.08301
0 0.21582 0.72559 0.04102 0.03516
0 0.18652 0.73828 0.03711 0.04492
0 0.20801 0.83643 0.07227 0.02832
0 0.15918 0.87793 0.04883 0.03906
0 0.12305 0.86035 0.05273 0.05273
0 0.28271 0.96191 0.05371 0.04883
0 0.2915 0.9248 0.03613 0.03711
0 0.05908 0.729 0.02441 0.04004
0 0.05615 0.87842 0.05371 0.03809
