0 0.04834 0.97754 0.09668 0.04492
0 0.28955 0.97217 0.09473 0.05566
0 0.43359 0.97607 0.10938 0.04785
0 0.78662 0.97021 0.08496 0.05957
0 0.79541 0.81592 0.05957 0.08887
0 0.89941 0.67676 0.07422 0.0918
0 0.95752 0.22412 0.06738 0.08301
0 0.97949 0.03955 0.04102 0.05957
0 0.78125 0.12256 0.06641 0.09277
0 0.75732 0.19873 0.08887 0.07129
0 0.67676 0.18115 0.0918 0.09082
0 0.67432 0.30469 0.07129 0.10352
0 0.72168 0.43652 0.08594 0.08984
0 0.5957 0.51709 0.07422 0.14746
0 0.64404 0.64014 0.1084 0.07715
0 0.51562 0.5249 0.06836 0.08691
0 0.42676 0.49561 0.06836 0.09277
0 0.43262 0.65723 0.06836 0.08789
0 0.31543 0.59863 0.08789 0.10938
0 0.31348 0.42139 0.0918 0.1084
0 0.22705 0.43066 0.07129 0.08008
0 0.19434 0.23633 0.08789 0.07617
0 0.49121 0.15771 0.07227 0.08301
0 0.29639 0.10205 0.08496 0.0791
0 0.10547 0.35205 0.08008 0.16309
0 0.04248 0.52734 0.06738 0.08594
0 0.06445 0.20117 0.08789 0.08789
0 0.02588 0.25342 0.05176 0.11426
0 0.01611 0.14551 0.03223 0.08594
0 0.08887 0.83643 0.06836 0.08887
0 0.06396 0.74854 0.06543 0.07129
0 0.02051 0.70654 0.04102 0.08691
0 0.85303 0.96924 0.06934 0.05566
0 0.06738 0.69238 0.08008 0.08594
0 0.62109 0.01172 0.04492 0.02148
0 0.01416 0.57812 0.02832 0.06055
0 0.91162 0.5874 0.05176 0.05176
0 0.83252 0.76758 0.09473 0.0957
