0 0.88086 0.53516 0.05664 0.13086
0 0.44189 0.94775 0.07324 0.09473
0 0.91602 0.79883 0.09961 0.07812
0 0.72168 0.6333 0.0625 0.08691
0 0.55859 0.33301 0.05859 0.07227
0 0.67725 0.65332 0.07715 0.10742
0 0.92432 0.04492 0.03809 0.08789
0 0.45605 0.1084 0.04688 0.08984
0 0.43164 0.38818 0.08594 0.06543
0 0.77148 0.62158 0.05273 0.06543
0 0.30615 0.05908 0.10449 0.11816
0 0.58496 0.5708 0.05078 0.07324
0 0.06006 0.3501 0.07324 0.06934
0 0.75 0.94189 0.0957 0.10254
0 0.18018 0.48486 0.08105 0.06348
0 0.49609 0.36426 0.08984 0.07617
0 0.0791 0.20068 0.08789 0.06934
0 0.89844 0.35498 0.0332 0.08691
0 0.98193 0.06787 0.03613 0.12012
0 0.51807 0.03418 0.0459 0.06836
0 0.41895 0.16016 0.06836 0.07617
0 0.83545 0.1543 0.05566 0.08594
0 0.17822 0.0874 0.07129 0.0752
0 0.83301 0.11133 0.04297 0.07422
0 0.95801 0.75781 0.05078 0.0625
0 0.58447 0.14355 0.07324 0.10938
0 0.74707 0.15479 0.04688 0.09277
0 0.66162 0.16797 0.06738 0.07031
0 0.06494 0.6416 0.06934 0.04688
0 0.84961 0.78516 0.0625 0.05078
0 0.19971 0.53613 0.05371 0.07031
0 0.80615 0.39648 0.05371 0.0625
0 0.65088 0.07861 0.06738 0.05176
0 0.02246 0.12158 0.04492 0.06348
0 0.60742 0.77832 0.03906 0.0625
0 0.40039 0.43018 0.06055 0.05371
0 0.03027 0.47852 0.05859 0.07227
0 0.52539 0.75879 0.05664 0.06055
0 0.52686 0.18555 0.07129 0.05664
0 0.23486 0.49023 0.05957 0.06641
0 0.94238 0.65479 0.05664 0.09473
0 0.1792 0.86328 0.07324 0.04297
0 0.06104 0.66943 0.04785 0.06738
0 0.33643 0.7168 0.0498 0.05078
0 0.67725 0.72119 0.11816 0.14746
0 0.22119 0.84033 0.06543 0.04395
0 0.7998 0.02393 0.04688 0.04785
0 0.75098 0.5415 0.03516 0.05176
0 0.65771 0.12305 0.0498 0.07031
0 0.40576 0.96143 0.09082 0.06543
0 0.85547 0.44482 0.03125 0.06934
0 0.375 0.45898 0.06055 0.04883
0 0.11182 0.95557 0.04785 0.03223
0 0.20752 0.98242 0.04004 0.03516
0 0.03516 0.771 0.07031 0.03809
0 0.26367 0.14404 0.07422 0.05762
0 0.7583 0.09082 0.08105 0.06445
0 0.02588 0.04785 0.05176 0.05859
0 0.51416 0.21729 0.04785 0.05957
0 0.3418 0.70801 0.04492 0.05273
0 0.02393 0.10352 0.04785 0.08594
0 0.21533 0.09619 0.05371 0.06738
0 0.73242 0.24219 0.04102 0.05664
0 0.2915 0.85596 0.03809 0.05957
0 0.57324 0.72852 0.05859 0.04688
0 0.50244 0.69482 0.03809 0.08887
0 0.80078 0.14502 0.05664 0.06348
0 0.79053 0.77588 0.04785 0.04395
0 0.20898 0.75684 0.08008 0.06445
0 0.0708 0.38916 0.06738 0.07715
0 0.7583 0.98438 0.04199 0.03125
0 0.41016 0.71484 0.06641 0.04102
0 0.25098 0.76855 0.08789 0.06055
0 0.78467 0.73779 0.04785 0.04785
0 0.7251 0.73193 0.03613 0.04199
0 0.479 0.02881 0.03613 0.05566
0 0.03174 0.72266 0.06348 0.03125
0 0.41016 0.49121 0.06445 0.03906
0 0.37842 0.96631 0.0459 0.06738
0 0.41455 0.58203 0.04785 0.03516
0 0.07275 0.75 0.09082 0.04492
0 0.63672 0.71143 0.04883 0.04785
0 0.61572 0.66748 0.04004 0.05176
0 0.35596 0.56738 0.0498 0.04102
