0 0.0459 0.13086 0.07227 0.08789
0 0.25537 0.06055 0.08496 0.07031
0 0.4917 0.02686 0.10254 0.05371
0 0.05322 0.30664 0.10645 0.11328
0 0.20068 0.37207 0.06543 0.0625
0 0.26855 0.43896 0.0625 0.0752
0 0.40039 0.47461 0.08594 0.08594
0 0.38281 0.31006 0.06836 0.08105
0 0.43311 0.29346 0.05371 0.07129
0 0.47217 0.21729 0.08887 0.1377
0 0.51514 0.30859 0.06738 0.0625
0 0.56787 0.37598 0.0752 0.08594
0 0.5708 0.50635 0.07324 0.07715
0 0.54443 0.59814 0.09082 0.10254
0 0.25244 0.64502 0.11621 0.1084
0 0.26465 0.72803 0.08203 0.07715
0 0.5791 0.73291 0.0957 0.07129
0 0.15234 0.89453 0.0918 0.06641
0 0.17676 0.96289 0.12891 0.07422
0 0.32275 0.93604 0.08105 0.0791
0 0.4209 0.95459 0.07812 0.06152
0 0.52344 0.979 0.07422 0.04199
0 0.71289 0.87012 0.11328 0.08984
0 0.72168 0.97705 0.11719 0.0459
0 0.81152 0.92578 0.07422 0.09766
0 0.88135 0.93457 0.06152 0.08203
0 0.96582 0.86328 0.06836 0.08984
0 0.96191 0.65039 0.07617 0.11133
0 0.94385 0.52979 0.08496 0.07715
0 0.93506 0.41699 0.07129 0.06641
0 0.80469 0.37451 0.08203 0.05957
0 0.91309 0.31689 0.08008 0.05957
0 0.79004 0.04004 0.07812 0.05469
0 0.83252 0.25 0.06543 0.06445
0 0.02393 0.44336 0.04785 0.07812
0 0.75537 0.92041 0.06348 0.09473
0 0.53174 0.13818 0.07129 0.08496
0 0.31445 0.42871 0.07812 0.08203
0 0.625 0.4292 0.03516 0.05176
0 0.85449 0.43018 0.06445 0.04785
0 0.94678 0.35547 0.06543 0.05859
0 0.26562 0.01953 0.07227 0.03906
0 0.96973 0.80762 0.06055 0.0918
