0 0.75342 0.39453 0.16699 0.08594
0 0.30566 0.76416 0.09766 0.12988
0 0.82715 0.64062 0.125 0.08203
0 0.56592 0.41064 0.1123 0.12793
0 0.49805 0.1709 0.09766 0.07812
0 0.18701 0.24854 0.09473 0.07715
0 0.20996 0.72314 0.125 0.09277
0 0.06738 0.38525 0.07227 0.07715
0 0.45703 0.30469 0.08594 0.07031
0 0.08203 0.14453 0.09961 0.09961
0 0.9082 0.27051 0.07812 0.08789
0 0.7168 0.25293 0.08008 0.0625
0 0.47705 0.82471 0.13574 0.12012
0 0.27441 0.07715 0.14453 0.1543
0 0.38574 0.28076 0.0625 0.07715
0 0.62451 0.64844 0.19043 0.1875
0 0.87939 0.84229 0.14551 0.16504
0 0.78467 0.12793 0.1748 0.10742
0 0.23535 0.9541 0.08008 0.0918
0 0.25195 0.41699 0.17969 0.18555
0 0.07422 0.87598 0.08984 0.15234
0 0.03223 0.73633 0.06445 0.07227
0 0.58203 0.77051 0.16992 0.15234
0 0.94434 0.69043 0.08008 0.10742
0 0.60205 0.87842 0.13965 0.06738
0 0.70947 0.93945 0.12012 0.07031
0 0.04492 0.21973 0.08984 0.13477
0 0.646 0.50488 0.09277 0.08984
0 0.76855 0.04346 0.1543 0.08496
0 0.14844 0.86084 0.08203 0.13184
0 0.48828 0.96436 0.06836 0.06543
0 0.93604 0.55957 0.12207 0.09961
0 0.51465 0.91553 0.08984 0.06738
0 0.6333 0.9585 0.08691 0.08301
0 0.46094 0.22461 0.0625 0.05078
0 0.16602 0.35449 0.10742 0.07031
0 0.83301 0.96094 0.09766 0.07812
0 0.1499 0.8042 0.08496 0.0752
0 0.85059 0.72949 0.08789 0.08984
0 0.12695 0.05859 0.0957 0.11719
0 0.05225 0.94238 0.05957 0.08008
0 0.48193 0.72559 0.0498 0.05273
0 0.97363 0.14453 0.05273 0.11523
0 0.23096 0.83447 0.09277 0.09473
0 0.40576 0.96826 0.08301 0.06348
0 0.95312 0.90918 0.07812 0.13477
0 0.55957 0.96729 0.06055 0.06543
0 0.38477 0.77197 0.05469 0.0752
0 0.93457 0.55225 0.07031 0.14551
0 0.97119 0.44189 0.05762 0.06934
0 0.90625 0.32324 0.0625 0.04688
0 0.97607 0.05078 0.04785 0.07227
