0 0.41797 0.0293 0.06641 0.05859
0 0.91797 0.80322 0.04297 0.09473
0 0.6499 0.45361 0.10254 0.07129
0 0.36816 0.45947 0.08203 0.09082
0 0.61768 0.49463 0.06738 0.05762
0 0.90381 0.18555 0.05371 0.07617
0 0.39941 0.65283 0.10352 0.05957
0 0.55908 0.77148 0.05957 0.06641
0 0.44482 0.5459 0.07129 0.05469
0 0.55615 0.58545 0.07129 0.05176
0 0.36426 0.89014 0.08398 0.04785
0 0.54199 0.02686 0.04492 0.05371
0 0.22559 0.58398 0.07031 0.04883
0 0.5874 0.56348 0.06348 0.05078
0 0.55908 0.85205 0.08887 0.0791
0 0.91162 0.96289 0.06152 0.05273
0 0.08301 0.17236 0.0625 0.06543
0 0.021 0.50879 0.04199 0.04883
0 0.26025 0.51709 0.05176 0.06152
0 0.6958 0.92822 0.09473 0.05176
0 0.79736 0.43701 0.03613 0.10449
0 0.45752 0.10889 0.05762 0.06348
0 0.83008 0.24561 0.05078 0.06738
0 0.02783 0.79883 0.05566 0.07812
0 0.24902 0.79639 0.06641 0.05957
0 0.08496 0.60156 0.05859 0.05469
0 0.33154 0.54492 0.06348 0.04492
0 0.375 0.80518 0.07031 0.04395
0 0.77539 0.69531 0.05664 0.05469
0 0.98438 0.64014 0.03125 0.0752
0 0.65283 0.03613 0.03223 0.0625
0 0.51855 0.79785 0.07617 0.0625
0 0.05957 0.46582 0.07422 0.0293
0 0.31885 0.13135 0.05957 0.06152
0 0.44287 0.46484 0.02441 0.08203
0 0.20215 0.54639 0.06445 0.04785
0 0.04443 0.85596 0.05762 0.03027
0 0.84766 0.5791 0.03711 0.07031
0 0.14258 0.9126 0.08008 0.03223
0 0.91602 0.50098 0.09961 0.0293
0 0.44336 0.63818 0.05273 0.05566
0 0.62012 0.25342 0.02539 0.05762
0 0.83579 0.89395 0.08115 0.04316
0 0.01709 0.29346 0.03418 0.03613
0 0.79297 0.66211 0.05078 0.03711
0 0.29492 0.98877 0.07227 0.02246
0 0.43945 0.32031 0.05273 0.04688
0 0.08643 0.22461 0.04785 0.05469
0 0.37793 0.75293 0.05859 0.04492
0 0.11133 0.13184 0.07227 0.03711
0 0.50342 0.54883 0.06738 0.0293
0 0.70703 0.34375 0.03906 0.05859
0 0.36768 0.51123 0.08301 0.01855
0 0.11621 0.14355 0.06836 0.04297
0 0.76514 0.50146 0.04395 0.03809
0 0.8833 0.6416 0.02637 0.0625
0 0.91846 0.60645 0.04785 0.04492
0 0.54102 0.96777 0.06641 0.04297
0 0.69434 0.83594 0.04492 0.0332
0 0.97998 0.77344 0.04004 0.04883
0 0.979 0.59229 0.04199 0.0498
0 0.44287 0.15088 0.04199 0.05957
0 0.78906 0.60498 0.05078 0.05371
0 0.18994 0.1499 0.08496 0.04004
0 0.23047 0.81494 0.04688 0.03027
0 0.74023 0.61426 0.05469 0.02344
0 0.36475 0.72656 0.05371 0.03906
