0 0.01172 0.40332 0.02344 0.0918
0 0.34814 0.50879 0.05176 0.08203
0 0.40625 0.42334 0.07422 0.10449
0 0.1748 0.23291 0.07617 0.10059
0 0.2749 0.40479 0.06543 0.10059
0 0.03711 0.08154 0.06836 0.09863
0 0.5498 0.16992 0.05859 0.10156
0 0.36816 0.45752 0.0625 0.08887
0 0.6001 0.70557 0.07324 0.05957
0 0.84717 0.08252 0.04785 0.13184
0 0.8999 0.05176 0.06152 0.10352
0 0.45215 0.06494 0.07617 0.09277
0 0.48584 0.02979 0.06543 0.05957
0 0.8623 0.82764 0.04492 0.06934
0 0.18213 0.03613 0.04785 0.07031
0 0.08252 0.79932 0.08691 0.0459
0 0.97559 0.57178 0.04883 0.08496
0 0.30225 0.19922 0.05566 0.07617
0 0.38281 0.34668 0.07617 0.05469
0 0.81738 0.38281 0.07617 0.0625
0 0.22949 0.4751 0.05664 0.09668
0 0.09766 0.76074 0.03125 0.08008
0 0.71924 0.5166 0.06543 0.08398
0 0.27051 0.03174 0.05078 0.06348
0 0.01172 0.09131 0.02344 0.07715
0 0.30615 0.80371 0.05566 0.05078
0 0.1333 0.69824 0.0791 0.03125
0 0.21387 0.52051 0.05469 0.04688
0 0.55908 0.79834 0.05762 0.04785
0 0.18359 0.5791 0.06641 0.08008
0 0.7583 0.41553 0.02637 0.05566
0 0.87988 0.35498 0.05078 0.12598
0 0.45557 0.16016 0.07715 0.07031
0 0.26416 0.64062 0.07129 0.09766
0 0.52979 0.25146 0.03027 0.05566
0 0.89502 0.44971 0.05762 0.11035
0 0.50488 0.53125 0.04297 0.07812
0 0.67285 0.43457 0.05664 0.125
0 0.27637 0.98242 0.03125 0.03516
0 0.44141 0.53955 0.05273 0.04785
0 0.61426 0.51025 0.05273 0.03809
0 0.32031 0.01758 0.04297 0.03516
0 0.54639 0.90967 0.0498 0.06738
0 0.75049 0.09717 0.05176 0.06934
0 0.32031 0.92578 0.03906 0.0332
0 0.51416 0.4917 0.05371 0.07324
0 0.43213 0.6582 0.0459 0.05273
0 0.64551 0.49951 0.04492 0.06934
0 0.75684 0.14014 0.04688 0.04004
0 0.97852 0.69097 0.04297 0.16709
0 0.76318 0.61035 0.08887 0.07031
0 0.32812 0.98828 0.0332 0.02344
0 0.91162 0.8418 0.05762 0.08203
0 0.99023 0.44092 0.01953 0.08301
