0 0.61182 0.58643 0.06543 0.07324
0 0.61377 0.21045 0.09863 0.0791
0 0.60156 0.81104 0.04297 0.14355
0 0.37646 0.56836 0.08691 0.12109
0 0.15967 0.22559 0.13965 0.06055
0 0.979 0.6792 0.04199 0.08496
0 0.23291 0.4082 0.10059 0.07422
0 0.39795 0.89746 0.08301 0.14062
0 0.75586 0.72998 0.0293 0.08496
0 0.521 0.94287 0.04004 0.11426
0 0.89014 0.76367 0.12207 0.08789
0 0.9043 0.44336 0.12891 0.05859
0 0.50635 0.03564 0.11621 0.07129
0 0.41064 0.96582 0.11816 0.05859
0 0.55371 0.23926 0.09375 0.05078
0 0.79736 0.92285 0.0791 0.03516
0 0.50537 0.75195 0.08105 0.12109
0 0.54004 0.74463 0.06836 0.06934
0 0.39355 0.74756 0.05273 0.12207
0 0.10449 0.60742 0.10938 0.04883
0 0.1665 0.27344 0.06348 0.10742
0 0.16016 0.82129 0.09961 0.05469
0 0.80811 0.43604 0.10254 0.03809
0 0.67432 0.82959 0.0459 0.10059
0 0.2124 0.05371 0.10254 0.09766
0 0.31055 0.70312 0.12305 0.03711
0 0.25781 0.6582 0.15234 0.05859
0 0.9541 0.93066 0.05664 0.04688
0 0.92432 0.53027 0.15137 0.12695
0 0.52637 0.8833 0.06641 0.04395
0 0.24951 0.78027 0.0498 0.03906
0 0.92285 0.37549 0.1543 0.0498
0 0.8252 0.66699 0.10742 0.03906
0 0.39355 0.04492 0.05273 0.05273
0 0.07422 0.13623 0.07031 0.05762
0 0.13672 0.01562 0.08398 0.03125
0 0.85547 0.87744 0.13867 0.03027
0 0.05859 0.7251 0.11719 0.12207
0 0.1543 0.74072 0.13867 0.03027
0 0.88916 0.91309 0.04785 0.06445
0 0.8374 0.03955 0.15332 0.03809
0 0.04053 0.95801 0.06934 0.03711
0 0.96826 0.07959 0.06348 0.02832
0 0.64111 0.98047 0.10449 0.03125
0 0.14404 0.8584 0.1084 0.04102
0 0.13721 0.31982 0.09082 0.03613
0 0.95117 0.01514 0.0957 0.03027
0 0.60156 0.91992 0.0918 0.04883
0 0.24561 0.48389 0.10645 0.03613
0 0.54102 0.63232 0.10352 0.02637
0 0.646 0.41748 0.12793 0.19043
0 0.13086 0.59229 0.07031 0.07129
0 0.83887 0.75098 0.13281 0.08203
0 0.78906 0.479 0.1543 0.0459
0 0.35986 0.41162 0.04785 0.06152
0 0.24219 0.22656 0.14844 0.06055
0 0.05664 0.21777 0.11328 0.08398
0 0.74023 0.60547 0.11914 0.09766
0 0.06494 0.01709 0.07324 0.03418
0 0.22314 0.9668 0.07715 0.04102
0 0.82568 0.54639 0.1416 0.04004
0 0.08252 0.7041 0.04199 0.03125
0 0.50195 0.61133 0.09766 0.02734
0 0.06836 0.88818 0.09766 0.03027
0 0.18408 0.48096 0.1748 0.18457
0 0.7915 0.58008 0.19629 0.07031
0 0.22314 0.4458 0.08691 0.03418
0 0.94189 0.59473 0.08301 0.0332
0 0.05225 0.50049 0.09863 0.08691
0 0.04883 0.53711 0.08203 0.08789
0 0.69043 0.01123 0.05273 0.02246
0 0.14844 0.93994 0.21875 0.0498
0 0.17871 0.89746 0.06445 0.02734
0 0.43018 0.65088 0.06152 0.05566
0 0.01514 0.41113 0.03027 0.05469
0 0.79932 0.08643 0.22949 0.05176
0 0.28174 0.26709 0.06934 0.03613
0 0.51514 0.04541 0.15332 0.04199
0 0.84424 0.01221 0.12598 0.02441
