0 0.8667 0.02734 0.10645 0.05469
0 0.97266 0.41162 0.05469 0.06934
0 0.89551 0.42188 0.06055 0.12695
0 0.95459 0.64746 0.09082 0.0918
0 0.76221 0.37354 0.10449 0.06348
0 0.72607 0.45508 0.06738 0.08398
0 0.70068 0.54053 0.06543 0.12012
0 0.7627 0.55713 0.05273 0.12793
0 0.8374 0.66309 0.06348 0.06445
0 0.61084 0.51318 0.05957 0.13184
0 0.54443 0.39746 0.10645 0.06055
0 0.50195 0.33887 0.05859 0.08203
0 0.54492 0.13184 0.08203 0.04688
0 0.61475 0.04492 0.15723 0.05469
0 0.69678 0.21875 0.10254 0.20508
0 0.3291 0.50879 0.07031 0.08594
0 0.46045 0.54297 0.12012 0.08008
0 0.42871 0.56445 0.10742 0.08398
0 0.3208 0.6958 0.12598 0.09863
0 0.44922 0.76709 0.08008 0.08301
0 0.55762 0.84961 0.13672 0.13281
0 0.54785 0.83398 0.05859 0.05469
0 0.67188 0.88379 0.13477 0.10938
0 0.83887 0.80176 0.08984 0.07422
0 0.86768 0.86914 0.1084 0.0625
0 0.94873 0.94678 0.08887 0.10645
0 0.97168 0.80225 0.05664 0.12207
0 0.4834 0.95752 0.05469 0.08496
0 0.6665 0.97363 0.12012 0.05273
0 0.8374 0.95801 0.08496 0.08398
0 0.34912 0.93945 0.08691 0.06055
0 0.28223 0.90088 0.0625 0.0459
0 0.33691 0.85205 0.13281 0.05566
0 0.34326 0.80078 0.07324 0.06836
0 0.19092 0.83105 0.09082 0.04492
0 0.10303 0.88281 0.09277 0.06055
0 0.03027 0.88184 0.06055 0.0625
0 0.07666 0.70215 0.07324 0.11914
0 0.17773 0.60156 0.06641 0.06641
0 0.2168 0.36377 0.06055 0.09473
0 0.13281 0.27246 0.15625 0.07617
0 0.19385 0.20068 0.1123 0.05176
0 0.16943 0.15918 0.09863 0.05078
0 0.21045 0.07861 0.15723 0.06934
0 0.50586 0.21094 0.16797 0.1543
0 0.02734 0.28613 0.05469 0.12695
0 0.08887 0.03955 0.07617 0.0791
0 0.33594 0.0332 0.09766 0.06641
0 0.93848 0.30566 0.08398 0.05859
0 0.06445 0.4751 0.12891 0.04004
0 0.32373 0.54785 0.0498 0.06055
0 0.11621 0.64941 0.09766 0.10547
0 0.18604 0.97852 0.05957 0.04297
0 0.46826 0.19971 0.05762 0.05762
0 0.44189 0.0752 0.04395 0.05273
0 0.93848 0.3374 0.0625 0.04004
