0 0.16162 0.56738 0.06738 0.08008
0 0.84082 0.53711 0.06641 0.08008
0 0.41992 0.34912 0.06836 0.08301
0 0.45215 0.86719 0.06836 0.07617
0 0.10254 0.35693 0.0625 0.08301
0 0.54492 0.62012 0.05078 0.07812
0 0.20068 0.74463 0.11035 0.08301
0 0.44482 0.15918 0.0459 0.08398
0 0.0332 0.87695 0.03711 0.08008
0 0.73877 0.47168 0.06348 0.11133
0 0.19971 0.28809 0.0752 0.05469
0 0.28955 0.05908 0.07324 0.06543
0 0.49121 0.26123 0.04688 0.08105
0 0.42725 0.03369 0.04785 0.06738
0 0.35547 0.62939 0.05273 0.06543
0 0.39795 0.15137 0.06152 0.08594
0 0.02783 0.50977 0.05566 0.06836
0 0.30225 0.59033 0.04199 0.06934
0 0.0835 0.22998 0.09863 0.09082
0 0.33545 0.38574 0.03418 0.07031
0 0.86279 0.49707 0.04199 0.07422
0 0.96875 0.79443 0.03125 0.08301
0 0.56592 0.17676 0.04395 0.08203
0 0.34863 0.51123 0.05469 0.06152
0 0.53076 0.12158 0.05762 0.10254
0 0.3999 0.76123 0.04004 0.07715
0 0.08594 0.12451 0.08789 0.07715
0 0.0835 0.78613 0.06152 0.05273
0 0.43311 0.27832 0.03223 0.07227
0 0.03027 0.0249 0.06055 0.04785
0 0.31348 0.42285 0.0625 0.06055
0 0.37012 0.86963 0.02734 0.06738
0 0.59766 0.02344 0.06055 0.04297
0 0.58105 0.31348 0.10938 0.03906
0 0.15674 0.8833 0.03418 0.06348
0 0.24023 0.85059 0.02539 0.05859
0 0.95312 0.51465 0.04883 0.09375
0 0.86377 0.86963 0.03027 0.07715
0 0.42822 0.74658 0.06348 0.04004
0 0.69189 0.89209 0.04004 0.05957
0 0.76562 0.43311 0.02734 0.09082
0 0.26514 0.68701 0.04004 0.16309
0 0.68945 0.30615 0.03516 0.05371
0 0.21729 0.91504 0.05176 0.05469
0 0.82471 0.44971 0.03418 0.12012
0 0.73047 0.01465 0.04688 0.0293
0 0.45361 0.52637 0.04395 0.03711
0 0.72217 0.22754 0.04004 0.06055
0 0.87695 0.02441 0.04492 0.04883
0 0.68311 0.20996 0.03027 0.05859
0 0.92334 0.18213 0.03223 0.07129
0 0.70752 0.57373 0.03809 0.06934
0 0.04736 0.23389 0.04199 0.09082
0 0.89258 0.19287 0.02539 0.07715
0 0.21094 0.49561 0.05273 0.05371
0 0.52246 0.23096 0.0918 0.04199
0 0.46289 0.3042 0.04883 0.06738
0 0.45312 0.57666 0.12695 0.06348
0 0.71094 0.50098 0.04883 0.05273
0 0.76416 0.90283 0.0498 0.05176
0 0.30127 0.9248 0.05762 0.03125
0 0.84521 0.17969 0.02637 0.05078
0 0.02734 0.96777 0.05469 0.03906
0 0.2002 0.63818 0.04883 0.02441
0 0.54541 0.92139 0.0459 0.02832
0 0.78955 0.84375 0.03418 0.05469
0 0.06055 0.45215 0.04688 0.11133
0 0.92285 0.96436 0.03125 0.05176
0 0.93652 0.96191 0.0293 0.05469
0 0.06299 0.18896 0.05762 0.05762
0 0.97754 0.43604 0.04102 0.0791
0 0.73877 0.88037 0.03027 0.05957
0 0.74561 0.80664 0.04199 0.02539
0 0.16748 0.94141 0.03418 0.04102
0 0.86328 0.32764 0.0293 0.04199
0 0.79541 0.34619 0.08691 0.04004
0 0.84229 0.90869 0.03223 0.0459
0 0.28662 0.76318 0.03613 0.05176
0 0.41943 0.6001 0.06152 0.05566
0 0.84229 0.83301 0.04004 0.05469
0 0.03418 0.47754 0.06055 0.07617
0 0.06836 0.47363 0.08984 0.03906
