0 0.05908 0.78418 0.11816 0.09961
0 0.15186 0.64062 0.10645 0.16406
0 0.29492 0.72754 0.08008 0.08203
0 0.22051 0.91504 0.11719 0.13281
0 0.37012 0.82812 0.12305 0.08398
0 0.55762 0.77734 0.12891 0.08203
0 0.76758 0.81201 0.12891 0.08691
0 0.66016 0.93359 0.07422 0.12695
0 0.87061 0.771 0.08887 0.08496
0 0.55713 0.58105 0.24902 0.22852
0 0.48242 0.5752 0.12695 0.12109
0 0.32617 0.48877 0.13086 0.19238
0 0.06592 0.31396 0.07324 0.06738
0 0.06836 0.17285 0.11133 0.11523
0 0.01416 0.03174 0.02832 0.05566
0 0.11914 0.08643 0.10742 0.08105
0 0.3335 0.19531 0.08496 0.14453
0 0.65527 0.30859 0.20703 0.11523
0 0.89551 0.4043 0.14258 0.10156
0 0.96582 0.53271 0.06836 0.14355
0 0.92637 0.10098 0.14727 0.18164
0 0.62549 0.15869 0.1084 0.09473
0 0.35254 0.05469 0.2793 0.10938
0 0.02637 0.45703 0.05078 0.07422
0 0.02002 0.39404 0.04004 0.06348
0 0.02051 0.55273 0.04102 0.10156
0 0.1543 0.45166 0.17188 0.21777
0 0.30225 0.55225 0.06738 0.0752
0 0.53906 0.98047 0.11914 0.03906
0 0.97021 0.96973 0.05566 0.06055
