0 0.0332 0.32422 0.06641 0.03516
0 0.08398 0.71631 0.08789 0.06348
0 0.13086 0.7583 0.06641 0.07715
0 0.26123 0.64746 0.07715 0.07617
0 0.2666 0.76367 0.06445 0.05664
0 0.26611 0.54395 0.06348 0.08203
0 0.31201 0.19238 0.05957 0.0625
0 0.39746 0.31006 0.0625 0.04785
0 0.45068 0.29443 0.08887 0.05957
0 0.36816 0.01904 0.06055 0.03809
0 0.62207 0.05322 0.11133 0.08105
0 0.56445 0.01074 0.07031 0.02148
0 0.7334 0.23096 0.11133 0.07129
0 0.63525 0.21631 0.03223 0.07324
0 0.43213 0.55029 0.0459 0.05371
0 0.521 0.58008 0.09277 0.0625
0 0.50439 0.62402 0.05371 0.04883
0 0.43945 0.71973 0.03125 0.04688
0 0.57617 0.72803 0.04492 0.03223
0 0.70264 0.8208 0.06348 0.0498
0 0.47852 0.77979 0.10156 0.06738
0 0.39502 0.78369 0.08691 0.05762
0 0.40137 0.83594 0.12695 0.06445
0 0.70166 0.64062 0.06348 0.05469
0 0.85986 0.66943 0.05762 0.06934
0 0.74316 0.33252 0.04297 0.04004
0 0.83496 0.08154 0.07227 0.07129
0 0.85742 0.01904 0.07617 0.03809
0 0.95215 0.04785 0.08203 0.08008
0 0.89014 0.15332 0.02441 0.05078
0 0.93213 0.25977 0.05957 0.05078
0 0.97021 0.25977 0.05957 0.05078
0 0.97656 0.93555 0.04688 0.09375
0 0.7666 0.95996 0.0625 0.08008
0 0.49219 0.97607 0.03711 0.0459
0 0.27539 0.93262 0.15039 0.05469
0 0.27051 0.90479 0.07031 0.04004
0 0.15283 0.91357 0.09277 0.06543
0 0.03125 0.8833 0.03906 0.03418
