0 0.13818 0.85498 0.09277 0.07715
0 0.05859 0.67822 0.06445 0.06543
0 0.13477 0.73242 0.08594 0.07422
0 0.06055 0.83057 0.0625 0.06934
0 0.19531 0.91748 0.07617 0.07324
0 0.31445 0.68652 0.07617 0.06641
0 0.24121 0.74902 0.06055 0.05273
0 0.31689 0.81934 0.05566 0.05078
0 0.35742 0.74707 0.09375 0.07422
0 0.42676 0.68359 0.08203 0.06641
0 0.43164 0.77881 0.07422 0.07324
0 0.52441 0.75049 0.06055 0.07324
0 0.55322 0.78809 0.07129 0.07812
0 0.69482 0.81104 0.13379 0.09277
0 0.96436 0.75439 0.07129 0.08691
0 0.91748 0.83154 0.08105 0.08301
0 0.89307 0.87598 0.06738 0.06445
0 0.05469 0.45557 0.08594 0.07715
0 0.16162 0.44482 0.08887 0.09082
0 0.07324 0.39502 0.05859 0.05762
0 0.03564 0.28174 0.07129 0.07324
0 0.32227 0.23633 0.08008 0.08398
0 0.62744 0.23779 0.08301 0.07324
0 0.64307 0.32666 0.06738 0.1084
0 0.73438 0.40088 0.04883 0.05957
0 0.68213 0.48389 0.0752 0.07715
0 0.87939 0.43555 0.08105 0.12891
0 0.98438 0.47656 0.03125 0.08398
0 0.93896 0.31543 0.08691 0.07812
0 0.86035 0.20557 0.07812 0.12402
0 0.48535 0.16895 0.05859 0.06641
0 0.43555 0.11816 0.05859 0.06055
0 0.26953 0.98291 0.08203 0.03418
0 0.19385 0.1416 0.08496 0.08398
0 0.29346 0.02246 0.06738 0.04492
