0 0.01807 0.69287 0.03613 0.1084
0 0.06592 0.8457 0.13184 0.0957
0 0.01074 0.22705 0.02148 0.0791
0 0.03467 0.35254 0.06152 0.03711
0 0.12012 0.36572 0.08008 0.0791
0 0.05273 0.31299 0.04688 0.04785
0 0.20605 0.33496 0.06836 0.05273
0 0.20557 0.14795 0.06738 0.0498
0 0.21875 0.07861 0.04102 0.08301
0 0.04639 0.16699 0.08691 0.05664
0 0.25977 0.01221 0.05859 0.02441
0 0.35791 0.02783 0.07324 0.05566
0 0.81104 0.04688 0.06738 0.09375
0 0.67236 0.06738 0.05762 0.08789
0 0.5957 0.11816 0.13672 0.07812
0 0.271 0.17334 0.08691 0.0498
0 0.44043 0.17969 0.05664 0.04883
0 0.55127 0.18066 0.2002 0.0625
0 0.50977 0.23096 0.10547 0.05176
0 0.47363 0.27246 0.13281 0.08594
0 0.30762 0.27588 0.05469 0.0498
0 0.3335 0.35156 0.11426 0.07422
0 0.46875 0.37012 0.16992 0.09766
0 0.61475 0.36572 0.0459 0.05566
0 0.63086 0.30664 0.06836 0.05469
0 0.72754 0.33154 0.05273 0.06738
0 0.74219 0.21387 0.09961 0.07812
0 0.85254 0.21826 0.11719 0.06348
0 0.87354 0.14355 0.06348 0.05078
0 0.89453 0.44141 0.07812 0.10156
0 0.9541 0.43896 0.05078 0.05371
0 0.77881 0.43066 0.06738 0.05273
0 0.65576 0.47314 0.0752 0.04395
0 0.47852 0.45068 0.10156 0.0498
0 0.37939 0.46191 0.06348 0.04883
0 0.31885 0.44678 0.06738 0.07715
0 0.28174 0.5459 0.07324 0.06055
0 0.43652 0.51318 0.05078 0.04785
0 0.71338 0.50781 0.0752 0.06445
0 0.79492 0.51221 0.08789 0.09863
0 0.71631 0.69727 0.08105 0.05664
0 0.63184 0.73828 0.07031 0.08984
0 0.44141 0.65479 0.06836 0.06934
0 0.73975 0.77783 0.10059 0.05566
0 0.86279 0.76465 0.12402 0.05469
0 0.91846 0.73828 0.08105 0.05078
0 0.91016 0.90527 0.15039 0.15039
0 0.8042 0.9585 0.06152 0.08301
0 0.67627 0.89844 0.1709 0.08789
0 0.38379 0.84375 0.05664 0.0625
0 0.30811 0.94482 0.13574 0.0752
0 0.43066 0.95752 0.08008 0.08496
0 0.49072 0.90723 0.06152 0.05859
0 0.76367 0.53662 0.1582 0.08496
0 0.58154 0.43066 0.08496 0.07227
