0 0.80371 0.89697 0.11328 0.07715
0 0.15674 0.57324 0.14941 0.09375
0 0.88184 0.7998 0.09375 0.07422
0 0.84424 0.95508 0.12988 0.08594
0 0.39307 0.49072 0.1416 0.20996
0 0.03516 0.05176 0.07031 0.10352
0 0.76172 0.10596 0.13477 0.09473
0 0.26074 0.43652 0.21484 0.10547
0 0.97217 0.6001 0.05566 0.13574
0 0.40527 0.61377 0.21484 0.10059
0 0.64355 0.55957 0.18945 0.10742
0 0.77979 0.63037 0.12012 0.17676
0 0.29688 0.2041 0.17969 0.11328
0 0.67334 0.29688 0.16309 0.14648
0 0.35547 0.91992 0.08203 0.16016
0 0.95459 0.15527 0.08691 0.22656
0 0.31543 0.33008 0.25586 0.0957
0 0.04004 0.6709 0.07812 0.08594
0 0.15625 0.49316 0.12305 0.05469
0 0.04004 0.44238 0.07812 0.10547
