0 0.41357 0.33984 0.11035 0.10742
0 0.04443 0.58252 0.08887 0.0791
0 0.20752 0.25098 0.15332 0.07422
0 0.19629 0.76367 0.13672 0.06055
0 0.40771 0.02637 0.12598 0.05273
0 0.25977 0.83447 0.16406 0.10449
0 0.93604 0.37695 0.11035 0.07812
0 0.56055 0.54785 0.16797 0.13281
0 0.17676 0.39307 0.17188 0.1123
0 0.74756 0.88623 0.25879 0.1084
0 0.04688 0.97168 0.09375 0.05664
0 0.32275 0.3584 0.13574 0.1875
0 0.97217 0.62012 0.05566 0.11133
0 0.42285 0.53076 0.10352 0.08691
0 0.13184 0.80713 0.20703 0.12598
0 0.26318 0.19922 0.16504 0.10938
0 0.16406 0.66846 0.1875 0.18262
0 0.96338 0.79834 0.07324 0.07715
0 0.82764 0.27832 0.16309 0.10352
0 0.40918 0.1001 0.10938 0.07324
0 0.47607 0.69775 0.17676 0.08105
0 0.9585 0.04346 0.08301 0.08691
0 0.66943 0.98145 0.10645 0.03711
0 0.31836 0.02441 0.0918 0.04883
0 0.94336 0.49902 0.10352 0.17578
0 0.89697 0.09277 0.20215 0.14062
0 0.06738 0.89111 0.13477 0.0791
0 0.84766 0.3374 0.13672 0.07129
0 0.53223 0.94141 0.06641 0.11719
0 0.44678 0.59863 0.15137 0.08789
0 0.8877 0.53369 0.11719 0.08105
0 0.74854 0.56543 0.16895 0.07227
0 0.64697 0.53223 0.11035 0.06836
0 0.33496 0.47168 0.11328 0.09375
0 0.10742 0.18945 0.08398 0.06445
0 0.17676 0.12891 0.08594 0.06836
