0 0.25195 0.60107 0.14258 0.11035
0 0.7373 0.8252 0.125 0.07031
0 0.23096 0.33301 0.12793 0.11523
0 0.04492 0.47656 0.08984 0.09766
0 0.14795 0.7583 0.1123 0.10254
0 0.7334 0.57373 0.20312 0.13574
0 0.83154 0.01953 0.12988 0.03906
0 0.08838 0.59082 0.09277 0.10742
0 0.93945 0.90576 0.11523 0.11816
0 0.95361 0.49561 0.09277 0.09277
0 0.93994 0.1499 0.12012 0.1748
0 0.53516 0.10791 0.15039 0.10059
0 0.45312 0.05957 0.16016 0.10156
0 0.95361 0.67676 0.09277 0.10742
0 0.96191 0.38916 0.07617 0.09277
0 0.74512 0.57031 0.21289 0.11523
