0 0.40137 0.40723 0.07812 0.06641
0 0.15527 0.96289 0.05273 0.07422
0 0.38428 0.19629 0.06934 0.08203
0 0.55908 0.01123 0.0459 0.02246
0 0.91162 0.5166 0.10645 0.19336
0 0.11914 0.8291 0.14648 0.07422
0 0.27002 0.30811 0.13379 0.17676
0 0.62891 0.37695 0.14648 0.10352
0 0.24072 0.41504 0.15332 0.09375
0 0.3916 0.35986 0.12109 0.07324
0 0.73438 0.28027 0.09375 0.11328
0 0.3999 0.43701 0.12402 0.11621
0 0.23584 0.48535 0.1709 0.06445
0 0.50488 0.52002 0.14648 0.10059
0 0.89795 0.74219 0.13379 0.11133
0 0.49268 0.41357 0.09082 0.11035
0 0.45215 0.88672 0.12891 0.11719
0 0.4707 0.28418 0.13086 0.19727
0 0.66748 0.87793 0.12598 0.16797
0 0.90332 0.80469 0.19336 0.07812
0 0.0835 0.93018 0.12402 0.1377
0 0.63525 0.4834 0.06348 0.07812
0 0.80029 0.10547 0.10059 0.09375
0 0.04199 0.08301 0.08398 0.10742
0 0.26367 0.96191 0.12109 0.07617
0 0.03027 0.00098 0.06055 0.00195
0 0.38428 0.52686 0.09473 0.08887
0 0.12646 0.77832 0.16309 0.04102
0 0.38916 0.74268 0.16895 0.11426
0 0.37842 0.71387 0.14746 0.08203
0 0.25049 0.7749 0.15723 0.10645
0 0.25488 0.72266 0.11523 0.17773
0 0.22266 0.65723 0.11914 0.21875
0 0.31201 0.64307 0.11426 0.08887
0 0.30518 0.62061 0.05176 0.15527
0 0.29004 0.52637 0.08594 0.07031
0 0.01514 0.30762 0.03027 0.08008
0 0.56982 0.69336 0.07129 0.05078
0 0.58398 0.31836 0.0293 0.05078
