0 0.92334 0.71924 0.11816 0.09473
0 0.78174 0.55078 0.0752 0.08203
0 0.18652 0.31738 0.09375 0.10547
0 0.94336 0.37939 0.0918 0.06543
0 0.11816 0.8208 0.07227 0.10254
0 0.29785 0.08691 0.07031 0.09766
0 0.79346 0.37695 0.08301 0.09961
0 0.65674 0.12451 0.06934 0.10059
0 0.19922 0.68408 0.06445 0.08301
0 0.56348 0.65869 0.08789 0.10254
0 0.57178 0.45361 0.09473 0.15723
0 0.68018 0.24609 0.05371 0.10742
0 0.69922 0.84668 0.07227 0.07031
0 0.07568 0.09863 0.05762 0.09961
0 0.13574 0.97217 0.12305 0.05566
0 0.07031 0.53027 0.05859 0.08008
0 0.63721 0.74219 0.05957 0.08984
0 0.54102 0.5083 0.0625 0.06738
0 0.63623 0.96533 0.06738 0.06738
0 0.69385 0.09912 0.04785 0.05566
0 0.74316 0.03076 0.05859 0.05762
