0 0.33594 0.31445 0.12305 0.12695
0 0.48438 0.36133 0.10547 0.17578
0 0.52539 0.55762 0.0918 0.18164
0 0.56006 0.66309 0.15332 0.07031
0 0.70508 0.64355 0.18164 0.11719
0 0.63525 0.5293 0.08301 0.0918
0 0.63867 0.48047 0.11914 0.07617
0 0.91895 0.13477 0.14648 0.11914
0 0.18994 0.14746 0.10449 0.16406
0 0.05127 0.20996 0.10254 0.0957
0 0.10742 0.28467 0.11914 0.15137
0 0.16309 0.60205 0.19336 0.14355
0 0.04102 0.51514 0.08203 0.1123
0 0.01855 0.60107 0.03711 0.11035
0 0.30713 0.76562 0.07715 0.08984
0 0.29541 0.87891 0.08105 0.12305
0 0.15723 0.94043 0.08594 0.09375
0 0.07178 0.96045 0.10645 0.0791
0 0.0708 0.88477 0.0791 0.06445
0 0.44727 0.79834 0.12305 0.1123
0 0.55908 0.8667 0.2373 0.14551
0 0.45166 0.95996 0.14746 0.08008
0 0.81152 0.94824 0.20508 0.10352
0 0.94727 0.73975 0.08984 0.0752
0 0.51416 0.04297 0.10645 0.08594
0 0.3208 0.09521 0.08691 0.0752
