0 0.04297 0.32861 0.08594 0.09668
0 0.10547 0.21533 0.14258 0.07715
0 0.41895 0.06982 0.14258 0.0791
0 0.55029 0.11084 0.08691 0.07715
0 0.74023 0.03564 0.14648 0.05957
0 0.78418 0.10352 0.08398 0.07227
0 0.95068 0.08691 0.08301 0.09766
0 0.93994 0.19189 0.07715 0.06152
0 0.72021 0.28369 0.07715 0.08105
0 0.50635 0.42285 0.0791 0.1582
0 0.95068 0.33789 0.09863 0.08789
0 0.96924 0.51514 0.06152 0.10059
0 0.90332 0.67334 0.07031 0.0752
0 0.71436 0.71094 0.0752 0.06445
0 0.81006 0.62451 0.08301 0.11426
0 0.79492 0.72559 0.07812 0.06055
0 0.28613 0.64258 0.10352 0.07812
0 0.40234 0.5791 0.09766 0.07812
0 0.0459 0.56494 0.0918 0.06152
0 0.30811 0.77148 0.0791 0.07422
0 0.12842 0.97852 0.07715 0.04297
0 0.25146 0.89502 0.09277 0.09473
0 0.36816 0.9585 0.10547 0.08301
0 0.58301 0.9834 0.09766 0.0332
0 0.58838 0.91406 0.07715 0.07422
0 0.64111 0.82275 0.09863 0.07715
0 0.88232 0.96582 0.08887 0.06836
0 0.02393 0.20264 0.04785 0.09277
0 0.83789 0.44971 0.07422 0.12012
0 0.54346 0.68848 0.08691 0.0957
