0 0.30713 0.79102 0.06152 0.08984
0 0.79346 0.23535 0.0498 0.08203
0 0.49463 0.83398 0.05176 0.07422
0 0.60254 0.51709 0.06836 0.06934
0 0.09473 0.02539 0.09961 0.04883
0 0.94922 0.51221 0.04688 0.1377
0 0.50635 0.21533 0.0459 0.0752
0 0.26758 0.65332 0.08008 0.04688
0 0.39551 0.31738 0.05859 0.11133
0 0.44141 0.39062 0.06836 0.07031
0 0.08984 0.89404 0.07617 0.10645
0 0.25195 0.48828 0.12891 0.12891
0 0.80908 0.04053 0.04004 0.08105
0 0.22607 0.89502 0.09277 0.05176
0 0.39062 0.90186 0.10938 0.04785
0 0.34082 0.25439 0.05273 0.07715
0 0.8252 0.63965 0.06641 0.10352
0 0.06445 0.82666 0.12891 0.09473
0 0.86914 0.49365 0.05078 0.10449
0 0.86328 0.31982 0.06641 0.06934
0 0.58936 0.95898 0.1416 0.08203
0 0.54443 0.44922 0.02832 0.07617
0 0.83496 0.60205 0.04688 0.07129
0 0.49609 0.65283 0.05273 0.0791
0 0.89893 0.03662 0.04199 0.07324
0 0.74561 0.625 0.10254 0.08203
0 0.35596 0.60498 0.05176 0.06934
0 0.01514 0.91846 0.03027 0.05371
0 0.229 0.27881 0.05371 0.06738
0 0.71826 0.55078 0.0752 0.07812
0 0.42773 0.15234 0.03906 0.1582
0 0.4502 0.72656 0.10742 0.03906
0 0.20898 0.78271 0.06445 0.0498
0 0.98193 0.93457 0.03223 0.07617
0 0.48828 0.51172 0.05078 0.0918
0 0.88525 0.6875 0.08496 0.04102
0 0.09912 0.60889 0.06543 0.0498
0 0.73779 0.07715 0.04004 0.07617
0 0.88232 0.07812 0.04004 0.06445
0 0.70068 0.04443 0.03809 0.07715
0 0.05566 0.62354 0.06445 0.04395
0 0.73584 0.64258 0.05176 0.08008
0 0.88867 0.79541 0.0293 0.07129
0 0.29004 0.63281 0.05859 0.05664
0 0.24268 0.83789 0.05957 0.0625
0 0.30811 0.47266 0.02832 0.12305
0 0.51172 0.94873 0.05078 0.06348
0 0.31592 0.29834 0.12012 0.06934
0 0.19189 0.94482 0.11621 0.07324
0 0.75732 0.88232 0.02832 0.09277
0 0.13428 0.979 0.04004 0.04199
0 0.5376 0.83545 0.02832 0.09277
0 0.28564 0.09814 0.06738 0.0498
0 0.91211 0.33057 0.05469 0.05176
0 0.60742 0.61279 0.04297 0.09082
0 0.51709 0.65186 0.06152 0.07715
0 0.64453 0.63037 0.02539 0.06152
0 0.30518 0.98291 0.04395 0.03418
0 0.48047 0.28223 0.0332 0.05664
0 0.02539 0.58887 0.04102 0.06445
0 0.37549 0.86914 0.03223 0.05859
0 0.83545 0.02295 0.02637 0.0459
0 0.50537 0.38525 0.07129 0.02832
0 0.94385 0.26074 0.10254 0.04297
0 0.56543 0.86914 0.06055 0.04297
0 0.2124 0.01514 0.03613 0.03027
0 0.80029 0.99023 0.05176 0.01953
0 0.08228 0.76338 0.05322 0.08848
0 0.73242 0.77148 0.03906 0.03711
0 0.78711 0.93994 0.05469 0.04004
0 0.36523 0.15186 0.04688 0.06543
0 0.66064 0.31738 0.0459 0.04688
0 0.625 0.41113 0.04297 0.05078
0 0.52734 0.90576 0.05273 0.03613
0 0.58789 0.32324 0.05078 0.03711
0 0.78467 0.55908 0.07715 0.04395
0 0.68457 0.53809 0.0625 0.04492
0 0.12793 0.12695 0.0332 0.06055
0 0.9624 0.30176 0.04004 0.05859
0 0.021 0.99512 0.04199 0.00977
0 0.25146 0.07666 0.03809 0.06934
0 0.59717 0.5835 0.07324 0.05566
0 0.9292 0.01465 0.02832 0.0293
0 0.01855 0.03906 0.03711 0.0332
0 0.4707 0.35107 0.04102 0.03613
0 0.61279 0.33252 0.06543 0.06934
0 0.60059 0.59814 0.06445 0.0791
