0 0.3335 0.02539 0.09668 0.05078
0 0.28467 0.10791 0.09863 0.07129
0 0.15088 0.16602 0.08105 0.06836
0 0.04541 0.16504 0.08301 0.07812
0 0.28369 0.28125 0.07715 0.08984
0 0.50879 0.05713 0.07422 0.10059
0 0.64941 0.10889 0.07422 0.06543
0 0.64941 0.03809 0.08008 0.05078
0 0.771 0.02051 0.07715 0.04102
0 0.89551 0.13916 0.09766 0.08105
0 0.26562 0.48291 0.07812 0.07129
0 0.38525 0.34912 0.06543 0.07324
0 0.47754 0.41553 0.0625 0.07324
0 0.44727 0.3667 0.06641 0.08301
0 0.16406 0.67285 0.05664 0.11328
0 0.09717 0.7373 0.11426 0.0918
0 0.21143 0.75098 0.1084 0.0625
0 0.22314 0.93604 0.07715 0.11816
0 0.30518 0.7793 0.07715 0.08398
0 0.4751 0.79639 0.0752 0.0791
0 0.37207 0.80957 0.08008 0.06055
0 0.35693 0.92871 0.1123 0.07617
0 0.52588 0.91992 0.09473 0.06055
0 0.44141 0.97217 0.14648 0.05566
0 0.73682 0.9751 0.06543 0.0498
0 0.6377 0.86182 0.08398 0.06152
0 0.6499 0.91211 0.06152 0.05664
0 0.5752 0.71484 0.06641 0.10352
0 0.65332 0.80029 0.07422 0.07129
0 0.68311 0.7124 0.08887 0.06934
0 0.81494 0.66553 0.0791 0.08691
0 0.75146 0.68506 0.05566 0.08887
0 0.79102 0.7832 0.07227 0.06641
0 0.74023 0.77393 0.07031 0.08105
0 0.25635 0.56494 0.06152 0.06152
0 0.46436 0.53564 0.1416 0.08105
0 0.62842 0.40186 0.0791 0.07715
0 0.67725 0.36279 0.07715 0.05371
0 0.70312 0.41455 0.07812 0.06348
0 0.68262 0.49219 0.06641 0.07227
0 0.71436 0.30713 0.07715 0.06543
0 0.80664 0.37207 0.07227 0.07422
0 0.83594 0.32373 0.05859 0.06934
0 0.92334 0.35596 0.05371 0.09277
0 0.97607 0.30469 0.04785 0.06836
0 0.87744 0.46143 0.05957 0.06348
0 0.97803 0.51367 0.04395 0.05664
0 0.91797 0.67285 0.06836 0.08398
0 0.97559 0.71826 0.04883 0.08105
0 0.93799 0.77832 0.11426 0.07812
0 0.89014 0.86621 0.0752 0.07227
0 0.979 0.96777 0.04004 0.05859
0 0.84131 0.93994 0.05371 0.07129
0 0.89893 0.93848 0.0752 0.06641
0 0.03711 0.81689 0.07422 0.06543
0 0.93799 0.47656 0.05566 0.05859
0 0.38037 0.28613 0.06348 0.06641
0 0.19971 0.86572 0.09668 0.08301
0 0.5415 0.12158 0.08301 0.09082
0 0.0332 0.52393 0.06641 0.10059
0 0.40723 0.41895 0.08984 0.07812
0 0.71484 0.2251 0.08594 0.08496
0 0.4165 0.77979 0.07324 0.0752
0 0.23877 0.61816 0.07129 0.12305
0 0.02832 0.75928 0.05664 0.05176
0 0.75293 0.85986 0.11914 0.05762
0 0.44043 0.03467 0.06055 0.05371
