0 0.29297 0.88867 0.10938 0.08984
0 0.08496 0.8418 0.06641 0.09961
0 0.04688 0.99121 0.09375 0.01758
0 0.12939 0.73193 0.08301 0.09277
0 0.1543 0.81689 0.08203 0.05371
0 0.21875 0.62158 0.08398 0.05957
0 0.39258 0.66113 0.07812 0.09961
0 0.41113 0.54297 0.09961 0.11719
0 0.48584 0.55225 0.05762 0.05566
0 0.21631 0.43311 0.07129 0.0791
0 0.50439 0.36328 0.09473 0.0957
0 0.4751 0.24854 0.08691 0.09082
0 0.40625 0.77881 0.08594 0.07324
0 0.56592 0.82178 0.09473 0.09082
0 0.7168 0.95654 0.07031 0.08691
0 0.92139 0.98438 0.05957 0.03125
0 0.95459 0.82129 0.09082 0.12891
0 0.80859 0.70166 0.10938 0.06934
0 0.67432 0.66895 0.07715 0.08008
0 0.8999 0.60498 0.08496 0.08887
0 0.68506 0.48486 0.08301 0.07129
0 0.87256 0.43896 0.06543 0.09082
0 0.94385 0.43066 0.06934 0.13867
0 0.81201 0.14746 0.08691 0.11523
0 0.67627 0.12305 0.07324 0.11523
0 0.62646 0.21045 0.0498 0.08691
0 0.5918 0.10254 0.05664 0.07422
0 0.95361 0.12744 0.09277 0.12402
0 0.28613 0.11572 0.0957 0.05566
0 0.27295 0.22852 0.08105 0.08008
0 0.18408 0.28711 0.06934 0.07422
0 0.04541 0.33838 0.06934 0.08105
0 0.05322 0.20557 0.08105 0.06543
0 0.08887 0.09766 0.08594 0.0957
0 0.06982 0.01514 0.10059 0.03027
0 0.7915 0.03271 0.08105 0.06543
0 0.31299 0.46338 0.05566 0.09668
0 0.41748 0.03467 0.21777 0.06934
