0 0.87354 0.17676 0.1123 0.11523
0 0.08301 0.15576 0.13477 0.12207
0 0.7124 0.57715 0.08496 0.10547
0 0.70703 0.22607 0.07422 0.1377
0 0.85693 0.06152 0.15918 0.10547
0 0.81934 0.40918 0.15039 0.11523
0 0.9707 0.3877 0.05859 0.0957
0 0.06445 0.30566 0.125 0.08789
0 0.03125 0.00098 0.0625 0.00195
0 0.82715 0.49609 0.0957 0.0625
0 0.74854 0.70703 0.10254 0.10938
0 0.59961 0.08838 0.07031 0.07324
0 0.78467 0.21436 0.06543 0.08496
0 0.6958 0.33838 0.15332 0.12793
0 0.6665 0.43115 0.07715 0.11426
0 0.94922 0.24561 0.08984 0.07715
0 0.06836 0.34961 0.08203 0.08008
0 0.03516 0.68994 0.07031 0.0752
0 0.95361 0.65479 0.09277 0.0752
0 0.77295 0.57715 0.09277 0.09961
0 0.95703 0.18213 0.08594 0.12012
0 0.87744 0.60254 0.08301 0.08789
0 0.72949 0.46143 0.07812 0.10645
