0 0.0293 0.01172 0.05859 0.02344
0 0.20654 0.03223 0.07715 0.05859
0 0.0166 0.47461 0.0332 0.07227
0 0.10547 0.52148 0.11328 0.10742
0 0.0625 0.43018 0.05273 0.06543
0 0.04395 0.76514 0.08789 0.12988
0 0.01465 0.91699 0.0293 0.07227
0 0.05469 0.88428 0.03906 0.0498
0 0.12695 0.93359 0.10156 0.10547
0 0.23682 0.51172 0.10645 0.09766
0 0.33838 0.49658 0.06738 0.06348
0 0.18066 0.42969 0.07422 0.08008
0 0.21924 0.37012 0.06934 0.04883
0 0.17773 0.29297 0.06641 0.05664
0 0.11621 0.25244 0.05469 0.18066
0 0.03906 0.28369 0.05273 0.04785
0 0.37012 0.26221 0.09766 0.08105
0 0.40186 0.15527 0.04785 0.05273
0 0.48877 0.24414 0.08105 0.07617
0 0.48877 0.3125 0.16699 0.06836
0 0.64209 0.25732 0.12598 0.05371
0 0.61475 0.20117 0.1084 0.04883
0 0.57178 0.08545 0.1123 0.06934
0 0.78076 0.11621 0.09863 0.07031
0 0.76709 0.28516 0.12793 0.06055
0 0.75879 0.40039 0.0625 0.06055
0 0.52344 0.55078 0.0957 0.08398
0 0.57227 0.60107 0.14844 0.04004
0 0.53125 0.64453 0.06055 0.04297
0 0.64209 0.66211 0.12988 0.06836
0 0.75244 0.59424 0.16309 0.12793
0 0.5459 0.78906 0.07422 0.07031
0 0.34961 0.87158 0.07422 0.05957
0 0.31934 0.97119 0.07812 0.05762
0 0.43506 0.89941 0.06934 0.07227
0 0.51074 0.88672 0.08398 0.06836
0 0.52197 0.94336 0.1377 0.06445
0 0.6709 0.92627 0.14844 0.1084
0 0.75342 0.79688 0.13379 0.08398
0 0.85254 0.97461 0.07422 0.05078
0 0.96484 0.90625 0.07031 0.12695
0 0.95459 0.6377 0.09082 0.11133
0 0.91064 0.49219 0.06934 0.06641
0 0.84424 0.35303 0.0752 0.1123
0 0.88721 0.31787 0.07715 0.08105
0 0.95996 0.44873 0.08008 0.12402
0 0.97021 0.17188 0.05957 0.08789
0 0.93604 0.10059 0.11035 0.04102
0 0.71826 0.02539 0.12988 0.05078
0 0.12061 0.85693 0.07715 0.06152
