0 0.95117 0.1123 0.09766 0.08984
0 0.93994 0.7583 0.12012 0.07324
0 0.40332 0.21973 0.0918 0.10547
0 0.09424 0.19922 0.18457 0.12305
0 0.13232 0.08594 0.16504 0.07812
0 0.33594 0.38086 0.07812 0.09766
0 0.96729 0.40723 0.06543 0.125
0 0.87793 0.62939 0.0625 0.05957
0 0.74951 0.81689 0.06934 0.06934
0 0.70947 0.09229 0.0752 0.09473
0 0.90332 0.0459 0.12695 0.08789
0 0.25586 0.8374 0.12305 0.0752
0 0.47949 0.89111 0.08203 0.05762
0 0.4458 0.55957 0.06738 0.13086
0 0.16699 0.78076 0.07422 0.06738
0 0.25586 0.33105 0.07812 0.11719
0 0.77344 0.6709 0.14258 0.11719
0 0.7207 0.34961 0.08789 0.15039
0 0.72705 0.58203 0.26074 0.11523
0 0.92969 0.50488 0.14062 0.13477
0 0.53467 0.77441 0.22949 0.11523
0 0.8418 0.79297 0.125 0.15234
0 0.68701 0.88037 0.05566 0.05762
0 0.771 0.24951 0.34277 0.09473
0 0.22705 0.43457 0.06543 0.09961
0 0.7998 0.50098 0.05469 0.0625
0 0.4834 0.67188 0.13281 0.08984
0 0.80176 0.55811 0.08984 0.06738
0 0.76318 0.94873 0.05762 0.10254
0 0.56592 0.63818 0.17285 0.16309
0 0.93213 0.30029 0.06543 0.13574
0 0.59961 0.68994 0.10938 0.08496
0 0.13184 0.90039 0.14453 0.1875
0 0.91699 0.41846 0.06445 0.05762
0 0.25586 0.58789 0.24805 0.27734
0 0.36572 0.77441 0.08691 0.18555
0 0.52051 0.37842 0.19727 0.08301
0 0.07324 0.65234 0.12695 0.25977
0 0.05078 0.43701 0.09766 0.10059
0 0.97852 0.95215 0.04297 0.08789
0 0.94189 0.22217 0.05566 0.0498
0 0.56055 0.93115 0.09766 0.1377
0 0.66211 0.32715 0.05469 0.0957
0 0.8833 0.9375 0.07715 0.125
0 0.30566 0.95215 0.0918 0.0957
0 0.35205 0.91943 0.06934 0.08496
0 0.49707 0.73193 0.06445 0.10449
0 0.75488 0.73682 0.13477 0.10449
0 0.10693 0.67822 0.09473 0.09668
0 0.92725 0.82031 0.11035 0.0625
0 0.16699 0.45215 0.07031 0.125
0 0.03369 0.13232 0.06543 0.05176
0 0.04053 0.78223 0.07715 0.06055
0 0.34717 0.6333 0.18066 0.05762
0 0.22559 0.646 0.05273 0.06738
0 0.32227 0.58838 0.125 0.09277
0 0.19434 0.57861 0.09961 0.09277
0 0.10449 0.97217 0.125 0.05566
0 0.28711 0.85352 0.06445 0.04297
0 0.83984 0.58447 0.04492 0.0498
0 0.97168 0.45312 0.04492 0.0625
0 0.75684 0.94189 0.11523 0.05957
0 0.88477 0.80615 0.07031 0.1123
0 0.81689 0.84961 0.06934 0.07422
