0 0.93457 0.87695 0.13086 0.10547
0 0.7334 0.01367 0.13281 0.02734
0 0.28711 0.31104 0.09766 0.09473
0 0.96973 0.03125 0.06055 0.0625
0 0.60059 0.94727 0.10742 0.10547
0 0.20947 0.16309 0.11426 0.09766
0 0.43799 0.21289 0.12988 0.09766
0 0.83594 0.25049 0.11719 0.07715
0 0.96582 0.78076 0.06836 0.09277
0 0.89941 0.73193 0.10938 0.06543
0 0.66064 0.62793 0.05762 0.07227
0 0.5957 0.75195 0.10742 0.10938
0 0.146 0.65869 0.1123 0.10254
0 0.93213 0.50342 0.0752 0.08691
0 0.09814 0.20947 0.06738 0.06543
0 0.6543 0.39697 0.11523 0.09473
0 0.21826 0.80811 0.08301 0.08691
0 0.68701 0.55322 0.0791 0.07715
0 0.71924 0.45557 0.0752 0.08301
0 0.51953 0.66455 0.08594 0.09473
0 0.70947 0.11426 0.08496 0.09961
0 0.07715 0.57861 0.07031 0.05762
0 0.81836 0.40479 0.0918 0.08496
0 0.23096 0.04053 0.08691 0.07715
0 0.28467 0.07617 0.08496 0.0625
0 0.03711 0.10693 0.07031 0.05957
0 0.19434 0.35938 0.06445 0.06445
0 0.79834 0.18066 0.09277 0.14258
0 0.89062 0.13818 0.08203 0.12793
