0 0.54932 0.59424 0.04395 0.09277
0 0.47949 0.19141 0.07422 0.09375
0 0.16113 0.19873 0.0957 0.06543
0 0.45654 0.60645 0.07715 0.09375
0 0.50098 0.08496 0.08008 0.07422
0 0.26465 0.5293 0.10156 0.08398
0 0.47461 0.54688 0.06836 0.0918
0 0.73389 0.46533 0.09863 0.07324
0 0.10889 0.92578 0.06738 0.05469
0 0.26611 0.95215 0.09082 0.07812
0 0.32227 0.85889 0.06445 0.07129
0 0.2334 0.14404 0.06055 0.06738
0 0.44775 0.89551 0.08301 0.08789
0 0.13135 0.27734 0.0752 0.04883
0 0.62549 0.89893 0.06543 0.05957
0 0.98047 0.51855 0.03906 0.06836
0 0.14111 0.76465 0.09082 0.08398
0 0.37158 0.68945 0.11816 0.05273
0 0.20605 0.8877 0.08008 0.05273
0 0.75977 0.53662 0.08789 0.05566
0 0.86816 0.88672 0.04492 0.06836
0 0.39648 0.52002 0.10156 0.09668
0 0.23682 0.2998 0.05371 0.0625
0 0.64502 0.08789 0.08301 0.04102
0 0.01514 0.85938 0.03027 0.05664
0 0.6748 0.96289 0.07422 0.04688
0 0.85254 0.7251 0.07227 0.06152
0 0.44287 0.47803 0.10449 0.05566
0 0.27051 0.61621 0.10547 0.04883
0 0.7251 0.75146 0.11426 0.06348
0 0.30908 0.22852 0.05371 0.0332
0 0.69971 0.59277 0.03223 0.06641
0 0.84961 0.94434 0.05469 0.04102
0 0.75537 0.18604 0.04785 0.05371
0 0.77881 0.97217 0.06543 0.04199
0 0.8208 0.28223 0.05371 0.0293
0 0.38965 0.44775 0.0957 0.08105
0 0.97461 0.83887 0.05078 0.02734
0 0.67822 0.68428 0.09277 0.03574
0 0.33789 0.73828 0.06641 0.02344
0 0.78955 0.10156 0.0459 0.03906
0 0.37354 0.33008 0.13379 0.06445
0 0.41943 0.84717 0.0752 0.02832
0 0.22266 0.96973 0.04883 0.06055
0 0.77344 0.63135 0.11523 0.04004
0 0.89844 0.52246 0.05078 0.0332
0 0.37451 0.59424 0.10254 0.0166
0 0.22217 0.35693 0.05566 0.02441
0 0.45215 0.71826 0.02734 0.05566
0 0.74219 0.28223 0.05664 0.02344
0 0.46826 0.81982 0.06543 0.05566
0 0.49121 0.6792 0.07227 0.03223
0 0.18066 0.90918 0.06445 0.07227
0 0.63135 0.62891 0.02637 0.04883
0 0.62012 0.4458 0.08594 0.08105
0 0.87939 0.88672 0.0459 0.0625
0 0.85791 0.60547 0.06543 0.04492
0 0.55078 0.39209 0.0918 0.0498
0 0.96143 0.81006 0.03809 0.04199
0 0.02246 0.85986 0.04492 0.04785
0 0.44189 0.77002 0.11621 0.04395
0 0.59668 0.4292 0.13086 0.11035
0 0.67139 0.01709 0.15137 0.03418
0 0.48389 0.87451 0.03223 0.05762
0 0.97119 0.17773 0.05762 0.06055
0 0.95117 0.90186 0.05078 0.02246
0 0.78564 0.6001 0.09668 0.07129
0 0.66309 0.62158 0.07031 0.0752
0 0.125 0.87305 0.11719 0.08789
0 0.97559 0.95264 0.04883 0.06543
0 0.52539 0.49219 0.06836 0.03711
0 0.28174 0.08984 0.06348 0.05078
