0 0.05615 0.25439 0.06738 0.0752
0 0.48438 0.35449 0.13281 0.05469
0 0.33887 0.56934 0.07422 0.0625
0 0.36182 0.51367 0.04395 0.08398
0 0.7168 0.18701 0.09375 0.05762
0 0.83691 0.95361 0.13867 0.07129
0 0.95361 0.14795 0.07129 0.08105
0 0.98145 0.97607 0.03711 0.0459
0 0.8291 0.30762 0.11328 0.03711
0 0.28955 0.82568 0.07324 0.0498
0 0.33594 0.12012 0.05078 0.08398
0 0.41504 0.47559 0.10547 0.09375
0 0.27734 0.61963 0.06836 0.05371
0 0.72559 0.2915 0.07031 0.06152
0 0.13965 0.18066 0.11914 0.08789
0 0.93896 0.42773 0.08691 0.04297
0 0.06934 0.43701 0.08789 0.06348
0 0.35156 0.79736 0.15234 0.06738
0 0.25586 0.30518 0.10938 0.08105
0 0.83496 0.06885 0.05664 0.05957
0 0.52051 0.2334 0.10156 0.05664
0 0.21484 0.45361 0.08594 0.05371
0 0.2002 0.52783 0.13281 0.09082
0 0.87207 0.52246 0.12109 0.05078
0 0.29883 0.48535 0.08789 0.05078
0 0.17383 0.14502 0.14648 0.06348
0 0.24219 0.229 0.11523 0.1123
0 0.66113 0.23438 0.08398 0.05859
0 0.18555 0.97314 0.0918 0.04004
0 0.96094 0.12451 0.07227 0.06348
0 0.04541 0.12256 0.06738 0.06934
0 0.97705 0.39502 0.0459 0.02832
0 0.2998 0.36963 0.11914 0.04785
0 0.63525 0.49365 0.0752 0.05957
0 0.47754 0.01904 0.04688 0.03613
0 0.91553 0.79883 0.06738 0.04688
0 0.94824 0.21533 0.08398 0.04395
0 0.49121 0.64014 0.14648 0.07324
0 0.5498 0.72803 0.08789 0.05371
0 0.604 0.18604 0.18262 0.04395
0 0.71191 0.71143 0.08203 0.06152
0 0.04443 0.61426 0.08887 0.04492
0 0.84375 0.27637 0.11328 0.04297
0 0.64941 0.71338 0.05664 0.03613
0 0.76514 0.46777 0.06934 0.03711
0 0.52539 0.28564 0.07031 0.03809
0 0.17725 0.30469 0.08887 0.02344
0 0.93311 0.24072 0.0791 0.04785
0 0.17529 0.24805 0.12012 0.03125
0 0.70459 0.95557 0.06348 0.08887
0 0.61084 0.64062 0.0498 0.03516
0 0.0166 0.38232 0.0332 0.07715
0 0.12012 0.70996 0.07617 0.04102
0 0.14209 0.03564 0.09863 0.06934
0 0.93848 0.97168 0.05469 0.05664
0 0.94043 0.93994 0.05664 0.05371
0 0.74707 0.08545 0.04102 0.04199
0 0.04834 0.01221 0.06738 0.02441
0 0.75293 0.23926 0.05859 0.02734
0 0.72754 0.14404 0.14648 0.03809
0 0.88623 0.45947 0.0498 0.04785
0 0.36914 0.90137 0.09961 0.04492
0 0.24365 0.51123 0.13379 0.0752
0 0.39844 0.87402 0.0918 0.04102
0 0.9248 0.20117 0.08594 0.05078
0 0.61035 0.14307 0.06641 0.03613
0 0.08789 0.57764 0.05469 0.03809
0 0.11475 0.54639 0.11816 0.04199
0 0.24561 0.82422 0.11621 0.08789
0 0.02441 0.68506 0.04883 0.05371
0 0.77783 0.61182 0.05762 0.05176
