0 0.04199 0.33203 0.08398 0.07812
0 0.15234 0.3291 0.05078 0.04883
0 0.10791 0.19482 0.04004 0.06543
0 0.09473 0.17529 0.10352 0.06934
0 0.07031 0.02588 0.11523 0.05176
0 0.2168 0.06641 0.0957 0.06445
0 0.33691 0.09131 0.03711 0.05371
0 0.21533 0.23926 0.06348 0.05273
0 0.22119 0.3418 0.05957 0.05469
0 0.36035 0.32227 0.05273 0.03906
0 0.34033 0.39551 0.06152 0.05859
0 0.42725 0.26025 0.07129 0.04199
0 0.44775 0.25293 0.03027 0.02148
0 0.47168 0.36572 0.03711 0.03223
0 0.56494 0.36523 0.03809 0.0332
0 0.56299 0.22168 0.08301 0.08203
0 0.57861 0.17676 0.06543 0.08984
0 0.63525 0.12549 0.12207 0.10254
0 0.77832 0.20605 0.05273 0.05273
0 0.71582 0.24756 0.03125 0.10254
0 0.88867 0.43262 0.04102 0.02148
0 0.89209 0.41211 0.03223 0.02539
0 0.91992 0.2417 0.07617 0.08301
0 0.83008 0.31982 0.0332 0.04004
0 0.91748 0.11084 0.03613 0.09668
0 0.91406 0.7959 0.05273 0.04688
0 0.91992 0.75488 0.07031 0.08398
0 0.66797 0.91895 0.03125 0.03711
0 0.65674 0.84668 0.07129 0.05078
0 0.72803 0.72998 0.0498 0.05566
0 0.64941 0.76318 0.05664 0.0459
0 0.62305 0.66504 0.03516 0.04883
0 0.63916 0.64893 0.03613 0.05371
0 0.46875 0.62891 0.07031 0.0625
0 0.53467 0.79102 0.03809 0.04688
0 0.49902 0.92871 0.03711 0.04492
0 0.41797 0.81494 0.04297 0.03613
0 0.3501 0.88184 0.03809 0.03516
0 0.35205 0.87109 0.06543 0.03125
0 0.36328 0.86328 0.07812 0.0293
0 0.26562 0.86523 0.05469 0.04883
0 0.28906 0.76855 0.05273 0.04297
0 0.30127 0.6709 0.03613 0.03516
0 0.19092 0.79199 0.0791 0.03516
0 0.11572 0.78125 0.02637 0.02734
0 0.14697 0.86377 0.04785 0.03418
0 0.1958 0.95068 0.04785 0.09668
