0 0.89941 0.02539 0.10352 0.05078
0 0.88574 0.14844 0.06055 0.06836
0 0.92334 0.24707 0.06543 0.08594
0 0.97363 0.48291 0.05273 0.06543
0 0.84717 0.77002 0.10059 0.08105
0 0.7959 0.87598 0.0918 0.08984
0 0.67871 0.5708 0.08984 0.1416
0 0.74707 0.50977 0.06445 0.08789
0 0.67334 0.81396 0.10254 0.06934
0 0.63281 0.87012 0.08008 0.0625
0 0.59766 0.9624 0.08398 0.0752
0 0.68457 0.93652 0.07227 0.07422
0 0.9707 0.86719 0.05859 0.08594
0 0.93262 0.97998 0.08594 0.04004
0 0.83691 0.97021 0.07812 0.05957
0 0.73291 0.95508 0.06543 0.08008
0 0.43262 0.83008 0.06836 0.07227
0 0.3916 0.88965 0.09766 0.08008
0 0.12549 0.97803 0.1709 0.04395
0 0.05469 0.88037 0.10938 0.08496
0 0.23828 0.95312 0.05859 0.07422
0 0.19434 0.90967 0.07227 0.08105
0 0.27246 0.88086 0.07812 0.07422
0 0.20312 0.82715 0.07031 0.07617
0 0.10645 0.74219 0.07812 0.08008
0 0.17285 0.72217 0.07227 0.08301
0 0.24854 0.72168 0.10254 0.10742
0 0.3584 0.73535 0.0625 0.06836
0 0.3125 0.80762 0.07422 0.07031
0 0.15234 0.04785 0.07227 0.0957
0 0.30859 0.04639 0.06641 0.06934
0 0.39258 0.25586 0.07617 0.0918
0 0.28613 0.34766 0.08008 0.06836
0 0.16309 0.43896 0.10352 0.14746
0 0.46924 0.43555 0.0752 0.07812
0 0.26367 0.52734 0.08203 0.07812
0 0.46973 0.36963 0.08008 0.06738
0 0.53271 0.31885 0.07715 0.11816
0 0.64014 0.05078 0.09473 0.08008
0 0.75195 0.01758 0.125 0.03516
0 0.73975 0.0791 0.06738 0.07422
0 0.95898 0.22021 0.06055 0.06738
0 0.08594 0.04346 0.0957 0.08691
0 0.69141 0.76123 0.06836 0.07715
0 0.70117 0.87402 0.08594 0.08008
0 0.20996 0.78955 0.07227 0.06543
0 0.02344 0.96582 0.04688 0.06836
0 0.44141 0.72217 0.07812 0.09473
