0 0.16016 0.15088 0.07227 0.10059
0 0.11377 0.24561 0.07715 0.1123
0 0.19482 0.27881 0.08691 0.06348
0 0.2373 0.19873 0.06641 0.07324
0 0.29492 0.19092 0.05078 0.05957
0 0.44775 0.0459 0.11621 0.07812
0 0.47217 0.28516 0.05371 0.0625
0 0.23047 0.34863 0.09375 0.0625
0 0.16357 0.35156 0.06152 0.07031
0 0.15039 0.42627 0.0918 0.05176
0 0.04004 0.30664 0.05664 0.06641
0 0.06396 0.52979 0.06152 0.06934
0 0.24316 0.53174 0.07227 0.07715
0 0.396 0.49072 0.05957 0.05957
0 0.45068 0.36475 0.08691 0.0791
0 0.56055 0.26904 0.05078 0.07324
0 0.60449 0.29297 0.06641 0.07422
0 0.57764 0.36621 0.09473 0.08398
0 0.35449 0.09863 0.06641 0.07227
0 0.70508 0.13037 0.06055 0.08887
0 0.69727 0.3042 0.06445 0.0752
0 0.73291 0.3418 0.07324 0.0625
0 0.66992 0.41455 0.08789 0.07129
0 0.53516 0.46387 0.10156 0.06055
0 0.61475 0.48975 0.06934 0.06738
0 0.68018 0.51025 0.05176 0.09668
0 0.5332 0.53906 0.0625 0.08203
0 0.24658 0.69141 0.09277 0.08594
0 0.21387 0.75 0.10547 0.07227
0 0.17041 0.81006 0.08887 0.07129
0 0.0752 0.82422 0.07031 0.0625
0 0.30225 0.85791 0.07129 0.0752
0 0.49561 0.84766 0.05176 0.09375
0 0.40967 0.87695 0.1084 0.05859
0 0.40576 0.93994 0.08105 0.06543
0 0.12451 0.94482 0.06348 0.06934
0 0.71631 0.97119 0.06348 0.05762
0 0.65186 0.98682 0.05762 0.02637
0 0.69678 0.62891 0.05957 0.06055
0 0.72607 0.69287 0.06543 0.05762
0 0.55664 0.70068 0.0625 0.06543
0 0.66602 0.87012 0.06836 0.06641
0 0.7998 0.89551 0.06836 0.06836
0 0.92773 0.8916 0.07227 0.07422
0 0.87988 0.52588 0.0957 0.07324
0 0.97461 0.51904 0.05078 0.0752
0 0.92334 0.44482 0.05566 0.05566
0 0.90381 0.3833 0.06543 0.06543
0 0.97217 0.45605 0.05566 0.06055
0 0.79883 0.40234 0.08594 0.0625
0 0.76709 0.57422 0.0752 0.0625
0 0.86279 0.24219 0.06543 0.07812
0 0.81836 0.12402 0.06055 0.11328
0 0.79785 0.05176 0.07422 0.08398
0 0.86426 0.04883 0.09375 0.09766
0 0.94971 0.10889 0.07324 0.06348
0 0.98145 0.08203 0.03711 0.05859
0 0.83008 0.79541 0.05859 0.05762
0 0.06689 0.06592 0.07324 0.06152
0 0.16016 0.02441 0.10352 0.04492
0 0.07715 0.02832 0.08008 0.05664
0 0.02588 0.36523 0.0498 0.09766
0 0.01416 0.91113 0.02832 0.04102
0 0.02637 0.67773 0.04883 0.05664
0 0.47754 0.4917 0.05273 0.05957
0 0.56738 0.01172 0.05469 0.02344
0 0.08984 0.96777 0.06055 0.04883
0 0.03271 0.9541 0.06543 0.05664
