0 0.17969 0.06152 0.09766 0.05664
0 0.31152 0.06104 0.05469 0.05957
0 0.31885 0.12061 0.05957 0.05762
0 0.35498 0.08301 0.0752 0.05859
0 0.37695 0.03857 0.07617 0.07715
0 0.4209 0.02539 0.07031 0.05078
0 0.02295 0.03809 0.0459 0.07617
0 0.48389 0.20459 0.07324 0.06934
0 0.68018 0.2168 0.12988 0.07617
0 0.79785 0.14844 0.07227 0.08398
0 0.97656 0.14941 0.04688 0.08594
0 0.9541 0.08154 0.08398 0.06348
0 0.89941 0.11377 0.06055 0.04785
0 0.88086 0.06445 0.10742 0.06641
0 0.7627 0.04541 0.10352 0.09082
0 0.24609 0.48926 0.07617 0.07227
0 0.30859 0.51172 0.08398 0.0625
0 0.34863 0.56104 0.06836 0.08105
0 0.03809 0.47168 0.07617 0.07812
0 0.03955 0.58545 0.06738 0.06152
0 0.05664 0.64648 0.07617 0.07031
0 0.22217 0.5874 0.0791 0.05762
0 0.22559 0.65576 0.08789 0.05762
0 0.20264 0.72021 0.07715 0.0498
0 0.11182 0.71875 0.08691 0.07422
0 0.125 0.91699 0.10547 0.0625
0 0.27539 0.97461 0.06836 0.05078
0 0.2666 0.92236 0.05469 0.05176
0 0.61523 0.63379 0.07617 0.0625
0 0.72607 0.62891 0.1084 0.11523
0 0.61523 0.56396 0.07031 0.05371
0 0.5542 0.46973 0.05957 0.05469
0 0.49268 0.54395 0.05957 0.05078
0 0.51807 0.58252 0.09668 0.04395
0 0.37744 0.63037 0.11816 0.08105
0 0.48828 0.9248 0.08203 0.04688
0 0.5166 0.82422 0.06836 0.04492
0 0.68018 0.87695 0.05371 0.06836
0 0.76953 0.88867 0.07227 0.05469
0 0.92432 0.9082 0.07715 0.06055
0 0.62793 0.96924 0.06445 0.06152
0 0.6709 0.98926 0.06641 0.02148
0 0.73535 0.97363 0.08398 0.05273
0 0.81836 0.97461 0.05469 0.05078
0 0.89404 0.94385 0.06543 0.04395
0 0.90723 0.9834 0.0625 0.0332
0 0.50635 0.97217 0.1084 0.05566
0 0.42285 0.98828 0.08203 0.02344
0 0.99121 0.54297 0.01758 0.05078
0 0.91553 0.45215 0.08691 0.06445
0 0.88281 0.53125 0.06055 0.05469
0 0.40625 0.09717 0.04883 0.06152
0 0.45557 0.10205 0.07324 0.07129
0 0.60156 0.03125 0.09375 0.0625
0 0.07764 0.81445 0.06348 0.07031
