0 0.2207 0.58203 0.09766 0.08984
0 0.96484 0.40576 0.07031 0.1084
0 0.74219 0.6582 0.10547 0.08203
0 0.16309 0.10449 0.08789 0.09961
0 0.90039 0.80225 0.09766 0.08496
0 0.82275 0.55859 0.08691 0.11523
0 0.20703 0.83447 0.11914 0.11035
0 0.7832 0.03223 0.08789 0.06445
0 0.38428 0.21289 0.08496 0.09766
0 0.87451 0.21338 0.06934 0.06738
0 0.22217 0.03711 0.11035 0.07422
0 0.86426 0.41309 0.13477 0.10742
0 0.40332 0.771 0.12695 0.09277
0 0.72461 0.27197 0.10547 0.08496
0 0.30078 0.94336 0.08789 0.0918
0 0.38818 0.05078 0.10254 0.10156
0 0.11182 0.63086 0.12988 0.08789
0 0.36182 0.49561 0.08496 0.08301
0 0.4668 0.45459 0.09961 0.08496
0 0.07373 0.74268 0.12598 0.08496
0 0.3335 0.37891 0.09277 0.10938
0 0.8457 0.9209 0.12305 0.07812
0 0.396 0.41064 0.08301 0.08691
