0 0.00537 0.00342 0.01074 0.00684
0 0.5874 0.03564 0.09668 0.07129
0 0.76367 0.11084 0.16797 0.16309
0 0.9502 0.13818 0.09961 0.08496
0 0.83105 0.44482 0.125 0.13965
0 0.70557 0.39893 0.05176 0.07715
0 0.95947 0.39209 0.07324 0.09668
0 0.5249 0.32227 0.08301 0.12891
0 0.36035 0.28027 0.10742 0.16797
0 0.20166 0.1665 0.12012 0.2334
0 0.30029 0.13477 0.05371 0.09375
0 0.18555 0.37744 0.08789 0.14551
0 0.03076 0.21729 0.06152 0.18066
0 0.03467 0.42285 0.06543 0.2207
0 0.0376 0.35059 0.0498 0.06641
0 0.49023 0.76123 0.11914 0.12402
0 0.38477 0.79297 0.08984 0.15234
0 0.37158 0.93262 0.11816 0.13477
0 0.22412 0.7002 0.08887 0.13672
0 0.25586 0.64307 0.0625 0.09473
0 0.28809 0.80664 0.0918 0.14648
0 0.09277 0.6582 0.08984 0.12891
0 0.08984 0.90576 0.17969 0.17285
0 0.86377 0.76709 0.13184 0.09668
0 0.86914 0.94824 0.11328 0.10352
0 0.63232 0.87402 0.18457 0.18945
0 0.53369 0.9668 0.08887 0.06641
0 0.77637 0.61279 0.12305 0.11621
0 0.96973 0.58154 0.06055 0.09668
0 0.09619 0.40869 0.09277 0.06934
