0 0.39746 0.66406 0.12695 0.0918
0 0.88525 0.28076 0.10059 0.13184
0 0.43457 0.77588 0.0957 0.13184
0 0.70703 0.4458 0.11523 0.1123
0 0.27197 0.54199 0.09473 0.0957
0 0.53955 0.26465 0.09277 0.08203
0 0.17432 0.48438 0.09473 0.09961
0 0.14697 0.7041 0.15723 0.08789
0 0.26562 0.86426 0.14258 0.20508
0 0.59961 0.68066 0.0957 0.0918
0 0.7793 0.03223 0.08008 0.06445
0 0.14697 0.02344 0.10449 0.04688
0 0.80713 0.7417 0.09082 0.1084
0 0.23535 0.03613 0.0957 0.07227
0 0.58447 0.96191 0.11426 0.07031
0 0.04736 0.03613 0.09277 0.07227
0 0.03955 0.12598 0.0752 0.07227
0 0.04443 0.26367 0.08496 0.10742
0 0.05176 0.95605 0.09961 0.08789
0 0.33105 0.37598 0.07617 0.09766
0 0.37402 0.41895 0.07031 0.07617
