0 0.35449 0.12012 0.09766 0.10547
0 0.54102 0.18799 0.11719 0.08887
0 0.42822 0.31934 0.17285 0.15234
0 0.19238 0.39941 0.12305 0.11914
0 0.77002 0.39648 0.08691 0.11328
0 0.86133 0.35645 0.08789 0.17188
0 0.96436 0.4292 0.06543 0.09473
0 0.98926 0.33496 0.02148 0.07422
0 0.83887 0.08496 0.10938 0.10547
0 0.7373 0.09473 0.09375 0.09375
0 0.56201 0.09277 0.08691 0.07812
0 0.64551 0.0293 0.05859 0.05859
0 0.26367 0.03809 0.08984 0.06836
0 0.97266 0.16406 0.05469 0.09766
0 0.97559 0.59521 0.04883 0.07715
0 0.85156 0.67236 0.15039 0.1084
0 0.53125 0.59814 0.10938 0.0791
0 0.66211 0.49658 0.10547 0.09082
0 0.35498 0.63623 0.09277 0.06152
0 0.21289 0.77344 0.13477 0.08984
0 0.97168 0.91992 0.05664 0.11719
0 0.77832 0.89502 0.10742 0.08691
0 0.46582 0.86475 0.10156 0.13379
0 0.4292 0.96045 0.13184 0.0791
0 0.02832 0.98877 0.05664 0.02246
0 0.45166 0.57666 0.06543 0.07324
0 0.63232 0.31396 0.09277 0.0791
0 0.11719 0.09961 0.10742 0.05469
0 0.07617 0.03467 0.14648 0.06934
0 0.49707 0.49707 0.07812 0.05859
0 0.06787 0.54297 0.08105 0.06836
0 0.23682 0.62207 0.1123 0.08984
0 0.38574 0.56934 0.07812 0.05078
