0 0.29834 0.04199 0.13965 0.07617
0 0.0542 0.06885 0.08301 0.09277
0 0.07861 0.26953 0.06934 0.10547
0 0.31982 0.28223 0.12793 0.08398
0 0.02588 0.42871 0.05176 0.06445
0 0.76953 0.30225 0.12109 0.06738
0 0.63037 0.53369 0.08887 0.07715
0 0.88574 0.43994 0.0957 0.08105
0 0.87646 0.58594 0.07324 0.13086
0 0.94043 0.15332 0.11914 0.11914
0 0.90625 0.04688 0.14453 0.08594
0 0.71924 0.05566 0.10254 0.11133
0 0.49463 0.06055 0.15137 0.10938
0 0.3623 0.18311 0.11328 0.08691
0 0.73438 0.97266 0.13867 0.05469
0 0.40918 0.92969 0.10742 0.09766
0 0.21973 0.8623 0.13672 0.08984
0 0.0249 0.73975 0.0498 0.09277
0 0.82275 0.12793 0.05176 0.08984
0 0.35645 0.41504 0.0625 0.08008
0 0.34668 0.96826 0.08008 0.06348
0 0.66016 0.85205 0.06055 0.06152
0 0.5127 0.64746 0.06445 0.04883
0 0.95459 0.92139 0.09082 0.07715
0 0.98828 0.69336 0.02344 0.06445
0 0.21631 0.60107 0.09082 0.07715
