0 0.01074 0.90625 0.02148 0.14258
0 0.0415 0.88525 0.07129 0.12207
0 0.0166 0.21582 0.0332 0.13281
0 0.32715 0.01807 0.07422 0.03613
0 0.24512 0.04297 0.06836 0.06641
0 0.35986 0.15869 0.10254 0.12012
0 0.28174 0.14795 0.05566 0.05176
0 0.22119 0.20801 0.07715 0.11523
0 0.54883 0.2627 0.08203 0.09766
0 0.30273 0.46631 0.07422 0.11035
0 0.24854 0.5918 0.07324 0.07812
0 0.0376 0.53955 0.0752 0.12598
0 0.0918 0.51221 0.04102 0.06934
0 0.48389 0.56738 0.09277 0.19531
0 0.42236 0.75391 0.04785 0.11523
0 0.43945 0.67383 0.04492 0.10742
0 0.65234 0.84521 0.10742 0.08887
0 0.12158 0.96436 0.07715 0.06738
0 0.36182 0.96582 0.07715 0.06836
0 0.62305 0.96875 0.06836 0.0625
0 0.80469 0.88086 0.06055 0.0918
0 0.79492 0.76611 0.11719 0.1416
0 0.68945 0.60791 0.09375 0.12402
0 0.83789 0.54443 0.08008 0.06543
0 0.90576 0.64551 0.05566 0.06836
0 0.93408 0.78906 0.08691 0.14062
0 0.94873 0.97217 0.05762 0.05566
0 0.57568 0.43896 0.04785 0.10059
0 0.6416 0.44922 0.07812 0.12695
0 0.74365 0.4585 0.09277 0.12793
0 0.98145 0.37256 0.03711 0.05957
0 0.92871 0.12354 0.07422 0.06543
0 0.88281 0.01953 0.125 0.03906
0 0.85205 0.06348 0.06152 0.08398
0 0.57617 0.34277 0.05664 0.06055
