0 0.1377 0.42383 0.08398 0.10547
0 0.50732 0.27246 0.09473 0.11328
0 0.07861 0.84814 0.10645 0.07129
0 0.74463 0.80518 0.11816 0.06348
0 0.04492 0.09619 0.07422 0.12207
0 0.02246 0.49219 0.04492 0.13477
0 0.42969 0.54736 0.08984 0.09473
0 0.64111 0.55615 0.16113 0.09277
0 0.87354 0.27295 0.10059 0.09473
0 0.48584 0.45801 0.07324 0.09766
0 0.23242 0.69189 0.08984 0.0752
0 0.28809 0.51074 0.12305 0.08203
0 0.62598 0.64941 0.10547 0.0625
0 0.40234 0.29199 0.07422 0.11523
0 0.59814 0.89844 0.11816 0.06836
0 0.48633 0.70605 0.07227 0.08984
0 0.96289 0.41357 0.07422 0.09668
0 0.48779 0.85254 0.10254 0.07812
0 0.38281 0.45605 0.08789 0.08203
0 0.03711 0.27686 0.07422 0.09473
0 0.14209 0.03809 0.0752 0.07227
0 0.82959 0.78076 0.10449 0.05762
0 0.25635 0.39258 0.05957 0.09961
