0 0.62939 0.26807 0.07324 0.07324
0 0.58398 0.94238 0.09766 0.05078
0 0.72266 0.58057 0.11914 0.07715
0 0.29785 0.94678 0.10547 0.06348
0 0.76562 0.20801 0.12695 0.06836
0 0.09229 0.37549 0.08691 0.06348
0 0.35205 0.41797 0.10059 0.05859
0 0.09814 0.02441 0.10449 0.04883
0 0.10068 0.53506 0.10176 0.05059
0 0.34326 0.27783 0.09863 0.06934
0 0.0625 0.28418 0.12109 0.0625
0 0.6084 0.42334 0.08398 0.0459
0 0.54932 0.16455 0.08105 0.13574
0 0.04688 0.42139 0.0918 0.05176
0 0.06055 0.72803 0.11328 0.06348
0 0.62305 0.854 0.0918 0.09277
0 0.47705 0.70557 0.12207 0.04395
0 0.17139 0.34326 0.09863 0.04004
0 0.55225 0.75293 0.0752 0.04492
0 0.55518 0.26074 0.04785 0.07422
0 0.86133 0.44727 0.12695 0.06445
0 0.7749 0.97217 0.08887 0.05566
0 0.07568 0.69922 0.12012 0.0625
0 0.57959 0.36523 0.13379 0.05469
0 0.91064 0.68896 0.08691 0.04004
0 0.73145 0.61816 0.08008 0.05859
0 0.76025 0.54932 0.1084 0.06934
0 0.3877 0.96191 0.07227 0.0332
0 0.14941 0.96484 0.06836 0.03125
0 0.35645 0.02783 0.11719 0.05566
0 0.19644 0.63628 0.12881 0.05752
0 0.04639 0.10107 0.05566 0.04395
0 0.44678 0.12061 0.08691 0.05371
0 0.98047 0.8916 0.03906 0.05859
0 0.36523 0.64062 0.0625 0.03711
0 0.8125 0.73242 0.02539 0.07617
0 0.91895 0.75098 0.12109 0.05078
0 0.27393 0.12891 0.10254 0.05273
0 0.42773 0.59229 0.03711 0.07715
0 0.69531 0.71191 0.08789 0.03906
0 0.43652 0.75098 0.0957 0.0332
0 0.70068 0.06104 0.08105 0.04004
0 0.57861 0.05127 0.11816 0.04395
0 0.44336 0.04102 0.05273 0.07031
0 0.22314 0.77441 0.10254 0.04297
0 0.65918 0.01611 0.04688 0.03027
0 0.56738 0.56104 0.08789 0.03418
0 0.51074 0.66455 0.07617 0.02441
0 0.05518 0.23926 0.11035 0.0957
0 0.71191 0.98193 0.11523 0.03027
0 0.56299 0.07275 0.08691 0.07129
0 0.5835 0.12891 0.07715 0.04492
0 0.92041 0.71484 0.06934 0.03906
0 0.55518 0.01758 0.04004 0.03516
0 0.36377 0.98584 0.04785 0.02832
0 0.64502 0.21045 0.05566 0.03223
0 0.65576 0.67676 0.06738 0.04492
0 0.22266 0.07617 0.07812 0.04102
0 0.86523 0.62061 0.15234 0.0459
0 0.65576 0.18555 0.0752 0.03516
0 0.18555 0.2207 0.21484 0.06055
0 0.59619 0.65088 0.09277 0.0498
0 0.0293 0.12598 0.05664 0.03125
0 0.7876 0.34277 0.06152 0.04883
0 0.41504 0.20117 0.19922 0.12695
0 0.39551 0.14746 0.13281 0.05469
0 0.88037 0.65283 0.09473 0.04785
0 0.97168 0.76709 0.0293 0.04785
0 0.03955 0.32861 0.0791 0.04785
0 0.03955 0.76416 0.0791 0.04785
