0 0.62207 0.60254 0.10547 0.10352
0 0.25391 0.85938 0.14453 0.13281
0 0.73291 0.78271 0.12207 0.13574
0 0.64746 0.33203 0.11914 0.0918
0 0.12549 0.54834 0.18262 0.17285
0 0.32324 0.68604 0.16992 0.11426
0 0.78564 0.93213 0.11816 0.12012
0 0.90625 0.34863 0.18555 0.14062
0 0.89551 0.13916 0.10742 0.1084
0 0.92578 0.75586 0.09961 0.14062
0 0.13574 0.3374 0.16211 0.12988
0 0.52441 0.87744 0.08984 0.07324
0 0.8833 0.02734 0.18262 0.05469
0 0.05566 0.03711 0.10742 0.07422
0 0.70947 0.38086 0.05957 0.0625
0 0.61914 0.95264 0.09766 0.07324
0 0.06104 0.4248 0.11816 0.08594
0 0.66992 0.88281 0.08984 0.0625
0 0.56055 0.65967 0.07227 0.0752
0 0.54688 0.91602 0.0957 0.07031
0 0.28857 0.1875 0.04199 0.0293
