0 0.74561 0.68164 0.07715 0.08008
0 0.78955 0.16699 0.09473 0.06445
0 0.71582 0.10449 0.08789 0.06055
0 0.94336 0.34619 0.07812 0.10254
0 0.59473 0.38428 0.09961 0.06543
0 0.68945 0.84229 0.07031 0.08496
0 0.92188 0.75684 0.10938 0.16992
0 0.72803 0.29248 0.07715 0.08496
0 0.81445 0.91602 0.07031 0.09766
0 0.84814 0.41943 0.15723 0.0752
0 0.82568 0.74219 0.06738 0.14453
0 0.95996 0.90332 0.08008 0.12695
0 0.92969 0.11328 0.14062 0.12695
0 0.77344 0.02832 0.08203 0.05664
0 0.96191 0.17725 0.07617 0.07715
0 0.94336 0.54297 0.11328 0.07227
0 0.85059 0.02393 0.07422 0.04785
0 0.04346 0.15674 0.08496 0.04395
0 0.58594 0.77441 0.0625 0.04492
0 0.96484 0.70312 0.07031 0.07227
0 0.88477 0.55957 0.08008 0.08984
0 0.83691 0.48926 0.08984 0.05469
0 0.87793 0.08936 0.07227 0.08496
0 0.97607 0.04736 0.04785 0.0752
0 0.75488 0.82471 0.05469 0.11426
0 0.97363 0.47803 0.05273 0.06738
0 0.87939 0.75586 0.10449 0.10742
0 0.91943 0.9585 0.08496 0.08301
0 0.57861 0.50781 0.05566 0.08203
