0 0.06934 0.27881 0.08008 0.07715
0 0.10889 0.15918 0.07715 0.06836
0 0.104 0.37402 0.09082 0.12109
0 0.40283 0.36279 0.06934 0.10449
0 0.46045 0.27393 0.13574 0.05957
0 0.33936 0.20264 0.11035 0.09473
0 0.4541 0.12402 0.09375 0.07422
0 0.67285 0.03906 0.12109 0.07812
0 0.07031 0.7168 0.07617 0.10352
0 0.16016 0.64941 0.06641 0.08789
0 0.05811 0.96338 0.07129 0.07324
0 0.12646 0.90332 0.09082 0.11328
0 0.1748 0.76562 0.06445 0.08594
0 0.2666 0.72217 0.07227 0.1084
0 0.3418 0.67529 0.10547 0.08105
0 0.30518 0.60693 0.07324 0.07129
0 0.65381 0.66748 0.12988 0.08691
0 0.48633 0.74414 0.06836 0.08789
0 0.4707 0.84131 0.07422 0.08496
0 0.49072 0.9082 0.0752 0.08594
0 0.61426 0.94824 0.08594 0.10352
0 0.75146 0.41553 0.09473 0.12207
0 0.69092 0.42529 0.10449 0.06348
0 0.55273 0.39355 0.10547 0.125
0 0.89697 0.60254 0.0791 0.10156
0 0.94971 0.74805 0.06934 0.07227
0 0.85791 0.78369 0.11035 0.1084
0 0.71484 0.78613 0.09961 0.08984
0 0.76611 0.90186 0.06738 0.12402
0 0.80029 0.25879 0.10449 0.04883
0 0.85693 0.2959 0.09473 0.13086
0 0.69824 0.20264 0.07617 0.07715
0 0.96191 0.19922 0.07617 0.04883
0 0.71631 0.33447 0.0752 0.08301
0 0.78906 0.6377 0.11719 0.05469
