0 0.43408 0.43213 0.0791 0.09082
0 0.37354 0.31494 0.09082 0.12012
0 0.57178 0.41309 0.10254 0.07031
0 0.53418 0.35742 0.04688 0.05859
0 0.67578 0.18408 0.05078 0.0752
0 0.80029 0.15479 0.09668 0.11426
0 0.74072 0.29346 0.10059 0.12207
0 0.83691 0.33203 0.08594 0.08203
0 0.86865 0.2832 0.04395 0.05859
0 0.89453 0.40283 0.05859 0.06934
0 0.93799 0.22461 0.05176 0.04688
0 0.74902 0.0835 0.04492 0.04004
0 0.75635 0.02783 0.0752 0.05371
0 0.56201 0.04736 0.06934 0.09473
0 0.62402 0.08984 0.10156 0.14453
0 0.36182 0.02686 0.08691 0.05371
0 0.16113 0.104 0.0625 0.06348
0 0.25244 0.19482 0.07324 0.08301
0 0.32959 0.21191 0.09863 0.06641
0 0.27148 0.32812 0.07422 0.06445
0 0.13232 0.36426 0.0752 0.05859
0 0.63086 0.6167 0.05273 0.0791
0 0.62598 0.53711 0.0625 0.07031
0 0.72559 0.5415 0.05859 0.09863
0 0.66309 0.44287 0.04492 0.05566
0 0.88379 0.77637 0.07031 0.08008
0 0.6377 0.71729 0.07422 0.08496
0 0.44824 0.72217 0.06641 0.05957
0 0.43262 0.88818 0.06836 0.08496
0 0.70801 0.92285 0.11719 0.06445
0 0.81885 0.90576 0.10645 0.05566
0 0.86865 0.93799 0.08105 0.03809
0 0.89551 0.85205 0.08398 0.06738
0 0.96289 0.81006 0.07422 0.05762
0 0.34863 0.48291 0.04883 0.05566
0 0.31396 0.67676 0.08105 0.07812
0 0.24609 0.69727 0.0625 0.06445
0 0.27148 0.7627 0.0918 0.05859
0 0.24902 0.87354 0.08984 0.10449
0 0.19238 0.95752 0.05859 0.08496
0 0.02881 0.95557 0.05762 0.05957
0 0.14014 0.86133 0.07129 0.06641
0 0.17725 0.76465 0.05566 0.0625
0 0.17822 0.66943 0.05957 0.0459
0 0.12256 0.7207 0.07324 0.06055
0 0.125 0.52441 0.06836 0.08008
0 0.07764 0.51465 0.09082 0.13086
0 0.06934 0.15674 0.04492 0.07129
0 0.1377 0.20703 0.07227 0.05078
0 0.68799 0.64209 0.05371 0.05176
0 0.73193 0.84277 0.06934 0.05273
0 0.396 0.25928 0.05176 0.06348
0 0.43604 0.32861 0.07324 0.05176
0 0.06494 0.35205 0.05371 0.0498
0 0.83643 0.03809 0.08691 0.06836
