0 0.27637 0.13428 0.08789 0.08496
0 0.19678 0.18213 0.08301 0.06934
0 0.42383 0.18213 0.12891 0.09668
0 0.52246 0.09668 0.14648 0.08203
0 0.80811 0.12256 0.10254 0.10059
0 0.69092 0.26367 0.08301 0.08594
0 0.52881 0.24365 0.06348 0.06543
0 0.46973 0.39355 0.07227 0.07617
0 0.4375 0.48242 0.09375 0.10352
0 0.55078 0.48096 0.09766 0.0752
0 0.479 0.57764 0.09082 0.07129
0 0.68701 0.66699 0.11621 0.13086
0 0.81104 0.7207 0.08105 0.0957
0 0.9209 0.4707 0.08008 0.08398
0 0.82373 0.40234 0.06738 0.11719
0 0.85352 0.36572 0.05469 0.09473
0 0.93604 0.35449 0.08887 0.09766
0 0.98242 0.18994 0.03516 0.08105
0 0.94531 0.03516 0.08594 0.07031
0 0.28125 0.60547 0.13281 0.15039
0 0.1665 0.52051 0.10645 0.08789
0 0.03027 0.53223 0.06055 0.06641
0 0.02832 0.40088 0.05664 0.08887
0 0.13232 0.76807 0.11816 0.13574
0 0.21582 0.99023 0.08203 0.01953
0 0.42139 0.86475 0.09863 0.08105
0 0.64062 0.81982 0.08984 0.08301
0 0.70068 0.93115 0.0752 0.07129
0 0.87842 0.90527 0.06152 0.0957
0 0.97949 0.88623 0.04102 0.06152
0 0.92432 0.98828 0.06934 0.02344
0 0.20215 0.03516 0.11328 0.04102
0 0.45117 0.77588 0.10742 0.08301
0 0.72949 0.60938 0.10938 0.05078
