0 0.4458 0.25732 0.12793 0.09473
0 0.52197 0.35205 0.10059 0.0752
0 0.36621 0.81348 0.10547 0.10938
0 0.20312 0.25537 0.07227 0.10254
0 0.34277 0.11523 0.07227 0.07422
0 0.60596 0.29346 0.12207 0.07715
0 0.50439 0.55859 0.12012 0.07227
0 0.28174 0.64062 0.09473 0.11719
0 0.2334 0.15479 0.0625 0.09473
0 0.37939 0.5249 0.0752 0.08496
0 0.72314 0.5083 0.08301 0.07715
0 0.20312 0.48584 0.08203 0.12207
0 0.40186 0.46582 0.0752 0.11719
0 0.53955 0.13184 0.08496 0.06445
0 0.17578 0.93701 0.11328 0.10059
0 0.76953 0.08301 0.08594 0.07227
0 0.74951 0.37061 0.13574 0.19238
0 0.08447 0.8042 0.09473 0.0752
0 0.46436 0.17969 0.14941 0.06445
0 0.05225 0.93555 0.05957 0.08789
0 0.90088 0.16797 0.17285 0.0625
0 0.76807 0.19971 0.1377 0.09473
0 0.4917 0.7334 0.12988 0.11719
0 0.82715 0.58594 0.13477 0.09766
0 0.32324 0.26318 0.07227 0.08301
0 0.54932 0.22217 0.0752 0.05957
0 0.68213 0.01611 0.0752 0.03223
0 0.55176 0.01465 0.16016 0.0293
0 0.81689 0.68945 0.09473 0.07422
0 0.75195 0.80859 0.14453 0.13281
0 0.28857 0.77686 0.05762 0.10059
0 0.52197 0.93799 0.11035 0.07715
0 0.61328 0.48242 0.07227 0.08008
0 0.94482 0.55273 0.11035 0.08008
0 0.30811 0.1748 0.06738 0.08984
0 0.84229 0.44238 0.15527 0.13477
0 0.56836 0.81348 0.09766 0.10742
0 0.47803 0.79102 0.10254 0.08789
0 0.46338 0.95459 0.06543 0.08691
0 0.09424 0.26318 0.0752 0.07715
0 0.71826 0.58447 0.19238 0.0752
0 0.29736 0.01953 0.0752 0.03906
0 0.63965 0.87451 0.0957 0.10449
0 0.62061 0.72168 0.06152 0.20508
0 0.65088 0.77197 0.08691 0.08496
0 0.80176 0.48926 0.15039 0.08984
0 0.72852 0.25732 0.07227 0.04004
0 0.74219 0.96729 0.13477 0.06543
0 0.61084 0.91846 0.09277 0.08691
0 0.54102 0.73438 0.09766 0.11523
0 0.45801 0.67969 0.0625 0.05469
0 0.79102 0.91602 0.07227 0.0625
0 0.71094 0.93311 0.0625 0.04785
0 0.26953 0.71338 0.07031 0.08301
0 0.26562 0.58105 0.07812 0.07227
0 0.15967 0.5083 0.05957 0.08301
0 0.38184 0.5459 0.10547 0.05273
0 0.96289 0.78857 0.0625 0.06543
0 0.96729 0.64453 0.06543 0.09961
0 0.7959 0.63574 0.08789 0.04688
0 0.71582 0.62695 0.13281 0.06445
0 0.67041 0.50928 0.05762 0.05957
0 0.96582 0.42236 0.06836 0.09473
0 0.97705 0.35693 0.0459 0.05566
0 0.43408 0.48926 0.04004 0.08008
0 0.22461 0.30811 0.06445 0.04199
0 0.78076 0.24072 0.1123 0.07715
0 0.81934 0.18799 0.09961 0.05762
0 0.89453 0.15674 0.13477 0.09473
