0 0.75977 0.27783 0.05859 0.08691
0 0.40137 0.18799 0.06836 0.08691
0 0.80859 0.91699 0.07422 0.10156
0 0.29004 0.2251 0.13086 0.05566
0 0.79346 0.17725 0.08887 0.05762
0 0.75098 0.90723 0.07031 0.08789
0 0.64648 0.32227 0.06641 0.08203
0 0.0166 0.33643 0.0332 0.06543
0 0.04785 0.31348 0.0957 0.05273
0 0.86572 0.8877 0.05957 0.08789
0 0.05322 0.98389 0.10645 0.02832
0 0.56641 0.68945 0.08008 0.05273
0 0.02393 0.40674 0.04785 0.0752
0 0.49902 0.84717 0.0625 0.05762
0 0.49023 0.23291 0.08203 0.03809
0 0.13184 0.31836 0.10547 0.04492
0 0.09326 0.45166 0.08887 0.06348
0 0.45459 0.4873 0.09473 0.04492
0 0.46094 0.18115 0.12305 0.07715
0 0.79443 0.98779 0.06152 0.02441
0 0.67627 0.62549 0.0459 0.03613
0 0.95947 0.11768 0.03809 0.05762
0 0.43066 0.97217 0.07617 0.04004
0 0.43555 0.87793 0.08984 0.04492
0 0.7915 0.65186 0.03027 0.07715
0 0.15381 0.74268 0.08887 0.04785
0 0.23877 0.59033 0.11035 0.0459
0 0.48926 0.43018 0.0625 0.02637
0 0.68799 0.83203 0.05176 0.04883
0 0.18408 0.25098 0.08691 0.05664
0 0.50146 0.6416 0.04395 0.02539
0 0.81201 0.51758 0.03027 0.06055
0 0.49365 0.7041 0.05957 0.02539
0 0.94629 0.98486 0.03711 0.03027
0 0.64551 0.00928 0.08984 0.01855
0 0.14697 0.25488 0.05762 0.04102
0 0.95215 0.65625 0.04883 0.07812
0 0.08203 0.60791 0.05859 0.04395
0 0.32617 0.85352 0.05859 0.03906
0 0.25391 0.91748 0.08789 0.03027
0 0.43408 0.93213 0.0752 0.04199
0 0.39746 0.83691 0.05664 0.05273
0 0.69092 0.99121 0.03809 0.01758
0 0.56348 0.7207 0.06836 0.03711
0 0.26758 0.01904 0.06445 0.03809
0 0.87646 0.02734 0.07324 0.03516
0 0.84473 0.17773 0.05273 0.05859
0 0.28125 0.87549 0.09961 0.06348
0 0.63818 0.83545 0.04199 0.03418
0 0.55664 0.40381 0.06641 0.03223
0 0.11768 0.38184 0.08496 0.0293
0 0.0957 0.27881 0.08398 0.04199
0 0.5625 0.37646 0.08203 0.03418
0 0.65088 0.84473 0.04395 0.02734
0 0.55811 0.65088 0.04004 0.04199
0 0.04736 0.94336 0.09473 0.05078
0 0.77783 0.39941 0.09082 0.05664
0 0.96777 0.88574 0.05664 0.03906
0 0.2959 0.71094 0.05078 0.01758
0 0.91162 0.6543 0.10645 0.06445
0 0.9751 0.44482 0.0498 0.05762
0 0.55566 0.30762 0.07812 0.04297
0 0.65283 0.28125 0.05957 0.05273
0 0.09033 0.69043 0.04785 0.03711
0 0.23291 0.33154 0.05957 0.02637
0 0.20117 0.31543 0.07812 0.03516
0 0.24414 0.26953 0.06836 0.04492
0 0.46387 0.40479 0.04297 0.04785
0 0.4458 0.93408 0.05176 0.04395
