0 0.04395 0.41992 0.08594 0.10352
0 0.05322 0.34814 0.10449 0.0791
0 0.01318 0.23975 0.02637 0.09473
0 0.07764 0.30664 0.0752 0.07422
0 0.03564 0.61279 0.07129 0.08887
0 0.08203 0.67432 0.15625 0.0791
0 0.24463 0.7832 0.11035 0.13281
0 0.14062 0.82861 0.08008 0.0791
0 0.60645 0.97412 0.1543 0.05176
0 0.3916 0.95312 0.11328 0.09375
0 0.26611 0.96729 0.09863 0.06543
0 0.28174 0.90527 0.08301 0.07422
0 0.39404 0.82617 0.18652 0.11328
0 0.51855 0.83496 0.10352 0.11133
0 0.65771 0.7002 0.13379 0.0957
0 0.88428 0.84033 0.13379 0.14746
0 0.8999 0.94092 0.18262 0.11816
0 0.24268 0.25879 0.16699 0.0957
0 0.40479 0.43848 0.16699 0.17188
0 0.51172 0.57129 0.1543 0.11523
0 0.85986 0.49561 0.18262 0.17285
0 0.75586 0.22607 0.11914 0.08496
0 0.85889 0.2417 0.09863 0.09082
0 0.74023 0.12207 0.125 0.10742
0 0.55127 0.09814 0.12207 0.08301
0 0.35254 0.10645 0.09375 0.07227
0 0.31787 0.05176 0.08887 0.06055
0 0.54736 0.02539 0.09277 0.05078
0 0.75293 0.05078 0.14844 0.08203
0 0.96143 0.14014 0.07715 0.10645
0 0.94043 0.03711 0.09375 0.06836
0 0.86768 0.14551 0.06738 0.06055
0 0.91309 0.82471 0.16797 0.10059
0 0.87549 0.72754 0.07715 0.06836
