0 0.06006 0.10889 0.12012 0.20215
0 0.01074 0.13867 0.02148 0.13477
0 0.06689 0.33496 0.0752 0.05859
0 0.15527 0.40527 0.08398 0.11133
0 0.09277 0.46826 0.05469 0.05762
0 0.13818 0.66699 0.08887 0.27734
0 0.30273 0.73682 0.19727 0.13184
0 0.29834 0.58252 0.06738 0.15137
0 0.3623 0.9375 0.04688 0.125
0 0.22656 0.33447 0.10352 0.17676
0 0.22803 0.18945 0.05566 0.06445
0 0.31787 0.09814 0.09863 0.1709
0 0.33105 0.16113 0.04102 0.08789
0 0.80518 0.02246 0.10059 0.04492
0 0.74023 0.04248 0.14844 0.08496
0 0.66016 0.07129 0.17188 0.09375
0 0.50537 0.14502 0.08105 0.24707
0 0.38428 0.32861 0.08301 0.38574
0 0.33691 0.28955 0.05078 0.05371
0 0.70605 0.25732 0.05859 0.05566
0 0.70801 0.16797 0.05469 0.05664
0 0.56348 0.16113 0.08398 0.08789
0 0.89844 0.33398 0.16602 0.11914
0 0.88086 0.22314 0.10938 0.10645
0 0.77588 0.39746 0.06152 0.0332
0 0.86621 0.47021 0.20508 0.1084
0 0.96289 0.48291 0.07422 0.07715
0 0.81787 0.52686 0.06934 0.06348
0 0.96582 0.67676 0.06836 0.10742
0 0.56445 0.53467 0.07422 0.10059
0 0.51318 0.46191 0.08496 0.05078
0 0.38037 0.59277 0.0752 0.06641
0 0.4292 0.7334 0.05762 0.03906
0 0.64355 0.80713 0.21875 0.08691
0 0.78271 0.79004 0.12207 0.06641
0 0.94336 0.92822 0.09375 0.05566
0 0.57861 0.97803 0.05371 0.04395
0 0.89062 0.97363 0.0625 0.05273
