0 0.48877 0.13379 0.07129 0.08398
0 0.65674 0.38965 0.06348 0.07617
0 0.91504 0.14502 0.0625 0.0752
0 0.67285 0.57812 0.07422 0.05859
0 0.35059 0.86475 0.0918 0.08496
0 0.28174 0.41797 0.12207 0.06641
0 0.94482 0.70898 0.05957 0.05273
0 0.21436 0.18262 0.06348 0.06836
0 0.35938 0.33838 0.04297 0.09863
0 0.27002 0.86279 0.06348 0.05957
0 0.10938 0.2251 0.07617 0.12793
0 0.1416 0.50244 0.08594 0.0498
0 0.24463 0.77148 0.06348 0.06055
0 0.54395 0.75342 0.06055 0.05762
0 0.16748 0.42383 0.05371 0.03711
0 0.50684 0.37549 0.05469 0.04785
0 0.15039 0.21045 0.06445 0.05566
0 0.66504 0.84082 0.05078 0.03711
0 0.08398 0.45312 0.07031 0.03711
0 0.0791 0.8667 0.04492 0.07324
0 0.10449 0.8042 0.05078 0.07129
0 0.64307 0.07715 0.03809 0.07227
0 0.55664 0.49072 0.10352 0.05176
0 0.03711 0.7583 0.0625 0.04004
0 0.81152 0.54932 0.05859 0.0459
0 0.03027 0.04053 0.06055 0.02637
0 0.3252 0.21387 0.06836 0.03125
0 0.17676 0.4624 0.06445 0.03809
0 0.73486 0.40186 0.03027 0.07715
0 0.47754 0.44336 0.05664 0.05859
0 0.60889 0.40869 0.05371 0.0459
0 0.06494 0.22852 0.06934 0.04492
0 0.35693 0.64893 0.09082 0.05176
0 0.17969 0.9165 0.05859 0.04199
0 0.97949 0.84082 0.03711 0.05078
0 0.31299 0.01709 0.08887 0.03418
0 0.24121 0.43311 0.04688 0.06152
0 0.6416 0.9292 0.06836 0.04785
0 0.17969 0.97314 0.0625 0.05371
0 0.89307 0.46094 0.04785 0.07422
0 0.92285 0.42871 0.06055 0.03516
0 0.75635 0.69531 0.07129 0.0957
0 0.01953 0.5293 0.03906 0.0332
0 0.1543 0.30859 0.07812 0.05078
0 0.87207 0.88232 0.08984 0.05176
0 0.43262 0.57324 0.04492 0.03906
0 0.22119 0.1499 0.04785 0.05371
0 0.78467 0.49414 0.06348 0.03711
0 0.04443 0.52588 0.04395 0.0498
0 0.33887 0.46143 0.03906 0.0498
0 0.50977 0.03027 0.05078 0.02734
0 0.18457 0.57178 0.05469 0.02637
0 0.43359 0.03906 0.0332 0.0625
0 0.24561 0.8667 0.03613 0.06738
0 0.57959 0.93164 0.06934 0.03711
0 0.34473 0.81787 0.04492 0.02637
0 0.18867 0.82319 0.1002 0.04541
0 0.96436 0.06445 0.05762 0.04492
0 0.19238 0.77686 0.07031 0.04199
0 0.04199 0.40527 0.05273 0.0625
0 0.48291 0.49951 0.04395 0.05371
0 0.95068 0.28711 0.05176 0.03906
0 0.32129 0.48584 0.04883 0.02832
0 0.77148 0.42236 0.03711 0.07715
0 0.67334 0.97607 0.0498 0.04395
0 0.47461 0.83691 0.04688 0.0293
0 0.44385 0.03857 0.04785 0.05762
0 0.72168 0.96777 0.05469 0.06445
0 0.6499 0.01904 0.06348 0.03809
0 0.9873 0.47168 0.02539 0.05664
0 0.1167 0.54297 0.06934 0.04492
0 0.84082 0.53271 0.06055 0.06152
0 0.24121 0.7832 0.05469 0.04297
0 0.98145 0.5249 0.03711 0.04004
0 0.19727 0.00732 0.05859 0.01465
0 0.10303 0.03955 0.05566 0.04199
0 0.7666 0.71826 0.11523 0.09277
0 0.14453 0.52637 0.08203 0.03906
0 0.3252 0.50781 0.05859 0.04102
0 0.29883 0.03564 0.04102 0.02832
0 0.76416 0.87402 0.05566 0.05078
0 0.13428 0.89893 0.06738 0.0459
0 0.02148 0.90918 0.04297 0.04883
