0 0.47852 0.41162 0.1875 0.1748
0 0.57422 0.18164 0.11523 0.08008
0 0.71533 0.06445 0.06934 0.05469
0 0.6582 0.08936 0.05859 0.07324
0 0.8208 0.10498 0.09863 0.06738
0 0.89355 0.18066 0.09375 0.09375
0 0.88867 0.2749 0.09961 0.09863
0 0.98584 0.27832 0.02832 0.07812
0 0.98877 0.13086 0.02246 0.06641
0 0.42676 0.06152 0.09766 0.07031
0 0.28223 0.03955 0.14062 0.06738
0 0.07715 0.21094 0.13477 0.22461
0 0.11182 0.36475 0.12207 0.09473
0 0.25488 0.53809 0.08789 0.06836
0 0.17627 0.62305 0.0791 0.12109
0 0.20752 0.59082 0.14551 0.06445
0 0.04443 0.43262 0.08887 0.05859
0 0.55713 0.62354 0.0752 0.08691
0 0.56592 0.72314 0.09863 0.07129
0 0.52051 0.92725 0.11328 0.1084
0 0.16797 0.979 0.26367 0.04199
0 0.57568 0.97363 0.1377 0.04883
0 0.87891 0.74463 0.09766 0.06543
0 0.83496 0.85791 0.125 0.1123
0 0.70312 0.87598 0.10742 0.07812
0 0.81641 0.64062 0.13281 0.09375
0 0.86475 0.61133 0.08691 0.08203
0 0.91309 0.5874 0.08398 0.1084
0 0.96582 0.49951 0.06836 0.06543
0 0.80762 0.02637 0.0625 0.05273
0 0.95361 0.74756 0.08105 0.07324
