0 0.12402 0.81299 0.08789 0.08691
0 0.31787 0.43213 0.06152 0.08105
0 0.21338 0.0918 0.05762 0.0957
0 0.54834 0.51025 0.06543 0.09668
0 0.81738 0.46387 0.0625 0.07617
0 0.16064 0.30762 0.05566 0.08203
0 0.41309 0.33154 0.05859 0.10645
0 0.47949 0.10889 0.06641 0.0752
0 0.11328 0.03906 0.0918 0.07812
0 0.67236 0.04102 0.07324 0.08008
0 0.93164 0.75195 0.03711 0.07617
0 0.74121 0.28467 0.07031 0.0752
0 0.69629 0.74463 0.11914 0.12793
0 0.07031 0.52197 0.05664 0.0752
0 0.54053 0.82373 0.06543 0.10449
0 0.08838 0.67041 0.08887 0.10645
0 0.53955 0.69727 0.0752 0.10547
0 0.23096 0.7207 0.10449 0.13086
0 0.77051 0.271 0.05859 0.07324
0 0.64404 0.23193 0.0498 0.06543
0 0.38232 0.06543 0.12207 0.07227
0 0.02588 0.4082 0.05176 0.04492
0 0.76025 0.04736 0.03613 0.09277
0 0.04883 0.89209 0.09375 0.04395
0 0.92285 0.52734 0.03516 0.10156
0 0.46045 0.23193 0.11426 0.06152
0 0.03955 0.22266 0.06348 0.07031
0 0.89111 0.8667 0.04785 0.06543
0 0.9375 0.0752 0.05078 0.12695
0 0.29688 0.87793 0.0957 0.03711
0 0.81152 0.97705 0.03516 0.0459
0 0.66943 0.13379 0.11035 0.07617
0 0.14844 0.02295 0.04492 0.0459
0 0.18311 0.39551 0.05371 0.13281
0 0.77148 0.3667 0.06445 0.05176
0 0.92529 0.44922 0.04199 0.0957
0 0.85254 0.72461 0.05078 0.03516
0 0.69971 0.46094 0.05371 0.04297
0 0.54834 0.74609 0.03613 0.08008
0 0.19873 0.20361 0.1084 0.1123
0 0.09814 0.18115 0.02441 0.06152
0 0.0166 0.70557 0.0332 0.0459
0 0.78809 0.60742 0.05273 0.05273
0 0.00586 0.05078 0.01172 0.05273
0 0.11816 0.90234 0.05078 0.06641
0 0.39453 0.53711 0.08203 0.06445
0 0.25781 0.2373 0.07422 0.08008
0 0.00928 0.56006 0.01855 0.0498
0 0.44141 0.84131 0.05273 0.04395
0 0.25244 0.39062 0.05371 0.08984
0 0.06543 0.70117 0.04492 0.04688
0 0.6792 0.95605 0.03613 0.04688
0 0.69043 0.1875 0.0918 0.04883
0 0.03613 0.77783 0.04492 0.0459
0 0.96045 0.72607 0.05957 0.10059
0 0.50342 0.25537 0.05371 0.05371
0 0.67725 0.56396 0.05957 0.0459
0 0.25195 0.68457 0.04688 0.05078
0 0.94189 0.02393 0.02832 0.04785
0 0.43896 0.7876 0.0498 0.0459
0 0.9751 0.73291 0.04785 0.05176
0 0.89697 0.28564 0.08887 0.04785
0 0.78906 0.03125 0.04688 0.0625
0 0.78711 0.89404 0.09961 0.0498
0 0.95703 0.25635 0.05078 0.06738
0 0.41406 0.1543 0.06641 0.04492
0 0.43066 0.19629 0.04688 0.07812
0 0.98828 0.84521 0.02344 0.05176
0 0.36377 0.01367 0.03613 0.02734
0 0.98486 0.2085 0.03027 0.04785
0 0.66455 0.83984 0.06934 0.0332
0 0.88232 0.21533 0.08105 0.05371
0 0.90479 0.44141 0.0498 0.05469
0 0.87695 0.03174 0.05664 0.05176
0 0.98584 0.0542 0.02832 0.1084
0 0.48535 0.79443 0.06445 0.07324
0 0.60449 0.83984 0.11328 0.04297
0 0.87305 0.25537 0.04492 0.0498
