0 0.18701 0.13086 0.11035 0.0625
0 0.27441 0.23535 0.09375 0.06641
0 0.36133 0.27441 0.08008 0.08203
0 0.39111 0.07666 0.0752 0.08496
0 0.56494 0.10303 0.08105 0.07324
0 0.74561 0.13867 0.09473 0.14453
0 0.90723 0.05225 0.05664 0.05762
0 0.79541 0.27686 0.08301 0.07715
0 0.8208 0.19678 0.06543 0.07324
0 0.59961 0.15381 0.06836 0.05566
0 0.70508 0.35547 0.16406 0.125
0 0.93457 0.42578 0.10547 0.12305
0 0.91797 0.28125 0.10156 0.0957
0 0.53857 0.39551 0.08496 0.08398
0 0.35449 0.5083 0.12695 0.1377
0 0.38379 0.36475 0.08789 0.0752
0 0.25146 0.76465 0.11035 0.125
0 0.04053 0.64941 0.0752 0.10547
0 0.0791 0.76465 0.12305 0.11914
0 0.65039 0.71191 0.16016 0.10938
0 0.45361 0.88037 0.11621 0.0752
0 0.26465 0.96582 0.09766 0.06836
0 0.08398 0.89355 0.16797 0.06836
0 0.07617 0.98291 0.10547 0.03418
0 0.74902 0.93408 0.10938 0.06348
0 0.86279 0.82617 0.09473 0.07227
0 0.94531 0.75928 0.10938 0.1377
0 0.94873 0.64453 0.10254 0.14258
0 0.76123 0.97461 0.10449 0.05078
0 0.95264 0.11719 0.09473 0.12695
0 0.61084 0.81152 0.07324 0.08594
0 0.18604 0.33984 0.06934 0.05469
0 0.08398 0.24316 0.07227 0.09375
0 0.02051 0.33789 0.04102 0.04297
0 0.09961 0.04053 0.0918 0.08105
0 0.40723 0.14502 0.13672 0.09668
0 0.56885 0.26221 0.09082 0.0791
0 0.1416 0.22656 0.08789 0.06445
0 0.78711 0.4209 0.13086 0.08789
