0 0.04736 0.72168 0.09473 0.07422
0 0.09717 0.93457 0.09277 0.08789
0 0.16406 0.94678 0.06836 0.10645
0 0.20068 0.71143 0.15332 0.0791
0 0.28125 0.63867 0.13086 0.0957
0 0.0127 0.51318 0.02539 0.15332
0 0.04639 0.4707 0.06348 0.10938
0 0.10693 0.43311 0.05176 0.07129
0 0.0127 0.01709 0.02539 0.03418
0 0.06201 0.0249 0.08887 0.0498
0 0.10107 0.22266 0.08105 0.08008
0 0.1748 0.3291 0.08789 0.12695
0 0.25879 0.35303 0.06836 0.08301
0 0.20703 0.45703 0.11523 0.08984
0 0.2749 0.46436 0.06348 0.08301
0 0.3418 0.47949 0.08008 0.05859
0 0.40967 0.56982 0.08105 0.08691
0 0.45947 0.59912 0.06934 0.06543
0 0.51025 0.74414 0.06348 0.09766
0 0.53418 0.854 0.08594 0.10059
0 0.5498 0.9375 0.10156 0.06641
0 0.37695 0.96631 0.11914 0.06738
0 0.65918 0.76709 0.11328 0.12402
0 0.79053 0.97168 0.07715 0.05664
0 0.14307 0.91602 0.05371 0.07422
0 0.97217 0.90674 0.05566 0.05762
0 0.95166 0.86133 0.09668 0.05859
0 0.98682 0.73828 0.02637 0.12109
0 0.82373 0.72559 0.06738 0.0625
0 0.73877 0.59229 0.07715 0.07129
0 0.76074 0.66504 0.08789 0.05078
0 0.87305 0.61572 0.11133 0.08691
0 0.94287 0.50732 0.08691 0.11426
0 0.64355 0.38037 0.07422 0.11621
0 0.81445 0.42383 0.16797 0.11914
0 0.64502 0.45166 0.08887 0.04199
0 0.74316 0.31445 0.08594 0.08594
0 0.5625 0.26025 0.07617 0.05957
0 0.92969 0.23828 0.10156 0.07422
0 0.96826 0.17383 0.06348 0.08008
0 0.95801 0.09912 0.08398 0.06934
0 0.7998 0.08008 0.16797 0.07031
0 0.81494 0.02588 0.13574 0.05176
0 0.47754 0.03662 0.10156 0.07324
0 0.01807 0.11182 0.03613 0.04785
0 0.10498 0.68359 0.05371 0.05664
0 0.76367 0.26953 0.05469 0.05273
0 0.95312 0.22754 0.09375 0.12305
