0 0.06494 0.57422 0.11035 0.10352
0 0.01807 0.24121 0.03613 0.0957
0 0.0249 0.20459 0.0498 0.0752
0 0.2915 0.23047 0.06348 0.06445
0 0.18848 0.34912 0.07422 0.06934
0 0.29346 0.40527 0.1084 0.08789
0 0.41357 0.31299 0.08105 0.08887
0 0.41602 0.21289 0.07031 0.09766
0 0.56201 0.16504 0.13184 0.08008
0 0.59277 0.24805 0.08398 0.0625
0 0.55176 0.36328 0.07812 0.07227
0 0.62402 0.47363 0.07227 0.07812
0 0.70117 0.4541 0.09766 0.19141
0 0.77441 0.06299 0.08203 0.1084
0 0.39453 0.06299 0.06836 0.08301
0 0.2085 0.14209 0.08301 0.0498
0 0.16504 0.07959 0.0625 0.04199
0 0.0293 0.78467 0.05859 0.10254
0 0.05518 0.72119 0.11035 0.10254
0 0.18652 0.63037 0.09961 0.09082
0 0.22656 0.70996 0.11328 0.08008
0 0.2998 0.59863 0.125 0.08008
0 0.3374 0.76318 0.12207 0.10059
0 0.9458 0.49609 0.0752 0.14844
0 0.97168 0.23975 0.05664 0.09473
0 0.24219 0.06201 0.06445 0.07715
0 0.81787 0.74756 0.11035 0.10449
0 0.71143 0.64844 0.08496 0.07227
0 0.66309 0.76074 0.0918 0.0625
0 0.59082 0.81641 0.16211 0.10156
0 0.45264 0.94287 0.1084 0.08105
0 0.3916 0.83838 0.05469 0.09668
0 0.17432 0.86768 0.08496 0.08887
0 0.16553 0.9834 0.06738 0.0332
0 0.04834 0.96143 0.09668 0.07715
0 0.25684 0.97559 0.06445 0.04883
0 0.75342 0.91406 0.08301 0.06445
0 0.75488 0.97021 0.08594 0.05957
0 0.58008 0.97852 0.09766 0.04297
0 0.07764 0.05908 0.10449 0.09277
0 0.97607 0.61279 0.04785 0.08887
0 0.66553 0.99316 0.06738 0.01367
