0 0.30713 0.28857 0.05762 0.09863
0 0.63965 0.81543 0.07227 0.08203
0 0.87998 0.56641 0.05762 0.11035
0 0.48047 0.85205 0.05078 0.10254
0 0.12598 0.30908 0.06445 0.06152
0 0.1001 0.22998 0.11035 0.06348
0 0.58984 0.64355 0.05273 0.11328
0 0.62988 0.31885 0.0293 0.08887
0 0.82471 0.82861 0.04004 0.08301
0 0.85303 0.05811 0.04004 0.09082
0 0.50488 0.09229 0.04297 0.09473
0 0.01758 0.9624 0.03516 0.0752
0 0.90479 0.37207 0.03809 0.0625
0 0.93262 0.92822 0.04297 0.11621
0 0.42627 0.49414 0.03223 0.10742
0 0.84863 0.19043 0.02539 0.08789
0 0.89404 0.51855 0.03809 0.08203
0 0.0752 0.61816 0.03711 0.08984
0 0.58789 0.14746 0.04688 0.08984
0 0.31152 0.51367 0.08984 0.11719
0 0.91113 0.3291 0.0293 0.08789
0 0.91406 0.11572 0.05664 0.06934
0 0.71143 0.97168 0.03418 0.05664
0 0.42285 0.7251 0.0625 0.05371
0 0.25342 0.92969 0.07324 0.03906
0 0.68213 0.62061 0.06738 0.12402
0 0.31885 0.76855 0.06348 0.04688
0 0.34863 0.97998 0.05469 0.03613
0 0.3916 0.34521 0.02734 0.08105
0 0.25635 0.32812 0.08691 0.10352
0 0.74072 0.59863 0.04785 0.07031
0 0.55029 0.07764 0.04199 0.08691
0 0.91309 0.57129 0.02539 0.06445
0 0.71631 0.55225 0.02832 0.08105
0 0.5376 0.53662 0.0752 0.05176
0 0.12012 0.67236 0.08398 0.10059
0 0.55566 0.14111 0.0332 0.08691
0 0.39551 0.55371 0.05273 0.03906
0 0.60449 0.25 0.0293 0.05859
0 0.20996 0.6543 0.05859 0.05859
0 0.22705 0.02832 0.05762 0.05469
0 0.90479 0.05029 0.04004 0.06348
0 0.77832 0.34907 0.11699 0.04775
0 0.23926 0.71143 0.06445 0.04004
0 0.42871 0.32715 0.05664 0.10156
0 0.97559 0.84619 0.02734 0.05957
0 0.34814 0.71387 0.0459 0.06641
0 0.58496 0.97363 0.03516 0.05273
0 0.94824 0.14014 0.02734 0.05371
0 0.95605 0.86035 0.03125 0.07812
0 0.66553 0.23828 0.03809 0.08008
0 0.70703 0.90332 0.0332 0.04492
0 0.13574 0.11377 0.07031 0.05762
0 0.7959 0.78027 0.04688 0.0625
0 0.96973 0.85596 0.0332 0.06934
0 0.07715 0.97412 0.0332 0.03809
0 0.40039 0.21387 0.06445 0.05469
0 0.75488 0.68164 0.04297 0.04102
0 0.98438 0.70654 0.03125 0.0459
0 0.51709 0.68018 0.0752 0.04395
0 0.52246 0.61328 0.04102 0.0625
0 0.29736 0.50293 0.06738 0.13281
