0 0.97559 0.12744 0.04883 0.08887
0 0.04297 0.2334 0.05664 0.08984
0 0.16553 0.62744 0.0791 0.07324
0 0.78955 0.50586 0.18066 0.07812
0 0.76465 0.36182 0.13477 0.09473
0 0.08398 0.81055 0.09375 0.07227
0 0.68457 0.57227 0.10938 0.08984
0 0.5498 0.43066 0.07227 0.05273
0 0.81689 0.22607 0.13965 0.10254
0 0.12061 0.45605 0.08691 0.0625
0 0.08154 0.67139 0.08105 0.06152
0 0.56348 0.32178 0.08789 0.06543
0 0.29785 0.27051 0.08398 0.11719
0 0.73145 0.15137 0.08203 0.05664
0 0.10693 0.17969 0.05957 0.07031
0 0.25635 0.5332 0.0752 0.05664
0 0.17334 0.17139 0.06348 0.10645
0 0.93506 0.4585 0.04004 0.07715
0 0.06299 0.90869 0.05762 0.05566
0 0.15332 0.81201 0.05664 0.0459
0 0.73633 0.21289 0.12695 0.08008
0 0.74219 0.05078 0.06055 0.09766
0 0.70459 0.05469 0.0752 0.07422
0 0.83447 0.13428 0.10254 0.11035
0 0.84863 0.08789 0.125 0.08789
0 0.8457 0.2583 0.10742 0.08691
0 0.80078 0.37744 0.10156 0.08496
0 0.88916 0.76562 0.05957 0.07617
0 0.93945 0.04346 0.06055 0.08301
0 0.21875 0.14697 0.0625 0.07129
0 0.30029 0.33154 0.15332 0.03613
0 0.82715 0.04736 0.10742 0.09473
