0 0.85303 0.83057 0.07715 0.10254
0 0.7124 0.15967 0.08691 0.06934
0 0.92627 0.40479 0.0459 0.08496
0 0.49219 0.64111 0.09375 0.06543
0 0.41846 0.39648 0.1416 0.08398
0 0.35059 0.62451 0.07617 0.05762
0 0.30176 0.79395 0.07031 0.05469
0 0.13086 0.5542 0.07422 0.07129
0 0.58154 0.25488 0.10449 0.06055
0 0.31787 0.43652 0.08301 0.05469
0 0.29736 0.32764 0.07129 0.05566
0 0.65527 0.07373 0.07227 0.05957
0 0.13037 0.89648 0.07715 0.05469
0 0.70801 0.64307 0.07812 0.0498
0 0.52588 0.50195 0.09082 0.07227
0 0.54395 0.20508 0.0918 0.04492
0 0.7251 0.23291 0.08496 0.09082
0 0.50977 0.14893 0.06836 0.0459
0 0.66455 0.38818 0.06934 0.05176
0 0.90723 0.59229 0.08008 0.04199
0 0.90723 0.29492 0.14648 0.04102
0 0.48633 0.07812 0.10156 0.04297
0 0.85693 0.9834 0.09863 0.0293
0 0.74219 0.57227 0.08984 0.02734
0 0.05957 0.26758 0.07422 0.03516
0 0.25098 0.60449 0.08984 0.04102
0 0.02441 0.01758 0.04883 0.0332
0 0.95752 0.69482 0.08496 0.03613
0 0.25684 0.87646 0.06641 0.04004
0 0.73926 0.69678 0.0332 0.08301
0 0.37646 0.08643 0.06934 0.02441
0 0.86035 0.44629 0.07031 0.07422
0 0.34863 0.89551 0.06641 0.03125
0 0.29883 0.04248 0.07812 0.02637
0 0.521 0.46631 0.08496 0.03223
0 0.15381 0.65869 0.08691 0.03027
0 0.49219 0.01514 0.06445 0.03027
0 0.64209 0.93896 0.0752 0.03809
0 0.44922 0.56348 0.06836 0.03125
0 0.02832 0.20557 0.05469 0.0459
0 0.09473 0.20068 0.11914 0.1123
0 0.5752 0.18018 0.07617 0.02832
0 0.97803 0.42139 0.04395 0.08105
0 0.14014 0.44189 0.0791 0.02637
0 0.81006 0.46484 0.09863 0.03516
0 0.41113 0.91357 0.07031 0.02246
0 0.60596 0.88818 0.08496 0.02832
0 0.42236 0.94971 0.08496 0.02832
0 0.80322 0.61572 0.08496 0.02832
0 0.51172 0.69287 0.09375 0.02051
0 0.96582 0.32812 0.06836 0.02344
0 0.78271 0.29297 0.16113 0.05859
0 0.27832 0.98242 0.10352 0.03516
0 0.2041 0.97803 0.0625 0.03418
0 0.05957 0.74902 0.11523 0.03516
0 0.06543 0.95361 0.13086 0.06348
0 0.0332 0.39062 0.06641 0.02539
0 0.65576 0.97607 0.05566 0.04395
0 0.03516 0.87988 0.07031 0.0332
0 0.96191 0.76465 0.05469 0.03125
0 0.55068 0.5522 0.11309 0.02959
0 0.02295 0.24609 0.04395 0.04492
0 0.39014 0.59668 0.0498 0.02148
0 0.08838 0.11475 0.0498 0.02832
0 0.48486 0.93066 0.07715 0.01953
0 0.37549 0.74756 0.06934 0.02637
0 0.05908 0.77344 0.08887 0.01953
0 0.93164 0.01709 0.04297 0.03223
0 0.87646 0.48096 0.07715 0.06934
0 0.07617 0.17383 0.09375 0.07227
0 0.56689 0.95752 0.06348 0.0166
0 0.03369 0.16992 0.06543 0.05859
0 0.03223 0.36572 0.06445 0.02246
0 0.2041 0.77295 0.07812 0.03223
0 0.52295 0.01367 0.03613 0.02734
0 0.1582 0.93701 0.07031 0.03223
0 0.35596 0.74414 0.0752 0.06836
