0 0.24805 0.3623 0.13281 0.07031
0 0.41699 0.07324 0.06641 0.0918
0 0.63477 0.02734 0.08008 0.05469
0 0.88232 0.58203 0.09473 0.07422
0 0.57812 0.69092 0.08789 0.1377
0 0.52637 0.04053 0.06641 0.08105
0 0.61328 0.32471 0.09766 0.10449
0 0.53467 0.48535 0.08496 0.0625
0 0.49219 0.29053 0.17969 0.12793
0 0.1709 0.16357 0.05273 0.05762
0 0.06934 0.85596 0.09961 0.1123
0 0.07178 0.32422 0.11035 0.08984
0 0.37598 0.57959 0.08789 0.14551
0 0.61963 0.13477 0.14941 0.16016
0 0.75439 0.16846 0.12012 0.12207
0 0.35205 0.0332 0.06738 0.06641
0 0.11035 0.01855 0.14258 0.03711
0 0.51709 0.42969 0.06934 0.05469
0 0.80713 0.73828 0.13574 0.08789
0 0.0957 0.49707 0.0625 0.07422
0 0.69434 0.44824 0.07031 0.12695
0 0.30322 0.05225 0.06738 0.10449
0 0.87695 0.48828 0.06055 0.06836
0 0.21582 0.64209 0.07812 0.13574
0 0.61719 0.91309 0.08984 0.12695
0 0.17969 0.7998 0.15039 0.19531
0 0.22559 0.22217 0.0625 0.0498
0 0.16211 0.07178 0.05469 0.0752
0 0.95459 0.66943 0.09082 0.05957
0 0.30225 0.80322 0.05957 0.22168
0 0.59082 0.43945 0.05664 0.08008
0 0.41309 0.94971 0.07227 0.10059
0 0.08838 0.09668 0.08691 0.08008
0 0.2085 0.51953 0.1377 0.13086
0 0.2749 0.76709 0.08496 0.06934
0 0.9585 0.28955 0.08301 0.1709
0 0.97998 0.92969 0.04004 0.08984
0 0.03711 0.09961 0.07031 0.16992
0 0.03076 0.63184 0.05762 0.10547
0 0.78809 0.90088 0.07227 0.14746
0 0.59961 0.79346 0.08984 0.07715
0 0.87109 0.65723 0.07227 0.21484
0 0.8623 0.18945 0.09961 0.07031
0 0.74561 0.44922 0.08301 0.05469
0 0.26416 0.53711 0.12012 0.07031
0 0.76953 0.04346 0.09961 0.08691
0 0.75195 0.40332 0.07031 0.09766
0 0.69482 0.81543 0.25488 0.09766
0 0.08447 0.97461 0.08496 0.05078
0 0.46924 0.11963 0.09473 0.06543
0 0.22168 0.93848 0.10547 0.12305
0 0.09326 0.18701 0.1084 0.0791
0 0.49951 0.33984 0.0752 0.08984
0 0.12598 0.58936 0.05273 0.08496
0 0.18799 0.73193 0.04785 0.10449
0 0.35205 0.80957 0.06543 0.24414
0 0.73926 0.97461 0.08984 0.05078
0 0.60205 0.98242 0.09082 0.03516
0 0.55713 0.82715 0.0498 0.10938
0 0.65088 0.87451 0.07324 0.0752
