0 0.75391 0.65527 0.09375 0.10156
0 0.34033 0.63232 0.08691 0.06152
0 0.56543 0.94775 0.09375 0.10449
0 0.66455 0.39697 0.11035 0.08691
0 0.62646 0.69824 0.09277 0.08594
0 0.80273 0.26074 0.08594 0.05859
0 0.70166 0.09619 0.08887 0.06348
0 0.47656 0.96387 0.04688 0.07227
0 0.54199 0.73779 0.10352 0.07715
0 0.74951 0.15918 0.13379 0.07422
0 0.95312 0.29541 0.09375 0.1123
0 0.12842 0.25635 0.15723 0.09473
0 0.39746 0.89551 0.08398 0.14648
0 0.54785 0.4668 0.12891 0.06445
0 0.72852 0.53516 0.11328 0.06055
0 0.58105 0.06445 0.07227 0.0625
0 0.31543 0.90186 0.05664 0.11816
0 0.06934 0.29346 0.13477 0.08691
0 0.58545 0.57275 0.08496 0.05176
0 0.06689 0.53125 0.13184 0.05273
0 0.95459 0.46484 0.08887 0.07227
0 0.70459 0.28662 0.14355 0.14941
0 0.85791 0.12207 0.05566 0.05078
0 0.5957 0.13135 0.13086 0.13574
0 0.98682 0.85059 0.02637 0.12109
0 0.70703 0.7793 0.09766 0.04297
0 0.83691 0.33496 0.05664 0.04688
0 0.25928 0.36621 0.12598 0.07227
0 0.72314 0.91211 0.06738 0.07812
0 0.0376 0.47998 0.0752 0.06543
0 0.1499 0.65137 0.09473 0.08008
0 0.51807 0.68359 0.10059 0.08008
0 0.36279 0.1084 0.15137 0.04688
0 0.96582 0.3208 0.06836 0.06934
0 0.04395 0.97949 0.08398 0.04102
0 0.08691 0.14062 0.14258 0.13867
0 0.7749 0.98145 0.10254 0.03711
0 0.51855 0.84912 0.0918 0.03027
0 0.55029 0.27539 0.05566 0.05078
0 0.87695 0.81396 0.1875 0.09668
0 0.35742 0.14062 0.10547 0.03125
0 0.65527 0.62842 0.08008 0.06152
0 0.66064 0.91455 0.10449 0.1709
0 0.52637 0.97559 0.08594 0.04883
0 0.36035 0.27783 0.2207 0.10449
0 0.229 0.3999 0.11621 0.06934
0 0.15332 0.19092 0.07617 0.0459
0 0.02637 0.35449 0.05273 0.04688
0 0.22412 0.89746 0.12598 0.05078
0 0.0708 0.08105 0.1416 0.04883
0 0.74658 0.85059 0.12598 0.07617
0 0.53906 0.21338 0.04883 0.0498
0 0.1543 0.86621 0.17969 0.05273
0 0.39551 0.56689 0.04492 0.04199
0 0.44824 0.76172 0.05664 0.0293
0 0.15137 0.73389 0.18945 0.12402
0 0.30273 0.13672 0.10547 0.05273
0 0.96191 0.71924 0.07422 0.03223
0 0.33301 0.45264 0.09961 0.04395
0 0.02588 0.55859 0.05176 0.04688
0 0.58154 0.19678 0.07324 0.03418
0 0.85156 0.3335 0.06055 0.0459
0 0.58789 0.29932 0.0918 0.06152
0 0.72998 0.50195 0.08496 0.04883
0 0.5874 0.64307 0.05566 0.02246
0 0.06006 0.86621 0.07715 0.19727
0 0.53174 0.52441 0.06348 0.0957
0 0.66064 0.95459 0.0791 0.09082
0 0.27734 0.85107 0.0918 0.04004
0 0.19873 0.70947 0.2666 0.09277
0 0.97852 0.95703 0.04297 0.08008
0 0.02197 0.40918 0.04199 0.04883
0 0.85791 0.49463 0.16113 0.09668
0 0.83545 0.4624 0.05176 0.03223
0 0.6167 0.5542 0.08691 0.03223
0 0.73682 0.42969 0.05762 0.04102
0 0.33789 0.24219 0.19727 0.07617
0 0.32129 0.0293 0.0625 0.05469
0 0.44141 0.04834 0.16211 0.08691
0 0.53418 0.02637 0.07031 0.05273
