0 0.26807 0.07422 0.07129 0.0625
0 0.06494 0.22998 0.07129 0.06934
0 0.18066 0.271 0.06641 0.05957
0 0.21484 0.35596 0.07812 0.08691
0 0.11621 0.50293 0.0918 0.11523
0 0.03154 0.34941 0.06309 0.07617
0 0.0415 0.60498 0.08301 0.08887
0 0.01221 0.69434 0.02441 0.08203
0 0.13867 0.70508 0.09375 0.08789
0 0.2334 0.98633 0.08398 0.02734
0 0.66162 0.13281 0.09277 0.08008
0 0.74561 0.16748 0.11621 0.16895
0 0.92285 0.03906 0.09766 0.07812
0 0.94678 0.38574 0.06348 0.06836
0 0.87939 0.51221 0.08496 0.08301
0 0.76465 0.60547 0.05469 0.06641
0 0.98633 0.65869 0.02734 0.11035
0 0.91748 0.9165 0.11035 0.12207
0 0.72852 0.87061 0.06445 0.06543
0 0.63428 0.96045 0.07715 0.0791
0 0.48096 0.98535 0.05957 0.0293
0 0.375 0.95117 0.06836 0.06641
0 0.39648 0.86426 0.08203 0.08789
0 0.93799 0.97656 0.08008 0.04688
0 0.56152 0.59863 0.11133 0.10547
