0 0.12842 0.03516 0.07715 0.07031
0 0.36816 0.02002 0.10547 0.04004
0 0.58301 0.04883 0.09766 0.09766
0 0.88232 0.01025 0.08887 0.02051
0 0.71191 0.04199 0.06641 0.07617
0 0.88818 0.25146 0.07324 0.07715
0 0.80225 0.22461 0.06738 0.07227
0 0.72656 0.18506 0.07617 0.0752
0 0.57178 0.18506 0.0752 0.09863
0 0.52051 0.35059 0.11914 0.09375
0 0.72754 0.30713 0.10547 0.08496
0 0.81396 0.37549 0.0791 0.0752
0 0.84082 0.49658 0.05469 0.0752
0 0.61328 0.57275 0.09961 0.07715
0 0.42725 0.56738 0.0752 0.10156
0 0.25928 0.57617 0.11621 0.13477
0 0.2959 0.74121 0.0918 0.10547
0 0.25439 0.86133 0.0791 0.08789
0 0.11816 0.88965 0.14453 0.08398
0 0.16699 0.95068 0.10742 0.0752
0 0.04883 0.28613 0.09766 0.13086
0 0.33105 0.26221 0.125 0.06738
0 0.26758 0.3916 0.08203 0.08789
0 0.28516 0.21289 0.10938 0.06836
0 0.31201 0.11572 0.11035 0.05566
0 0.97754 0.31885 0.04492 0.11621
0 0.97461 0.74951 0.05078 0.08496
0 0.97461 0.65283 0.05078 0.07129
0 0.83594 0.74756 0.07227 0.07324
0 0.75537 0.75684 0.07324 0.09961
0 0.84277 0.87256 0.09766 0.08887
0 0.81885 0.95361 0.12012 0.07715
0 0.48975 0.53662 0.05762 0.08691
0 0.02637 0.45703 0.05273 0.06445
0 0.02637 0.63525 0.05273 0.1084
0 0.66553 0.47998 0.0752 0.05957
0 0.04102 0.94922 0.08203 0.08398
