0 0.37939 0.44971 0.2002 0.14551
0 0.3335 0.7085 0.1377 0.06738
0 0.75488 0.53418 0.24023 0.08984
0 0.56201 0.60205 0.13965 0.06543
0 0.71289 0.10449 0.15234 0.14062
0 0.29297 0.3667 0.15039 0.12207
0 0.16455 0.64111 0.15918 0.06738
0 0.59082 0.50049 0.15234 0.06738
0 0.10107 0.42969 0.1377 0.09961
0 0.09326 0.1958 0.1084 0.1123
0 0.80469 0.67969 0.27539 0.08984
0 0.17822 0.97754 0.2002 0.04492
0 0.29004 0.33496 0.14258 0.05859
0 0.24951 0.79688 0.18066 0.06445
0 0.24414 0.01221 0.22656 0.02441
0 0.88184 0.41016 0.23633 0.10352
0 0.19189 0.8418 0.19434 0.08984
0 0.83447 0.21826 0.11035 0.12793
0 0.72803 0.22852 0.15723 0.08203
0 0.61084 0.75098 0.15332 0.12695
0 0.87549 0.96631 0.08691 0.05762
0 0.70068 0.39697 0.11816 0.08496
0 0.78076 0.33105 0.15723 0.0625
0 0.95361 0.19238 0.09277 0.06641
0 0.1709 0.37305 0.11719 0.0625
0 0.83594 0.37842 0.17188 0.07715
0 0.9209 0.19336 0.11914 0.0918
0 0.90918 0.25586 0.15234 0.07227
0 0.9082 0.29688 0.12305 0.06445
0 0.90723 0.04199 0.14453 0.07422
0 0.85596 0.10596 0.15723 0.04199
0 0.78564 0.62695 0.08691 0.08008
