0 0.42432 0.51562 0.06738 0.08594
0 0.69385 0.71387 0.06152 0.10352
0 0.79297 0.5918 0.0625 0.0957
0 0.84082 0.21387 0.0957 0.06836
0 0.61084 0.83496 0.05371 0.0918
0 0.9043 0.86035 0.10742 0.06641
0 0.04688 0.25049 0.09375 0.18262
0 0.85889 0.96729 0.08105 0.06543
0 0.23096 0.85156 0.09473 0.07031
0 0.02979 0.84229 0.05957 0.15137
0 0.20703 0.31348 0.0625 0.06641
0 0.26807 0.03467 0.15332 0.06934
0 0.45605 0.96826 0.07031 0.06348
0 0.50244 0.67969 0.05957 0.07812
0 0.09131 0.76562 0.1123 0.12695
0 0.06689 0.56982 0.13379 0.06348
0 0.09131 0.44434 0.09277 0.07422
0 0.87256 0.58691 0.05371 0.05664
0 0.94971 0.29785 0.10059 0.06055
0 0.9209 0.19043 0.06055 0.14453
0 0.66748 0.55225 0.05371 0.11621
0 0.90723 0.53564 0.07812 0.05957
0 0.80127 0.10303 0.0791 0.1084
0 0.58691 0.74219 0.06055 0.11523
0 0.51318 0.25977 0.06543 0.06641
0 0.33105 0.60742 0.0918 0.03125
0 0.5332 0.75342 0.08594 0.05957
0 0.10352 0.69873 0.07617 0.04785
0 0.27051 0.88428 0.05859 0.05566
0 0.26758 0.45557 0.07422 0.0498
0 0.65039 0.28076 0.06055 0.0752
0 0.52539 0.02783 0.05273 0.05566
0 0.78516 0.28027 0.0918 0.04492
0 0.39258 0.31494 0.07617 0.04395
0 0.92773 0.35547 0.06445 0.0625
0 0.19287 0.76172 0.09277 0.03516
0 0.49756 0.63281 0.05957 0.04688
0 0.7959 0.3584 0.07617 0.04688
0 0.5874 0.98291 0.03418 0.03027
0 0.18408 0.12598 0.06934 0.20117
0 0.07422 0.94043 0.08594 0.03906
0 0.69922 0.63135 0.0957 0.05957
0 0.01172 0.77539 0.02344 0.0293
0 0.71338 0.0542 0.0498 0.06152
0 0.37988 0.57764 0.09375 0.0498
0 0.229 0.98584 0.03223 0.02832
0 0.48682 0.521 0.0791 0.05762
0 0.20703 0.98047 0.04102 0.03906
0 0.07178 0.61621 0.14355 0.04883
0 0.97412 0.21143 0.0498 0.0459
0 0.27588 0.75684 0.06152 0.04102
0 0.35449 0.62891 0.0957 0.03516
0 0.73389 0.50732 0.06738 0.05371
0 0.29395 0.04883 0.03516 0.05859
0 0.05322 0.65332 0.10449 0.06055
0 0.3877 0.771 0.05078 0.02246
0 0.16309 0.73389 0.0625 0.04785
0 0.39648 0.74854 0.05469 0.04004
0 0.83936 0.17236 0.06348 0.05371
0 0.87158 0.12598 0.04785 0.05859
0 0.65527 0.05762 0.05078 0.05859
0 0.54297 0.85107 0.1543 0.18457
0 0.24707 0.94092 0.09766 0.04785
0 0.20264 0.91943 0.05762 0.07715
0 0.12354 0.9541 0.12402 0.06641
0 0.91113 0.90039 0.07031 0.03906
0 0.40332 0.979 0.07031 0.03809
0 0.17383 0.05664 0.08984 0.10742
0 0.87891 0.78076 0.05273 0.0498
0 0.02344 0.94189 0.04102 0.04199
