0 0.12451 0.53369 0.06543 0.06348
0 0.16797 0.56396 0.10547 0.08105
0 0.08154 0.67432 0.09863 0.0791
0 0.14697 0.93604 0.08105 0.08105
0 0.10498 0.97266 0.06348 0.05469
0 0.25586 0.9668 0.0625 0.06641
0 0.33057 0.90332 0.07324 0.0625
0 0.31592 0.97852 0.06738 0.04297
0 0.35693 0.74854 0.05762 0.06543
0 0.27246 0.56348 0.08008 0.07812
0 0.40674 0.5625 0.06543 0.07227
0 0.33301 0.45752 0.09766 0.09082
0 0.24561 0.46191 0.06738 0.07227
0 0.01123 0.28662 0.02246 0.10254
0 0.21631 0.29395 0.08301 0.08203
0 0.34473 0.24854 0.08789 0.08691
0 0.30322 0.15234 0.06738 0.07227
0 0.24365 0.13818 0.07129 0.0752
0 0.04492 0.08887 0.07227 0.06641
0 0.59668 0.08643 0.06641 0.07129
0 0.67871 0.08203 0.06055 0.07227
0 0.80469 0.09131 0.08008 0.09082
0 0.73926 0.12988 0.08008 0.06836
0 0.7207 0.24512 0.06836 0.10352
0 0.73486 0.40186 0.08496 0.08887
0 0.48584 0.44336 0.06934 0.08398
0 0.71338 0.49219 0.09863 0.06836
0 0.96924 0.45166 0.05957 0.06738
0 0.54199 0.64648 0.08984 0.08008
0 0.70264 0.66846 0.07129 0.06738
0 0.71387 0.61816 0.05859 0.06641
0 0.89697 0.59082 0.06543 0.0625
0 0.87451 0.71924 0.07129 0.10254
0 0.9668 0.77979 0.06641 0.07715
0 0.7666 0.83838 0.08008 0.08691
0 0.63623 0.7583 0.05371 0.07324
0 0.74609 0.97119 0.08008 0.05762
0 0.83252 0.94775 0.07715 0.07129
0 0.95654 0.95361 0.06543 0.08301
0 0.93896 0.02588 0.0791 0.05176
0 0.64795 0.02148 0.07715 0.04297
0 0.82666 0.56982 0.06348 0.1084
0 0.354 0.53857 0.09082 0.0752
0 0.16504 0.02686 0.08594 0.05371
0 0.03174 0.03564 0.04785 0.04785
0 0.38623 0.21582 0.05957 0.06055
0 0.35791 0.30713 0.0791 0.06348
0 0.66016 0.21973 0.05859 0.05664
0 0.86279 0.01367 0.05957 0.02734
0 0.47461 0.07764 0.04688 0.04785
0 0.69824 0.39941 0.03906 0.04883
0 0.36475 0.98242 0.04785 0.03516
0 0.62842 0.79248 0.03613 0.03418
0 0.59277 0.63916 0.03516 0.03613
0 0.77441 0.57715 0.04688 0.05273
