0 0.07178 0.05518 0.14355 0.07715
0 0.08057 0.02393 0.14941 0.04785
0 0.4375 0.05322 0.07812 0.10645
0 0.32715 0.11182 0.09961 0.07129
0 0.3291 0.19629 0.08398 0.12305
0 0.5166 0.16943 0.0918 0.05566
0 0.72754 0.10254 0.07031 0.11523
0 0.79785 0.09277 0.08008 0.07617
0 0.80225 0.17529 0.0791 0.08301
0 0.83936 0.02832 0.08301 0.05664
0 0.18799 0.14795 0.08887 0.05566
0 0.09277 0.18018 0.12305 0.06543
0 0.12842 0.39551 0.08691 0.20117
0 0.16602 0.52393 0.07031 0.04785
0 0.70361 0.47852 0.05762 0.0957
0 0.91113 0.51221 0.07031 0.09863
0 0.96338 0.49365 0.05176 0.0498
0 0.9873 0.62402 0.02539 0.06641
0 0.53418 0.44092 0.25391 0.0791
0 0.28125 0.63037 0.05469 0.06152
0 0.39502 0.66211 0.06152 0.125
0 0.65674 0.60498 0.09668 0.06738
0 0.54639 0.56006 0.05957 0.08105
0 0.87842 0.74414 0.07324 0.08984
0 0.9458 0.69727 0.04785 0.08594
0 0.86133 0.85742 0.08203 0.0625
0 0.89844 0.96973 0.06641 0.04688
0 0.68896 0.71436 0.10059 0.08887
0 0.7002 0.81836 0.14258 0.10938
0 0.2832 0.73926 0.08594 0.09961
0 0.2085 0.66797 0.09473 0.08398
0 0.07715 0.65039 0.08203 0.06055
0 0.07812 0.6958 0.125 0.0752
0 0.06055 0.88623 0.09375 0.06152
0 0.03564 0.79346 0.07129 0.08887
0 0.48633 0.93018 0.07617 0.13965
0 0.30518 0.96289 0.07129 0.06445
0 0.21631 0.96777 0.0752 0.06055
0 0.10352 0.96436 0.08398 0.07129
0 0.49854 0.70068 0.05762 0.04395
0 0.521 0.74658 0.11816 0.06152
0 0.05566 0.53662 0.08789 0.06738
0 0.76807 0.50586 0.0752 0.11328
0 0.40576 0.04297 0.06543 0.08594
