0 0.04834 0.51514 0.09668 0.09277
0 0.22021 0.57861 0.13184 0.1123
0 0.13916 0.78418 0.11816 0.125
0 0.22705 0.26123 0.16504 0.0791
0 0.09961 0.29199 0.15039 0.0957
0 0.04932 0.22998 0.09863 0.08105
0 0.1543 0.146 0.16992 0.12793
0 0.43213 0.39502 0.09082 0.08105
0 0.74268 0.91162 0.14551 0.10254
0 0.11182 0.62012 0.09863 0.11328
0 0.60547 0.15674 0.2207 0.1123
0 0.49268 0.22461 0.10059 0.13086
0 0.31299 0.03418 0.08691 0.06836
0 0.62207 0.51367 0.10547 0.0625
0 0.74805 0.60596 0.24219 0.12207
0 0.02734 0.4375 0.05469 0.06836
0 0.04443 0.07178 0.06934 0.06738
0 0.6582 0.71289 0.17188 0.1875
0 0.92676 0.66602 0.14648 0.125
0 0.75684 0.35303 0.14453 0.17676
0 0.85107 0.47314 0.18457 0.14355
0 0.31152 0.9165 0.11328 0.12012
0 0.22607 0.94336 0.29785 0.11328
0 0.5293 0.02637 0.125 0.05273
0 0.10547 0.94971 0.09766 0.10059
0 0.69678 0.80566 0.1748 0.13281
0 0.97168 0.4375 0.05664 0.10156
0 0.48486 0.46533 0.05957 0.04395
