0 0.0249 0.44678 0.0498 0.08496
0 0.07031 0.38574 0.09766 0.08398
0 0.1875 0.43652 0.09961 0.17383
0 0.0835 0.56445 0.06543 0.10547
0 0.11475 0.63037 0.06934 0.10059
0 0.17139 0.5708 0.07129 0.08496
0 0.81494 0.19141 0.08887 0.07422
0 0.84717 0.42285 0.08887 0.0625
0 0.89111 0.51416 0.06934 0.0791
0 0.64307 0.37256 0.11816 0.08691
0 0.67432 0.65332 0.09473 0.11523
0 0.62842 0.71875 0.10254 0.0625
0 0.54883 0.63818 0.08594 0.13574
0 0.73779 0.7749 0.08301 0.06152
0 0.74365 0.84619 0.06152 0.08301
0 0.90576 0.86328 0.10645 0.06836
0 0.62598 0.94287 0.11328 0.06152
0 0.65771 0.86035 0.11621 0.11719
0 0.54639 0.87354 0.11621 0.08301
0 0.47754 0.79492 0.12891 0.07617
0 0.02734 0.95996 0.05469 0.07227
0 0.12695 0.96094 0.07617 0.07812
0 0.14111 0.8916 0.0791 0.05664
0 0.2085 0.85889 0.06934 0.06348
0 0.05371 0.77881 0.05664 0.05371
0 0.3877 0.50195 0.08008 0.0625
0 0.43018 0.47412 0.08105 0.12598
0 0.45166 0.37451 0.08301 0.08301
0 0.3999 0.37061 0.05371 0.07324
0 0.29639 0.24609 0.06738 0.09961
0 0.3667 0.20166 0.09082 0.05957
0 0.49316 0.16016 0.11719 0.11133
0 0.62012 0.04492 0.13281 0.08984
