0 0.16797 0.03027 0.09766 0.06055
0 0.3418 0.03564 0.10938 0.07129
0 0.94678 0.04492 0.10645 0.08984
0 0.74609 0.08105 0.09961 0.08789
0 0.79688 0.20166 0.16016 0.11035
0 0.86475 0.19287 0.08691 0.10254
0 0.95605 0.22119 0.08789 0.1748
0 0.77637 0.31348 0.12695 0.09766
0 0.9209 0.39062 0.10352 0.15625
0 0.50195 0.10889 0.0957 0.0791
0 0.29053 0.14941 0.11816 0.06055
0 0.11426 0.24268 0.22852 0.12988
0 0.3418 0.40869 0.16992 0.19238
0 0.47607 0.35352 0.14355 0.12695
0 0.54492 0.47217 0.12305 0.15137
0 0.69482 0.82617 0.10645 0.12695
0 0.84912 0.92383 0.10254 0.09766
0 0.67432 0.96875 0.09863 0.0625
0 0.08447 0.11426 0.16895 0.09375
0 0.02832 0.3999 0.05664 0.11035
0 0.03857 0.4873 0.05957 0.08398
0 0.10156 0.5918 0.07227 0.16016
0 0.13379 0.39746 0.07812 0.08984
0 0.2124 0.55566 0.10254 0.19141
0 0.31396 0.96436 0.09668 0.07129
0 0.16748 0.97314 0.08301 0.05371
0 0.0166 0.27002 0.0332 0.09473
0 0.24365 0.20996 0.11816 0.05664
