0 0.02979 0.00928 0.05957 0.01855
0 0.11523 0.02197 0.10352 0.04395
0 0.21436 0.21631 0.07715 0.07129
0 0.271 0.0459 0.1377 0.07812
0 0.36963 0.13916 0.09082 0.13965
0 0.37158 0.27686 0.08301 0.0752
0 0.22705 0.43506 0.12207 0.18652
0 0.32031 0.36182 0.04688 0.06348
0 0.41211 0.37695 0.06836 0.06055
0 0.53516 0.42041 0.07617 0.09668
0 0.05078 0.70557 0.06641 0.07715
0 0.23242 0.66211 0.06641 0.08203
0 0.25439 0.73389 0.06934 0.06348
0 0.40869 0.69775 0.07129 0.08887
0 0.47217 0.53809 0.06543 0.08203
0 0.57861 0.55273 0.05371 0.07031
0 0.09277 0.88867 0.09375 0.15234
0 0.19482 0.94775 0.0498 0.05957
0 0.34229 0.9585 0.09668 0.08301
0 0.5498 0.85889 0.08398 0.08301
0 0.64453 0.7915 0.06641 0.08496
0 0.64648 0.92627 0.14258 0.09473
0 0.75 0.92139 0.06641 0.08691
0 0.74609 0.73828 0.08398 0.09766
0 0.69092 0.58594 0.07715 0.09961
0 0.60693 0.61621 0.05762 0.07812
0 0.82031 0.59326 0.06836 0.09668
0 0.76953 0.46436 0.06641 0.12793
0 0.97803 0.75146 0.04395 0.12402
0 0.99316 0.30469 0.01367 0.07422
0 0.97803 0.20801 0.04395 0.06445
0 0.78223 0.23242 0.04492 0.0625
0 0.72168 0.18457 0.08789 0.08984
0 0.75391 0.07422 0.06836 0.08008
0 0.6748 0.01367 0.08008 0.02734
0 0.7959 0.01953 0.06836 0.03906
0 0.92188 0.01709 0.04883 0.03418
