0 0.04883 0.75244 0.09766 0.06348
0 0.12305 0.03662 0.11133 0.07324
0 0.03174 0.10986 0.06152 0.08496
0 0.14209 0.34473 0.09277 0.07422
0 0.15479 0.62793 0.07129 0.10938
0 0.24805 0.13721 0.10547 0.09668
0 0.2251 0.16553 0.05762 0.05176
0 0.35938 0.05957 0.09375 0.10547
0 0.61475 0.02295 0.06738 0.0459
0 0.58984 0.12012 0.11914 0.07227
0 0.47363 0.21875 0.0625 0.08594
0 0.29834 0.229 0.11426 0.06543
0 0.26025 0.4458 0.09277 0.10449
0 0.40283 0.4668 0.10449 0.12305
0 0.68164 0.42188 0.09961 0.08594
0 0.64893 0.24707 0.09277 0.07227
0 0.98389 0.5752 0.03223 0.10547
0 0.87109 0.27832 0.08984 0.07422
0 0.48047 0.59814 0.125 0.08887
0 0.47559 0.7959 0.17969 0.27148
0 0.32422 0.9165 0.06836 0.16699
0 0.61035 0.60156 0.12109 0.10156
0 0.68848 0.72803 0.0918 0.08496
0 0.80078 0.87598 0.13281 0.11133
0 0.93945 0.72754 0.12109 0.13672
0 0.72705 0.97803 0.07324 0.04395
0 0.84326 0.97656 0.12012 0.04688
0 0.95508 0.18896 0.08984 0.08496
0 0.87109 0.05176 0.13477 0.08203
0 0.80322 0.15186 0.06934 0.08691
