0 0.94678 0.03271 0.09668 0.06543
0 0.08545 0.01807 0.08691 0.03613
0 0.03223 0.19678 0.06445 0.15332
0 0.19141 0.07227 0.10742 0.14453
0 0.2793 0.09424 0.11914 0.09473
0 0.37891 0.14355 0.09961 0.08789
0 0.22559 0.20312 0.06641 0.07227
0 0.2041 0.32568 0.08594 0.07324
0 0.46191 0.25684 0.06055 0.12305
0 0.65186 0.19434 0.14551 0.13672
0 0.64258 0.08447 0.11719 0.09473
0 0.85107 0.1875 0.09277 0.08789
0 0.80957 0.29297 0.0918 0.10742
0 0.8623 0.41748 0.10352 0.10059
0 0.7207 0.49072 0.05469 0.0791
0 0.78955 0.49463 0.07324 0.06543
0 0.8291 0.55664 0.10938 0.10742
0 0.94043 0.53516 0.11914 0.15039
0 0.87012 0.69336 0.09766 0.14453
0 0.91699 0.74414 0.0918 0.13086
0 0.97705 0.66064 0.0459 0.07324
0 0.49121 0.41992 0.09766 0.07812
0 0.46777 0.52002 0.05664 0.08887
0 0.24316 0.46533 0.17188 0.17676
0 0.11719 0.55322 0.08008 0.08887
0 0.21338 0.71338 0.14355 0.11035
0 0.59521 0.65869 0.05957 0.11621
0 0.62646 0.65967 0.05176 0.08887
0 0.61621 0.94141 0.07812 0.11328
0 0.52686 0.89697 0.08105 0.06934
0 0.42969 0.92188 0.07812 0.08203
0 0.09717 0.89014 0.08105 0.13965
0 0.22119 0.86865 0.04395 0.0498
0 0.87793 0.94043 0.08789 0.11914
0 0.16943 0.57959 0.1123 0.08496
0 0.37256 0.05566 0.07324 0.0625
0 0.80859 0.69824 0.08008 0.08203
