0 0.47412 0.06201 0.11035 0.09863
0 0.24658 0.125 0.12012 0.08984
0 0.34961 0.15137 0.09961 0.07812
0 0.04834 0.04199 0.09668 0.08398
0 0.96729 0.19385 0.06543 0.13574
0 0.59766 0.33496 0.09375 0.09766
0 0.49365 0.3833 0.1084 0.10254
0 0.29443 0.34033 0.08105 0.10059
0 0.33203 0.50391 0.07617 0.08203
0 0.42285 0.59863 0.11523 0.08594
0 0.58203 0.55225 0.10547 0.09082
0 0.70312 0.47852 0.10742 0.0957
0 0.67578 0.5752 0.0625 0.08398
0 0.78223 0.55518 0.14453 0.13965
0 0.94189 0.55029 0.09668 0.16895
0 0.12305 0.54346 0.06445 0.07324
0 0.20264 0.58301 0.10059 0.05859
0 0.22168 0.75635 0.06445 0.08887
0 0.45752 0.75537 0.12207 0.11816
0 0.58838 0.69287 0.09668 0.13965
0 0.2959 0.82227 0.08984 0.09766
0 0.43066 0.9458 0.09961 0.1084
0 0.79639 0.78809 0.1416 0.1582
0 0.89453 0.88916 0.14258 0.17285
