0 0.80322 0.09814 0.14746 0.16699
0 0.50732 0.06689 0.11426 0.10449
0 0.01562 0.35645 0.03125 0.12891
0 0.8125 0.45752 0.14648 0.09863
0 0.78271 0.56592 0.17676 0.13574
0 0.9541 0.6377 0.0918 0.07031
0 0.021 0.74268 0.04199 0.12012
0 0.20312 0.02246 0.14062 0.04492
0 0.07129 0.06543 0.06836 0.08008
0 0.28223 0.07861 0.08398 0.11035
0 0.01611 0.48047 0.03223 0.09375
0 0.08936 0.79932 0.12207 0.18066
0 0.1123 0.88135 0.07422 0.09277
0 0.04297 0.96582 0.07031 0.06836
0 0.26025 0.92725 0.07715 0.14551
0 0.45459 0.67578 0.06934 0.08398
0 0.49756 0.55273 0.14941 0.12109
0 0.41943 0.46875 0.11035 0.08203
0 0.85254 0.75977 0.0918 0.09375
0 0.97217 0.83301 0.05566 0.14062
0 0.79297 0.88428 0.07031 0.16504
0 0.88525 0.87891 0.08105 0.15625
0 0.98828 0.48047 0.02344 0.07617
0 0.90674 0.354 0.08301 0.0752
0 0.62598 0.02979 0.08398 0.05957
0 0.91357 0.02197 0.09863 0.04395
0 0.09619 0.80322 0.15918 0.16113
0 0.81934 0.64111 0.10156 0.09277
