0 0.24609 0.97852 0.07227 0.04297
0 0.16455 0.86377 0.13379 0.12793
0 0.2085 0.08594 0.06934 0.04297
0 0.03223 0.02246 0.06445 0.04492
0 0.29834 0.14746 0.14941 0.08789
0 0.40625 0.13037 0.08984 0.12598
0 0.19141 0.27148 0.11914 0.13477
0 0.11035 0.35449 0.11523 0.08008
0 0.2002 0.43408 0.06641 0.07129
0 0.08447 0.43994 0.1123 0.10645
0 0.28516 0.37598 0.08789 0.10352
0 0.3374 0.50098 0.05957 0.11914
0 0.42236 0.57373 0.08496 0.15332
0 0.38379 0.71631 0.04688 0.11035
0 0.44385 0.77441 0.05762 0.10938
0 0.23779 0.72266 0.07715 0.13086
0 0.10938 0.68408 0.06641 0.04785
0 0.12061 0.8623 0.09668 0.08398
0 0.03125 0.88525 0.0625 0.08691
0 0.24658 0.58691 0.08887 0.08789
0 0.46436 0.42529 0.12207 0.16895
0 0.51221 0.27734 0.1123 0.06055
0 0.61084 0.25635 0.08496 0.12402
0 0.69385 0.35547 0.0752 0.15039
0 0.76416 0.33301 0.0791 0.11523
0 0.79736 0.42871 0.04785 0.06055
0 0.87158 0.37012 0.05957 0.08203
0 0.97119 0.38184 0.05762 0.11133
0 0.93848 0.19873 0.12305 0.06543
0 0.78369 0.16797 0.04004 0.05859
0 0.73975 0.14355 0.05762 0.0918
0 0.61523 0.18555 0.05469 0.11328
0 0.7041 0.60547 0.07031 0.07422
0 0.60791 0.52783 0.0791 0.10059
0 0.81885 0.73096 0.06348 0.10449
0 0.97314 0.78125 0.05371 0.10742
0 0.68896 0.81592 0.06543 0.09863
0 0.72461 0.87891 0.08008 0.07812
0 0.79346 0.96436 0.05762 0.07129
0 0.89746 0.96826 0.10742 0.06348
0 0.84033 0.93652 0.0498 0.07227
0 0.67139 0.98389 0.07715 0.03223
0 0.91797 0.51123 0.06641 0.07715
0 0.9624 0.04541 0.0752 0.09082
0 0.80664 0.02686 0.06836 0.05371
0 0.72803 0.05469 0.0752 0.10938
0 0.68066 0.13037 0.10156 0.15918
0 0.02881 0.19824 0.05762 0.11719
0 0.96777 0.94531 0.06445 0.10352
0 0.24268 0.68457 0.10059 0.04883
