0 0.01904 0.11523 0.03809 0.05859
0 0.09717 0.35693 0.07715 0.1084
0 0.06201 0.22949 0.09277 0.11719
0 0.16406 0.26465 0.06445 0.08789
0 0.16846 0.16699 0.08496 0.07031
0 0.21143 0.16699 0.05957 0.05469
0 0.16943 0.05664 0.05957 0.06836
0 0.31641 0.26025 0.16602 0.08301
0 0.12256 0.49707 0.11426 0.07422
0 0.06592 0.55762 0.08105 0.07031
0 0.09424 0.66455 0.09473 0.0752
0 0.0625 0.76807 0.09961 0.05762
0 0.16699 0.90381 0.13086 0.06348
0 0.29248 0.71582 0.12012 0.0625
0 0.3291 0.7876 0.08398 0.0791
0 0.42041 0.78223 0.05371 0.07031
0 0.43945 0.57031 0.06445 0.17578
0 0.49756 0.48682 0.07129 0.09277
0 0.34766 0.4082 0.08789 0.06445
0 0.39404 0.354 0.06543 0.0498
0 0.57861 0.37988 0.06738 0.05664
0 0.55957 0.28125 0.04492 0.05469
0 0.69775 0.37744 0.07715 0.06738
0 0.63916 0.21338 0.05566 0.05566
0 0.48682 0.08447 0.06543 0.05566
0 0.28271 0.94824 0.0498 0.05469
0 0.37988 0.88428 0.14648 0.12012
0 0.55469 0.86963 0.07422 0.05957
0 0.5376 0.94629 0.10059 0.07617
0 0.61279 0.90479 0.0459 0.06543
0 0.70703 0.8374 0.05859 0.13574
0 0.72119 0.96973 0.05176 0.06055
0 0.87402 0.9458 0.12695 0.09277
0 0.78467 0.97363 0.05957 0.04688
0 0.88086 0.55273 0.13281 0.08594
0 0.9873 0.0542 0.02539 0.06348
0 0.79688 0.00781 0.0625 0.01562
0 0.2627 0.07715 0.06055 0.09961
0 0.36816 0.01709 0.04883 0.03418
0 0.72607 0.28223 0.08496 0.08984
0 0.79395 0.26221 0.09766 0.07324
0 0.76904 0.33008 0.08301 0.05664
0 0.65625 0.14697 0.0625 0.08105
0 0.75391 0.11719 0.08203 0.07617
0 0.94385 0.16113 0.1123 0.0918
0 0.97217 0.27246 0.05566 0.08594
