0 0.40039 0.02393 0.10547 0.04785
0 0.33545 0.09375 0.08691 0.08789
0 0.13232 0.36816 0.15332 0.125
0 0.45996 0.1958 0.13672 0.16113
0 0.6123 0.23291 0.12891 0.09863
0 0.46436 0.31396 0.07129 0.0791
0 0.51807 0.36182 0.09863 0.08691
0 0.41846 0.41699 0.07324 0.07227
0 0.49365 0.53564 0.05762 0.08496
0 0.43604 0.68164 0.10059 0.10938
0 0.61182 0.47559 0.14355 0.11328
0 0.80908 0.46484 0.16113 0.11914
0 0.72949 0.55762 0.08203 0.10352
0 0.08105 0.67969 0.13672 0.10547
0 0.2417 0.86377 0.09277 0.08691
0 0.72217 0.87744 0.07324 0.09863
0 0.89844 0.84961 0.125 0.10742
0 0.80518 0.9585 0.09668 0.08301
0 0.63623 0.97266 0.11621 0.05469
0 0.93115 0.63574 0.0791 0.11523
0 0.97363 0.22656 0.05273 0.14258
0 0.19287 0.271 0.08887 0.06738
