0 0.74023 0.39844 0.125 0.11719
0 0.8623 0.52783 0.11523 0.10059
0 0.04248 0.64697 0.08496 0.12988
0 0.43164 0.17676 0.12305 0.125
0 0.75537 0.75195 0.13379 0.08594
0 0.53125 0.24316 0.08984 0.11523
0 0.49951 0.80322 0.13379 0.12598
0 0.0542 0.44238 0.09473 0.09961
0 0.29688 0.15869 0.09766 0.07715
0 0.84717 0.19238 0.21973 0.21484
0 0.89941 0.87256 0.15039 0.15527
0 0.49023 0.67334 0.16016 0.1123
0 0.35156 0.04346 0.1875 0.08496
0 0.95459 0.68848 0.08496 0.11719
0 0.94824 0.54883 0.0957 0.07227
0 0.72852 0.04102 0.16211 0.07812
0 0.51855 0.03711 0.16211 0.07031
0 0.93604 0.03467 0.12207 0.06543
0 0.05078 0.78076 0.0918 0.0752
