0 0.96875 0.08301 0.0625 0.11719
0 0.79492 0.35547 0.07422 0.05859
0 0.84326 0.1709 0.09277 0.07031
0 0.0791 0.38135 0.08008 0.10059
0 0.10693 0.64111 0.11035 0.09277
0 0.88037 0.78125 0.08691 0.0625
0 0.68848 0.61328 0.11719 0.10742
0 0.09521 0.11475 0.09473 0.13184
0 0.02832 0.25342 0.05664 0.06348
0 0.66602 0.37402 0.0625 0.11133
0 0.68262 0.96924 0.09766 0.05176
0 0.9043 0.8667 0.09961 0.09473
0 0.18457 0.18994 0.05273 0.08105
0 0.82324 0.57324 0.0625 0.06836
0 0.7832 0.90576 0.0625 0.07715
0 0.96631 0.43994 0.06738 0.07129
0 0.70215 0.12939 0.10938 0.11035
0 0.67383 0.22949 0.07031 0.04883
0 0.58691 0.29932 0.08008 0.12012
