0 0.3291 0.83887 0.07227 0.07422
0 0.56836 0.03711 0.06836 0.06641
0 0.81104 0.89209 0.06934 0.08887
0 0.89404 0.89551 0.05371 0.09375
0 0.52393 0.3999 0.1084 0.04395
0 0.37158 0.25977 0.10449 0.05469
0 0.97656 0.04688 0.04688 0.08594
0 0.67676 0.35889 0.08203 0.05957
0 0.95947 0.66211 0.0752 0.05273
0 0.63818 0.67041 0.04004 0.12012
0 0.1543 0.96826 0.08008 0.05762
0 0.42334 0.66895 0.05371 0.06641
0 0.49902 0.1416 0.0918 0.08203
0 0.32227 0.2876 0.11719 0.09863
0 0.44043 0.38818 0.02539 0.10254
0 0.49414 0.61133 0.06641 0.04492
0 0.11768 0.02832 0.07324 0.05469
0 0.4873 0.47363 0.10352 0.03906
0 0.38086 0.47803 0.06641 0.10449
0 0.28711 0.94238 0.0625 0.07227
0 0.30811 0.7373 0.09668 0.0293
0 0.57715 0.45361 0.11328 0.06738
0 0.29688 0.37744 0.11523 0.0459
0 0.44092 0.9126 0.05371 0.06543
0 0.79346 0.7373 0.0752 0.03906
0 0.58398 0.14258 0.07617 0.04102
0 0.92725 0.1123 0.14551 0.04492
0 0.40771 0.06104 0.0752 0.04004
0 0.54346 0.36719 0.06934 0.08789
0 0.86426 0.45068 0.06055 0.04395
0 0.29688 0.32324 0.06445 0.08789
0 0.37695 0.21289 0.04297 0.07812
0 0.14014 0.75635 0.10449 0.0498
0 0.61865 0.01172 0.0498 0.02344
0 0.03564 0.82373 0.07129 0.03223
0 0.07178 0.08838 0.0498 0.05176
0 0.13184 0.69727 0.08789 0.10938
0 0.63428 0.7959 0.11035 0.05859
0 0.04688 0.50781 0.09375 0.04688
0 0.82422 0.33545 0.12109 0.11816
0 0.50049 0.10254 0.06152 0.05469
0 0.6582 0.91748 0.11914 0.11035
0 0.05273 0.86084 0.09375 0.02637
0 0.78564 0.01611 0.04199 0.03027
0 0.8584 0.26758 0.12305 0.15234
0 0.78906 0.67725 0.05664 0.04199
0 0.68701 0.15088 0.12793 0.06348
0 0.78271 0.12402 0.05957 0.04102
0 0.76611 0.77148 0.06152 0.02734
0 0.86035 0.49854 0.09961 0.0752
0 0.07617 0.65283 0.09375 0.06934
0 0.14941 0.87744 0.07617 0.03027
0 0.14404 0.58984 0.06348 0.0293
0 0.98535 0.27881 0.02539 0.07129
0 0.59912 0.66357 0.04785 0.04785
0 0.05225 0.0249 0.09277 0.04199
0 0.93066 0.98926 0.0332 0.02148
0 0.03271 0.10303 0.03418 0.05762
0 0.1665 0.46875 0.04395 0.06445
0 0.68262 0.54004 0.14258 0.08984
0 0.14014 0.88818 0.08105 0.0166
0 0.27979 0.77344 0.11035 0.04102
0 0.32373 0.47266 0.10254 0.08594
0 0.23193 0.80029 0.12207 0.04395
