0 0.77393 0.38818 0.08496 0.0752
0 0.9624 0.47607 0.0752 0.05371
0 0.79639 0.04443 0.0498 0.08887
0 0.27588 0.10303 0.11035 0.05762
0 0.98096 0.33887 0.03809 0.09375
0 0.52197 0.0708 0.07715 0.12012
0 0.99365 0.40479 0.0127 0.05371
0 0.20752 0.29736 0.09082 0.0498
0 0.55859 0.60352 0.08594 0.09375
0 0.97021 0.19531 0.05957 0.04297
0 0.39502 0.31787 0.0791 0.04395
0 0.21289 0.01709 0.04492 0.03418
0 0.1748 0.46289 0.08984 0.07031
0 0.70654 0.86426 0.05176 0.08203
0 0.69336 0.96143 0.10156 0.07715
0 0.23535 0.53125 0.0625 0.04297
0 0.67188 0.35205 0.08008 0.05957
0 0.53369 0.49756 0.10254 0.04395
0 0.59619 0.90967 0.08105 0.0498
0 0.74512 0.7627 0.07227 0.05469
0 0.33154 0.45459 0.09668 0.08691
0 0.70264 0.13965 0.1084 0.11914
0 0.54248 0.84912 0.06543 0.1123
0 0.97119 0.5791 0.05762 0.05664
0 0.1123 0.3418 0.04883 0.03125
0 0.90527 0.88867 0.06641 0.04883
0 0.27734 0.45459 0.10352 0.09473
0 0.39746 0.22461 0.0625 0.05078
0 0.41016 0.80762 0.10156 0.03906
0 0.83643 0.85107 0.08105 0.04785
0 0.92285 0.14111 0.05664 0.04785
0 0.14551 0.72217 0.09961 0.09082
0 0.46875 0.09912 0.08398 0.0498
0 0.42627 0.44531 0.05371 0.04102
0 0.74902 0.47266 0.08789 0.06836
0 0.26172 0.36816 0.05664 0.03711
0 0.98779 0.10938 0.02441 0.03906
0 0.9502 0.88818 0.04883 0.06152
0 0.2876 0.02832 0.09082 0.05664
0 0.9834 0.01465 0.0332 0.0293
0 0.43408 0.37988 0.0459 0.05469
0 0.96143 0.0625 0.05762 0.04883
0 0.9126 0.53857 0.11621 0.0498
0 0.15479 0.38184 0.08887 0.02344
0 0.49023 0.13916 0.0625 0.03027
0 0.8833 0.54248 0.09668 0.06934
0 0.84912 0.81299 0.0791 0.05566
0 0.60791 0.31396 0.06348 0.10645
0 0.94092 0.93652 0.04395 0.05469
0 0.91797 0.51709 0.06641 0.02832
0 0.23633 0.87939 0.10352 0.08887
0 0.2417 0.48389 0.0498 0.06152
0 0.50146 0.15479 0.05566 0.03223
0 0.3623 0.94873 0.08398 0.05566
0 0.86328 0.86523 0.06836 0.03516
0 0.66699 0.62207 0.13281 0.07031
0 0.1709 0.39941 0.07422 0.03125
0 0.12207 0.36328 0.04883 0.03125
0 0.07715 0.73096 0.1543 0.0791
0 0.08838 0.66797 0.05371 0.03516
0 0.14795 0.56738 0.09863 0.05664
0 0.021 0.53223 0.04199 0.04297
0 0.70703 0.73145 0.08398 0.03125
0 0.96289 0.6875 0.07422 0.05273
0 0.69971 0.58057 0.11621 0.0459
0 0.45605 0.48682 0.07812 0.0459
0 0.70557 0.46143 0.03223 0.03223
0 0.40967 0.49023 0.05371 0.0332
0 0.35986 0.40332 0.08496 0.04297
0 0.18213 0.375 0.0752 0.05273
0 0.34766 0.29932 0.0332 0.03613
0 0.66602 0.06445 0.04492 0.03125
0 0.66504 0.04102 0.04688 0.03906
0 0.69531 0.04736 0.02734 0.03027
0 0.12354 0.32568 0.06934 0.0459
0 0.14941 0.56494 0.0918 0.06543
