0 0.4668 0.98242 0.11914 0.03516
0 0.41211 0.95752 0.10938 0.08496
0 0.18994 0.96436 0.10059 0.07129
0 0.15527 0.79541 0.10742 0.10059
0 0.03418 0.69238 0.06836 0.14844
0 0.18262 0.65137 0.11133 0.13477
0 0.15088 0.48682 0.08301 0.11035
0 0.01807 0.39258 0.03613 0.10547
0 0.17969 0.3335 0.15234 0.09082
0 0.32617 0.30029 0.11914 0.05957
0 0.56836 0.33936 0.10742 0.08301
0 0.57227 0.47998 0.0957 0.07324
0 0.55957 0.57178 0.10742 0.11426
0 0.55518 0.65039 0.08105 0.08984
0 0.80664 0.71436 0.14453 0.19824
0 0.92383 0.59814 0.12891 0.08301
0 0.73193 0.98535 0.07715 0.0293
0 0.63672 0.22412 0.11719 0.07715
0 0.75586 0.19092 0.10156 0.05566
0 0.64258 0.1167 0.07812 0.06934
0 0.36768 0.17676 0.15918 0.0918
0 0.25391 0.0498 0.0957 0.09961
0 0.04199 0.09082 0.08008 0.08203
0 0.9502 0.06934 0.08984 0.125
0 0.72168 0.021 0.09375 0.04199
0 0.40381 0.0625 0.11035 0.10742
