0 0.02295 0.0083 0.0459 0.0166
0 0.26025 0.1543 0.06348 0.125
0 0.32666 0.20166 0.07715 0.06543
0 0.17285 0.21387 0.08789 0.06641
0 0.07373 0.26709 0.10254 0.19629
0 0.16992 0.33496 0.08984 0.07422
0 0.25537 0.36035 0.08496 0.11719
0 0.21875 0.40771 0.08008 0.0791
0 0.3208 0.36084 0.0459 0.08105
0 0.34668 0.32666 0.08203 0.06543
0 0.34521 0.27637 0.06348 0.06836
0 0.44287 0.33203 0.11426 0.16992
0 0.63037 0.10498 0.07324 0.09668
0 0.72461 0.10352 0.15039 0.07617
0 0.82471 0.05322 0.14941 0.07324
0 0.82178 0.22656 0.08301 0.11523
0 0.74072 0.28418 0.16699 0.0957
0 0.65723 0.35742 0.08008 0.16992
0 0.71875 0.41016 0.10352 0.13672
0 0.82178 0.42432 0.04785 0.07715
0 0.85791 0.35938 0.0791 0.08789
0 0.68408 0.52637 0.09277 0.09961
0 0.7417 0.69971 0.18066 0.07324
0 0.60791 0.76318 0.09863 0.1416
0 0.40332 0.73438 0.09961 0.0918
0 0.54199 0.69482 0.07227 0.06348
0 0.46631 0.60986 0.0791 0.06738
0 0.28271 0.62891 0.06543 0.12305
0 0.21436 0.65039 0.06152 0.12891
0 0.11963 0.79248 0.05566 0.09082
0 0.021 0.94385 0.04199 0.08105
0 0.03809 0.76807 0.06836 0.19434
0 0.35352 0.93408 0.07617 0.13184
0 0.51123 0.85693 0.1123 0.07715
0 0.51367 0.96143 0.07812 0.07715
0 0.6167 0.86865 0.06934 0.07324
0 0.66064 0.91895 0.05957 0.08008
0 0.71973 0.82227 0.09375 0.0918
0 0.82764 0.77686 0.10254 0.06348
0 0.86572 0.84619 0.1709 0.07129
0 0.82959 0.92188 0.09082 0.15625
0 0.97266 0.80811 0.05469 0.08691
0 0.98926 0.41309 0.02148 0.12695
0 0.98828 0.2124 0.02344 0.04785
0 0.00928 0.8501 0.01855 0.09473
0 0.40674 0.61572 0.1084 0.04199
0 0.28271 0.25342 0.04785 0.0752
