0 0.41553 0.33643 0.25098 0.07324
0 0.88965 0.12598 0.14258 0.11719
0 0.03223 0.41162 0.06445 0.10645
0 0.63525 0.1665 0.25488 0.12598
0 0.55371 0.38867 0.19141 0.0918
0 0.18359 0.521 0.13477 0.08105
0 0.72168 0.08838 0.08594 0.07324
0 0.13428 0.95752 0.12012 0.08496
0 0.09033 0.8335 0.16699 0.09277
0 0.97461 0.43506 0.05078 0.07715
0 0.13281 0.29541 0.0918 0.13574
0 0.52539 0.604 0.07227 0.08301
0 0.92773 0.0835 0.13086 0.11035
0 0.81836 0.06787 0.13867 0.07324
0 0.73096 0.3335 0.10645 0.15723
0 0.11719 0.73291 0.23438 0.05957
0 0.6709 0.55811 0.22852 0.1377
0 0.24561 0.40967 0.06543 0.12012
0 0.72217 0.43262 0.06738 0.07422
0 0.49316 0.15918 0.15039 0.06055
0 0.62256 0.06934 0.09277 0.11523
0 0.51221 0.05029 0.09863 0.10059
