0 0.60986 0.5459 0.06152 0.0957
0 0.28613 0.04639 0.05859 0.09277
0 0.24951 0.47607 0.07129 0.08691
0 0.0918 0.87158 0.07617 0.06152
0 0.30225 0.28564 0.08301 0.05762
0 0.02588 0.80127 0.05176 0.06543
0 0.5708 0.96338 0.03809 0.06934
0 0.44189 0.07812 0.09082 0.13281
0 0.51318 0.73535 0.08105 0.08008
0 0.61572 0.67041 0.06934 0.06152
0 0.32178 0.2373 0.08105 0.08398
0 0.38623 0.15869 0.10059 0.07129
0 0.07031 0.27441 0.10352 0.07422
0 0.54395 0.38281 0.03906 0.10352
0 0.00977 0.59766 0.01953 0.05469
0 0.23779 0.07227 0.03418 0.0957
0 0.41504 0.94971 0.09961 0.06738
0 0.32617 0.52441 0.02734 0.07031
0 0.34082 0.8335 0.08203 0.06934
0 0.01123 0.71777 0.02246 0.08789
0 0.76953 0.85693 0.07812 0.09668
0 0.91553 0.09082 0.04785 0.07031
0 0.47949 0.03369 0.06445 0.05957
0 0.15479 0.48535 0.10059 0.07812
0 0.38818 0.24072 0.02441 0.09863
0 0.66211 0.44727 0.05078 0.08008
0 0.87549 0.25439 0.0498 0.04395
0 0.84717 0.92432 0.02832 0.06543
0 0.49805 0.64258 0.0293 0.07617
0 0.59619 0.27148 0.03418 0.05664
0 0.97217 0.25684 0.0498 0.04297
0 0.40479 0.54053 0.05566 0.05176
0 0.93359 0.88916 0.04688 0.06152
0 0.01025 0.56006 0.02051 0.03223
0 0.89849 0.54731 0.0958 0.04756
0 0.15771 0.70703 0.06934 0.04297
0 0.54785 0.53174 0.08398 0.05176
0 0.95947 0.02588 0.0498 0.05176
0 0.72412 0.09863 0.0459 0.06836
0 0.98438 0.59229 0.03125 0.09082
0 0.69482 0.63525 0.04785 0.09668
0 0.57617 0.93604 0.06055 0.0498
0 0.34131 0.95312 0.05371 0.03906
0 0.43457 0.2915 0.05469 0.06152
0 0.9209 0.04541 0.04492 0.0791
0 0.50049 0.3418 0.07715 0.0918
0 0.04883 0.16748 0.07422 0.08105
0 0.04004 0.19678 0.07031 0.09863
0 0.0249 0.27148 0.0498 0.04883
0 0.87842 0.72754 0.0498 0.04102
0 0.21143 0.35693 0.05566 0.03418
0 0.7959 0.53857 0.04688 0.04785
0 0.60156 0.35352 0.05664 0.04102
0 0.01514 0.9917 0.03027 0.0166
0 0.4873 0.41553 0.04492 0.06348
0 0.44775 0.64062 0.03223 0.06445
0 0.4751 0.98682 0.03613 0.02637
0 0.98779 0.74023 0.02441 0.05273
0 0.40576 0.69824 0.04004 0.04883
0 0.25342 0.92383 0.05957 0.04688
0 0.48828 0.28516 0.03906 0.0625
0 0.64551 0.17383 0.08398 0.0918
0 0.82178 0.06396 0.0459 0.0498
0 0.55566 0.37305 0.05664 0.07227
0 0.15674 0.75244 0.06152 0.05371
0 0.29785 0.66699 0.05273 0.04883
0 0.66406 0.18701 0.08594 0.06152
0 0.43262 0.88721 0.07031 0.07324
0 0.44775 0.93848 0.05566 0.04102
0 0.58252 0.57764 0.04004 0.03613
