0 0.60059 0.6333 0.12695 0.1377
0 0.96094 0.54492 0.07812 0.125
0 0.89062 0.49463 0.07227 0.09473
0 0.94043 0.16064 0.0625 0.09277
0 0.17578 0.74072 0.0918 0.10254
0 0.08789 0.23242 0.11719 0.0957
0 0.69189 0.18213 0.10449 0.08496
0 0.91309 0.3208 0.08789 0.05176
0 0.15088 0.42969 0.11816 0.11523
0 0.9292 0.39551 0.08496 0.07227
0 0.70605 0.04248 0.09766 0.08301
0 0.81982 0.896 0.13965 0.12793
0 0.06836 0.51807 0.08789 0.07715
0 0.16309 0.12549 0.10742 0.09277
0 0.60742 0.26221 0.08984 0.08496
0 0.80322 0.63232 0.07715 0.09473
0 0.24756 0.82568 0.09668 0.08301
0 0.80322 0.34814 0.08301 0.08691
0 0.63379 0.9585 0.10352 0.08301
0 0.74463 0.76465 0.08496 0.08008
0 0.06104 0.08838 0.09277 0.08691
0 0.05518 0.94531 0.09668 0.08789
0 0.78857 0.46338 0.07715 0.07324
0 0.11719 0.56055 0.10547 0.09766
0 0.77588 0.68848 0.06738 0.05273
0 0.89941 0.23438 0.07031 0.06445
0 0.86475 0.16895 0.05566 0.07617
