0 0.26562 0.23877 0.06445 0.09082
0 0.34961 0.11572 0.14062 0.08887
0 0.24951 0.79248 0.11426 0.0752
0 0.32617 0.26025 0.12109 0.13379
0 0.05615 0.50049 0.08496 0.09863
0 0.87109 0.13574 0.12695 0.27148
0 0.05908 0.25781 0.11816 0.06641
0 0.94434 0.1709 0.07617 0.17383
0 0.33789 0.51953 0.1875 0.09961
0 0.16455 0.64502 0.13379 0.0752
0 0.75342 0.5542 0.11816 0.1123
0 0.92285 0.33936 0.125 0.06934
0 0.11719 0.104 0.20312 0.07129
0 0.18115 0.69238 0.0752 0.0918
0 0.10352 0.47852 0.0918 0.08789
0 0.9624 0.67773 0.0752 0.13672
0 0.29004 0.54004 0.07227 0.16406
0 0.42676 0.54883 0.08789 0.11719
0 0.42529 0.35547 0.05957 0.08594
0 0.49561 0.38916 0.08105 0.10254
0 0.53369 0.38623 0.06934 0.07715
0 0.28516 0.021 0.21094 0.03809
0 0.21826 0.15869 0.16699 0.10059
