0 0.02539 0.68262 0.05078 0.08594
0 0.06592 0.91504 0.11816 0.08789
0 0.04053 0.99219 0.08105 0.01562
0 0.03906 0.23193 0.07812 0.07324
0 0.03564 0.09521 0.06348 0.06934
0 0.08594 0.04004 0.13086 0.08008
0 0.25635 0.02686 0.06348 0.05371
0 0.2207 0.13184 0.08984 0.08203
0 0.35254 0.15332 0.13281 0.08984
0 0.44629 0.11426 0.08984 0.10352
0 0.43262 0.0293 0.08984 0.05859
0 0.51074 0.04443 0.08008 0.08887
0 0.56006 0.11279 0.05176 0.07324
0 0.62305 0.10449 0.10938 0.10938
0 0.71094 0.0708 0.13477 0.05957
0 0.25781 0.28369 0.14844 0.08496
0 0.40088 0.28564 0.21191 0.10254
0 0.53125 0.25488 0.08008 0.06641
0 0.47998 0.34473 0.08301 0.08789
0 0.33594 0.41602 0.10547 0.12109
0 0.66211 0.28662 0.0918 0.06738
0 0.74414 0.31494 0.07227 0.08105
0 0.76074 0.2251 0.08398 0.06738
0 0.82373 0.16748 0.05957 0.11621
0 0.85791 0.19629 0.05566 0.06836
0 0.73535 0.48535 0.12305 0.16406
0 0.7002 0.64355 0.06055 0.06641
0 0.34814 0.63477 0.0791 0.09375
0 0.22949 0.71045 0.0957 0.09668
0 0.2373 0.87109 0.09375 0.08789
0 0.47998 0.90381 0.11426 0.06934
0 0.47266 0.80713 0.16797 0.09668
0 0.36182 0.74756 0.15332 0.07129
0 0.59277 0.79785 0.06445 0.05469
0 0.61475 0.89209 0.0752 0.05957
0 0.71387 0.91748 0.0957 0.10645
0 0.73291 0.77637 0.13184 0.08984
0 0.87744 0.74707 0.11035 0.0957
0 0.87109 0.79932 0.0957 0.05566
0 0.88721 0.896 0.12012 0.09863
0 0.55762 0.96777 0.0918 0.06445
0 0.95996 0.60156 0.08008 0.15625
0 0.97217 0.70361 0.05566 0.05176
0 0.96436 0.24902 0.07129 0.06836
0 0.96289 0.10889 0.07422 0.06543
0 0.94678 0.15381 0.08301 0.06934
0 0.07227 0.40869 0.05078 0.0498
0 0.16943 0.20312 0.07324 0.09375
0 0.35205 0.89844 0.0752 0.05859
