0 0.24561 0.17383 0.05566 0.08398
0 0.08447 0.06885 0.06934 0.05566
0 0.22119 0.06592 0.09863 0.0752
0 0.12012 0.24121 0.14453 0.07031
0 0.36182 0.22119 0.16113 0.1377
0 0.51416 0.04053 0.09863 0.0498
0 0.59863 0.06006 0.08789 0.07129
0 0.43555 0.02686 0.07422 0.05371
0 0.7627 0.0459 0.07422 0.08203
0 0.74072 0.11914 0.0498 0.06641
0 0.78027 0.15332 0.07227 0.06836
0 0.87891 0.05225 0.08008 0.06348
0 0.99219 0.12305 0.01562 0.06055
0 0.96045 0.23975 0.0791 0.06934
0 0.88672 0.38428 0.08594 0.10254
0 0.55322 0.32422 0.08887 0.14258
0 0.43701 0.45557 0.13184 0.1377
0 0.15674 0.50195 0.12207 0.08203
0 0.1748 0.61279 0.10742 0.07324
0 0.27832 0.87402 0.07617 0.25195
0 0.07275 0.76807 0.08887 0.09082
0 0.0293 0.854 0.05859 0.05176
0 0.39062 0.93994 0.12891 0.12012
0 0.60693 0.85693 0.14551 0.15137
0 0.52344 0.68896 0.14844 0.05957
0 0.95312 0.97949 0.09375 0.04102
