0 0.99219 0.00928 0.01562 0.01855
0 0.61719 0.2002 0.07812 0.09961
0 0.85693 0.24902 0.05762 0.05078
0 0.41357 0.1084 0.1084 0.18359
0 0.33057 0.16211 0.05371 0.08008
0 0.15186 0.0918 0.09082 0.0625
0 0.06934 0.2915 0.06445 0.12207
0 0.01953 0.24756 0.03906 0.04785
0 0.35205 0.3457 0.18848 0.07422
0 0.55518 0.45654 0.07129 0.11816
0 0.125 0.42969 0.13086 0.14453
0 0.23047 0.63818 0.07031 0.08301
0 0.07959 0.63477 0.0791 0.06445
0 0.51709 0.56152 0.11621 0.10156
0 0.88477 0.4458 0.11133 0.06934
0 0.75 0.35156 0.06641 0.07031
0 0.36865 0.7373 0.11035 0.16016
0 0.5791 0.69434 0.125 0.14648
0 0.87939 0.59326 0.15332 0.1123
0 0.86426 0.55078 0.08594 0.04688
0 0.7334 0.67627 0.0918 0.1123
0 0.74268 0.83252 0.0752 0.07715
0 0.37012 0.85938 0.10156 0.05469
0 0.18848 0.96191 0.15039 0.07617
0 0.61719 0.98096 0.07617 0.03809
0 0.875 0.95117 0.07422 0.0918
0 0.76562 0.88037 0.05859 0.05762
0 0.72754 0.55957 0.07812 0.05273
0 0.6748 0.52588 0.05469 0.04199
0 0.04102 0.68262 0.05859 0.04883
0 0.49268 0.78613 0.07129 0.10742
0 0.24219 0.47998 0.05469 0.04785
0 0.32178 0.4375 0.0498 0.05859
