0 0.05127 0.1875 0.09473 0.07422
0 0.42871 0.68701 0.07617 0.06348
0 0.84912 0.49854 0.15527 0.10449
0 0.94238 0.75195 0.08984 0.0957
0 0.39893 0.92676 0.15527 0.10938
0 0.77441 0.81738 0.0625 0.07422
0 0.08496 0.29736 0.16992 0.12598
0 0.33105 0.80078 0.10547 0.09375
0 0.10986 0.72656 0.10059 0.10352
0 0.26172 0.64014 0.11914 0.09668
0 0.61279 0.70703 0.18262 0.11719
0 0.84668 0.16992 0.11719 0.16992
0 0.59912 0.26562 0.17285 0.16992
0 0.94775 0.37793 0.06934 0.14453
0 0.03906 0.02002 0.07812 0.04004
0 0.01562 0.5332 0.0293 0.10742
0 0.76416 0.23145 0.19238 0.14844
0 0.41943 0.22266 0.12207 0.14453
0 0.49951 0.93262 0.12793 0.13477
0 0.78516 0.64648 0.16797 0.08398
0 0.33057 0.74316 0.10645 0.07812
0 0.68115 0.83301 0.07715 0.06641
0 0.72559 0.57812 0.06055 0.05078
