0 0.5835 0.04492 0.08301 0.05078
0 0.65771 0.54297 0.05762 0.07031
0 0.20459 0.55176 0.04785 0.06641
0 0.69873 0.75977 0.05762 0.04492
0 0.75879 0.49072 0.07617 0.0498
0 0.95801 0.94287 0.05273 0.06543
0 0.08936 0.69922 0.10059 0.03711
0 0.21729 0.46143 0.08691 0.05957
0 0.82666 0.42969 0.05957 0.05469
0 0.92725 0.30859 0.0791 0.04102
0 0.27295 0.54248 0.06152 0.04395
0 0.06641 0.75781 0.06445 0.05078
0 0.29297 0.78613 0.06641 0.06641
0 0.72998 0.02734 0.05566 0.04492
0 0.61719 0.8208 0.05859 0.04785
0 0.35498 0.21387 0.05957 0.03711
0 0.23779 0.81787 0.08301 0.04199
0 0.79248 0.43555 0.06152 0.05273
0 0.41016 0.03906 0.07227 0.04492
0 0.59424 0.12354 0.0752 0.04785
0 0.85547 0.57373 0.05859 0.04395
0 0.35938 0.5918 0.05859 0.03711
0 0.05469 0.28516 0.07812 0.0293
0 0.2041 0.73535 0.05664 0.03516
0 0.16992 0.12207 0.07812 0.04688
0 0.63916 0.18408 0.06543 0.05762
0 0.14941 0.57471 0.07617 0.03809
0 0.271 0.08398 0.08691 0.04492
0 0.35449 0.24756 0.05078 0.04199
0 0.23535 0.03955 0.07812 0.04199
0 0.60205 0.26953 0.06934 0.0625
0 0.93994 0.4624 0.05566 0.06152
0 0.42432 0.01709 0.08691 0.03418
0 0.79883 0.20654 0.06445 0.04395
0 0.45898 0.75586 0.08594 0.05664
0 0.38818 0.08789 0.06934 0.03125
0 0.68848 0.98584 0.06836 0.02246
0 0.77686 0.62988 0.06152 0.0293
0 0.96973 0.2832 0.05273 0.04883
0 0.41309 0.8252 0.0625 0.03906
0 0.49902 0.7959 0.06836 0.04688
0 0.17725 0.37061 0.09277 0.03613
0 0.06055 0.31592 0.0625 0.03809
0 0.51074 0.08936 0.05273 0.03027
0 0.77344 0.08203 0.05469 0.05078
0 0.59033 0.88086 0.05371 0.0332
0 0.54297 0.05664 0.06836 0.03711
0 0.23096 0.33643 0.06543 0.03418
0 0.16406 0.27979 0.08203 0.05176
0 0.02832 0.71436 0.05664 0.04785
0 0.52686 0.92188 0.04395 0.03711
0 0.49526 0.62661 0.08428 0.03193
0 0.66943 0.06445 0.06934 0.05664
0 0.15918 0.86768 0.09961 0.04395
0 0.76953 0.12354 0.04688 0.02637
0 0.8125 0.08301 0.08008 0.05273
0 0.50049 0.10791 0.06934 0.03223
0 0.70703 0.11279 0.04102 0.0498
0 0.30273 0.93408 0.10938 0.04004
0 0.86279 0.03467 0.09668 0.04004
0 0.19873 0.42725 0.05957 0.04004
0 0.40234 0.70752 0.09961 0.03809
0 0.05957 0.36377 0.06836 0.03418
0 0.12402 0.9248 0.07617 0.03125
0 0.11719 0.96387 0.08008 0.04297
0 0.24805 0.91406 0.07031 0.0332
0 0.43066 0.54297 0.08008 0.05078
0 0.69385 0.49805 0.04004 0.03711
0 0.70312 0.03418 0.05078 0.03516
0 0.81689 0.76025 0.06934 0.05762
0 0.3457 0.62988 0.0625 0.02148
0 0.60498 0.93896 0.07324 0.03809
0 0.29492 0.97021 0.07031 0.03613
0 0.62158 0.69336 0.06934 0.04102
0 0.24365 0.87305 0.04199 0.02148
0 0.08154 0.67432 0.06543 0.01855
0 0.81543 0.79639 0.09375 0.0459
0 0.91504 0.70068 0.05469 0.03418
0 0.40381 0.47705 0.06543 0.03027
0 0.35254 0.85742 0.10742 0.04102
0 0.16455 0.14404 0.07129 0.05176
0 0.26611 0.0083 0.0459 0.01465
0 0.83545 0.58984 0.04785 0.0332
0 0.1377 0.80273 0.05469 0.03125
0 0.90674 0.88916 0.03613 0.01855
0 0.76904 0.73486 0.0752 0.03418
0 0.58545 0.68164 0.08887 0.03711
0 0.45996 0.60742 0.10352 0.03516
0 0.1123 0.55225 0.07617 0.04199
0 0.75195 0.62988 0.09961 0.0332
0 0.62451 0.99023 0.1084 0.01953
0 0.0332 0.12305 0.06641 0.07031
0 0.06006 0.15527 0.06738 0.07617
