0 0.03076 0.10742 0.06152 0.0625
0 0.08496 0.18506 0.05859 0.07324
0 0.10254 0.16602 0.14258 0.07617
0 0.2041 0.13623 0.0625 0.1084
0 0.02539 0.30029 0.05078 0.09863
0 0.01953 0.38477 0.03906 0.06445
0 0.04541 0.43994 0.08496 0.06543
0 0.00928 0.49268 0.01855 0.05176
0 0.05225 0.57471 0.10449 0.08496
0 0.04541 0.72656 0.09082 0.08008
0 0.15674 0.71631 0.0791 0.08691
0 0.06592 0.82031 0.13184 0.06836
0 0.2207 0.83301 0.08398 0.0918
0 0.65674 0.89062 0.07715 0.12695
0 0.67773 0.89307 0.13867 0.12793
0 0.61719 0.73389 0.08008 0.1084
0 0.44189 0.7334 0.08691 0.10547
0 0.29541 0.78271 0.11816 0.09277
0 0.34424 0.80566 0.05762 0.0625
0 0.36279 0.90771 0.0791 0.10449
0 0.27881 0.85254 0.09082 0.05273
0 0.46973 0.5459 0.13086 0.06641
0 0.56201 0.44385 0.09863 0.10449
0 0.91357 0.5127 0.10449 0.09766
0 0.57275 0.34424 0.14355 0.08301
0 0.27344 0.15967 0.07227 0.07715
0 0.36572 0.16748 0.09668 0.07324
0 0.27783 0.08545 0.08105 0.06543
0 0.34326 0.08838 0.08691 0.05762
0 0.28613 0.02539 0.12109 0.05078
0 0.51953 0.05371 0.11328 0.06641
0 0.46777 0.021 0.07812 0.04199
0 0.83154 0.04248 0.08301 0.0791
0 0.96143 0.09668 0.07715 0.08203
