0 0.104 0.77393 0.09668 0.08691
0 0.16016 0.85254 0.11133 0.08789
0 0.04785 0.89258 0.08789 0.07617
0 0.00977 0.97559 0.01953 0.04883
0 0.16357 0.91211 0.05957 0.05078
0 0.28223 0.97461 0.06445 0.05078
0 0.32227 0.91406 0.06445 0.05078
0 0.44336 0.87451 0.08398 0.05371
0 0.39648 0.83105 0.07031 0.04297
0 0.83154 0.69971 0.06738 0.06543
0 0.97803 0.69287 0.04395 0.1084
0 0.99121 0.8457 0.01758 0.0957
0 0.9126 0.90771 0.0791 0.05176
0 0.82568 0.92773 0.11816 0.08789
0 0.82031 0.38477 0.07422 0.13867
0 0.58594 0.49365 0.0918 0.12012
0 0.4917 0.53857 0.06934 0.1123
0 0.39014 0.49072 0.06348 0.0791
0 0.35205 0.58252 0.09863 0.07129
0 0.42188 0.55811 0.08203 0.09277
0 0.36865 0.40234 0.0498 0.08203
0 0.41504 0.38037 0.07227 0.08496
0 0.48877 0.39258 0.09668 0.07617
0 0.53906 0.35498 0.07031 0.05176
0 0.27832 0.36621 0.08594 0.07227
0 0.24756 0.27441 0.16504 0.06836
0 0.17871 0.16357 0.08008 0.07129
0 0.01318 0.17822 0.02637 0.05371
0 0.21631 0.03369 0.06934 0.06738
0 0.4248 0.08252 0.07422 0.07129
0 0.32861 0.07422 0.06348 0.06055
0 0.3252 0.1416 0.06055 0.0625
0 0.37842 0.1582 0.07324 0.08203
0 0.4873 0.15674 0.08984 0.06152
0 0.54004 0.0918 0.06836 0.04688
0 0.56104 0.04346 0.09473 0.05566
0 0.64795 0.03662 0.09473 0.07324
0 0.67188 0.1333 0.10156 0.05566
0 0.54785 0.22607 0.08789 0.05371
0 0.4668 0.21875 0.09961 0.05273
0 0.46729 0.27148 0.12598 0.05859
0 0.63672 0.31299 0.09961 0.07324
0 0.69482 0.21094 0.13965 0.07227
0 0.85303 0.18115 0.10059 0.09473
0 0.95361 0.22705 0.09277 0.0791
0 0.90332 0.29883 0.05664 0.05078
0 0.88867 0.03369 0.05664 0.06738
0 0.04199 0.76465 0.08398 0.125
0 0.26709 0.56885 0.0459 0.05762
0 0.55957 0.13818 0.08398 0.06152
0 0.53564 0.01465 0.08496 0.0293
