0 0.36523 0.05713 0.08398 0.09863
0 0.2627 0.11572 0.08594 0.0791
0 0.09912 0.21582 0.06543 0.06445
0 0.12646 0.31152 0.08105 0.08984
0 0.2207 0.35498 0.08008 0.06543
0 0.33838 0.25488 0.05957 0.05469
0 0.30078 0.39062 0.06836 0.07812
0 0.37012 0.35596 0.0625 0.05957
0 0.42969 0.42529 0.07617 0.07129
0 0.5127 0.24756 0.05273 0.13184
0 0.56982 0.23096 0.07129 0.09473
0 0.52197 0.12012 0.05957 0.08008
0 0.56445 0.17627 0.07031 0.05566
0 0.67432 0.26758 0.07324 0.08789
0 0.6123 0.30176 0.06445 0.06836
0 0.59277 0.36133 0.10742 0.06641
0 0.58691 0.45117 0.08008 0.07617
0 0.75049 0.32275 0.06543 0.06152
0 0.48877 0.47559 0.06934 0.08008
0 0.08984 0.4668 0.06055 0.05469
0 0.08057 0.54102 0.11035 0.07422
0 0.3877 0.60889 0.10742 0.12207
0 0.13916 0.70605 0.07129 0.05859
0 0.0542 0.71533 0.0752 0.06152
0 0.0542 0.78906 0.08105 0.08984
0 0.24316 0.73438 0.11328 0.08398
0 0.22363 0.86963 0.08008 0.09082
0 0.14014 0.87598 0.0791 0.07227
0 0.2002 0.81982 0.08008 0.05762
0 0.17871 0.76953 0.11328 0.05469
0 0.44824 0.84473 0.07812 0.08398
0 0.43506 0.7085 0.07129 0.0752
0 0.11719 0.98096 0.07031 0.03809
0 0.04346 0.96387 0.08105 0.07227
0 0.44385 0.95361 0.09473 0.08691
0 0.50879 0.94287 0.05664 0.05762
0 0.63281 0.8667 0.12109 0.05762
0 0.56689 0.75928 0.10645 0.07715
0 0.60791 0.70117 0.11035 0.07812
0 0.71045 0.70557 0.08887 0.08301
0 0.71387 0.62061 0.08398 0.08887
0 0.67041 0.54736 0.08301 0.07129
0 0.71631 0.02637 0.06348 0.05273
0 0.60889 0.06445 0.08691 0.09766
0 0.71436 0.08936 0.05566 0.07129
0 0.75977 0.12109 0.08594 0.07031
0 0.77979 0.20996 0.08691 0.05664
0 0.88623 0.21729 0.08691 0.10059
0 0.82275 0.29688 0.06934 0.0625
0 0.98047 0.31152 0.03906 0.11328
0 0.94092 0.32666 0.08105 0.05762
0 0.84717 0.41455 0.06934 0.07129
0 0.85742 0.5459 0.11328 0.06641
0 0.97656 0.45508 0.04688 0.08984
0 0.92627 0.72412 0.08691 0.10449
0 0.97754 0.75 0.04492 0.11914
0 0.86133 0.85742 0.08398 0.0625
0 0.74512 0.88281 0.07227 0.07812
0 0.69092 0.95703 0.07715 0.08594
0 0.95801 0.95459 0.07812 0.06543
0 0.97363 0.13379 0.05273 0.11133
0 0.92676 0.07861 0.05273 0.06934
0 0.97119 0.05469 0.05762 0.06055
0 0.4668 0.25 0.07227 0.08594
0 0.21338 0.66113 0.07715 0.07031
0 0.67334 0.0459 0.07715 0.07227
0 0.1377 0.81982 0.06836 0.06738
0 0.72266 0.83643 0.08203 0.05957
0 0.02734 0.03564 0.05273 0.06738
0 0.87891 0.53613 0.125 0.11328
0 0.55469 0.8252 0.06641 0.05664
