0 0.32471 0.09814 0.07324 0.11816
0 0.43799 0.19727 0.05957 0.0918
0 0.49512 0.13818 0.06836 0.07324
0 0.15723 0.32324 0.09961 0.08203
0 0.39111 0.26465 0.07324 0.0625
0 0.04785 0.42236 0.0918 0.06934
0 0.63525 0.31055 0.08496 0.08398
0 0.70361 0.17822 0.09277 0.08691
0 0.86963 0.33887 0.09668 0.10352
0 0.87451 0.43018 0.10449 0.10449
0 0.8418 0.47363 0.14258 0.06641
0 0.70752 0.646 0.09082 0.06934
0 0.54688 0.73438 0.14258 0.06445
0 0.55322 0.7876 0.12598 0.06152
0 0.06201 0.78564 0.06543 0.0791
0 0.14893 0.81348 0.09668 0.0625
0 0.0874 0.93506 0.16895 0.11816
0 0.20068 0.89209 0.0791 0.07715
0 0.23584 0.93311 0.1377 0.13379
0 0.43164 0.94775 0.08594 0.09277
0 0.64941 0.93848 0.05469 0.10742
0 0.65186 0.85596 0.08496 0.06348
0 0.82324 0.86426 0.14258 0.10547
0 0.88525 0.83398 0.09863 0.09375
0 0.96436 0.82715 0.07129 0.07227
0 0.84766 0.76465 0.05859 0.07812
0 0.91016 0.76807 0.08594 0.08691
0 0.94678 0.625 0.08496 0.07812
0 0.88574 0.28662 0.08008 0.0791
0 0.29834 0.31982 0.0791 0.06348
0 0.89209 0.71875 0.06152 0.04883
0 0.97412 0.75293 0.05176 0.07031
0 0.03076 0.36768 0.06152 0.05371
