0 0.00781 0.95215 0.01562 0.06641
0 0.12305 0.69043 0.07812 0.07031
0 0.14307 0.55371 0.11035 0.08203
0 0.19971 0.97021 0.23535 0.05957
0 0.35742 0.89307 0.07422 0.06348
0 0.41797 0.76904 0.07227 0.05762
0 0.55811 0.83887 0.08887 0.07812
0 0.44287 0.90039 0.0752 0.05078
0 0.49365 0.96729 0.08496 0.06543
0 0.68848 0.90381 0.10742 0.09082
0 0.7749 0.61377 0.09863 0.12793
0 0.896 0.61865 0.10449 0.10645
0 0.96143 0.67188 0.07715 0.09375
0 0.87744 0.52051 0.06152 0.08984
0 0.46436 0.54688 0.08496 0.10156
0 0.47314 0.64355 0.1377 0.09961
0 0.53271 0.43457 0.06543 0.0918
0 0.13477 0.43359 0.12695 0.07812
0 0.1084 0.45117 0.09961 0.0625
0 0.19482 0.39258 0.16895 0.07031
0 0.25879 0.27197 0.08398 0.06934
0 0.354 0.25732 0.10645 0.08105
0 0.03418 0.0542 0.06836 0.06934
0 0.18799 0.01855 0.21777 0.03711
0 0.0791 0.26025 0.13086 0.09277
0 0.17432 0.25635 0.05957 0.08887
0 0.29541 0.14307 0.11035 0.10449
0 0.58447 0.16406 0.12012 0.07031
0 0.72656 0.15625 0.07812 0.08984
0 0.69385 0.271 0.13184 0.08105
0 0.94141 0.29541 0.11328 0.0791
0 0.8584 0.03418 0.07031 0.06836
0 0.94727 0.05713 0.08008 0.08105
0 0.52148 0.04248 0.07617 0.08496
0 0.61426 0.03271 0.13477 0.06543
0 0.29199 0.05615 0.05859 0.0752
