0 0.09863 0.19434 0.07227 0.11914
0 0.23926 0.2666 0.05859 0.09375
0 0.3916 0.33008 0.07031 0.08398
0 0.34766 0.42822 0.10547 0.06934
0 0.35254 0.49658 0.0625 0.06543
0 0.16357 0.49023 0.06738 0.07617
0 0.22363 0.48535 0.0625 0.08008
0 0.0249 0.37402 0.0498 0.11914
0 0.0249 0.45947 0.0498 0.06348
0 0.04688 0.73828 0.05859 0.09961
0 0.01855 0.91113 0.03711 0.08789
0 0.05859 0.88232 0.06641 0.07129
0 0.20459 0.76611 0.08691 0.10449
0 0.3877 0.87744 0.10547 0.09082
0 0.29443 0.95654 0.10254 0.08691
0 0.12061 0.97412 0.07324 0.05176
0 0.44043 0.76953 0.10938 0.11523
0 0.63916 0.72363 0.1123 0.10547
0 0.58594 0.79199 0.08789 0.07422
0 0.56299 0.84619 0.0752 0.0791
0 0.74072 0.95605 0.12598 0.08789
0 0.83057 0.99121 0.09863 0.01758
0 0.81104 0.89355 0.06348 0.07812
0 0.90869 0.86865 0.07129 0.05957
0 0.94873 0.80371 0.06738 0.09766
0 0.87891 0.74023 0.07812 0.0957
0 0.72217 0.48145 0.0752 0.08008
0 0.62842 0.48828 0.06934 0.06641
0 0.479 0.24854 0.09082 0.1748
0 0.39014 0.23779 0.06543 0.09473
0 0.69531 0.23828 0.08398 0.09961
0 0.67529 0.31494 0.08105 0.08496
0 0.80273 0.38135 0.06641 0.09277
0 0.85791 0.24072 0.09863 0.19824
0 0.68164 0.11621 0.09375 0.125
0 0.45801 0.00732 0.06836 0.01465
0 0.41895 0.02832 0.04492 0.05664
0 0.46826 0.10938 0.06348 0.07422
0 0.33252 0.01318 0.06934 0.02637
0 0.16504 0.05957 0.0625 0.06055
0 0.10156 0.03662 0.05078 0.05176
0 0.04004 0.0166 0.04492 0.0332
0 0.83252 0.04004 0.06934 0.08008
0 0.49609 0.63086 0.09375 0.11914
0 0.21484 0.01953 0.05078 0.0332
0 0.5127 0.90234 0.07422 0.04297
0 0.70264 0.90625 0.11035 0.07227
0 0.72119 0.82129 0.05371 0.04297
0 0.46387 0.4834 0.05273 0.04492
0 0.93506 0.01025 0.05566 0.02051
0 0.04932 0.17578 0.07324 0.10742
0 0.11084 0.32861 0.05566 0.05566
0 0.16895 0.40186 0.0625 0.04785
0 0.07959 0.60986 0.0459 0.0459
0 0.15088 0.19629 0.05176 0.10938
