0 0.0957 0.85938 0.07812 0.08594
0 0.84473 0.43506 0.10352 0.05176
0 0.81592 0.75732 0.05957 0.06934
0 0.271 0.03711 0.06543 0.07227
0 0.8877 0.35449 0.14648 0.05469
0 0.88135 0.72949 0.06738 0.0918
0 0.82959 0.21777 0.09473 0.06055
0 0.54492 0.03125 0.04883 0.0625
0 0.39893 0.68896 0.07324 0.06738
0 0.97461 0.55811 0.05078 0.06152
0 0.43799 0.12695 0.04785 0.08398
0 0.17236 0.67334 0.09277 0.08105
0 0.43408 0.30469 0.15723 0.08203
0 0.21924 0.52002 0.09473 0.04395
0 0.13574 0.07422 0.15234 0.06836
0 0.06152 0.72217 0.12305 0.06348
0 0.3833 0.92676 0.12793 0.13281
0 0.7915 0.05615 0.04199 0.07324
0 0.62744 0.0835 0.10449 0.03809
0 0.46533 0.53613 0.09473 0.08203
0 0.47363 0.03027 0.04688 0.06055
0 0.33936 0.97754 0.06934 0.04492
0 0.29346 0.81006 0.11035 0.05176
0 0.53271 0.94141 0.06934 0.09961
0 0.22559 0.84473 0.11328 0.04297
0 0.91699 0.35938 0.08398 0.1543
0 0.57324 0.39795 0.10156 0.07324
0 0.7041 0.11572 0.10742 0.04199
0 0.96631 0.86768 0.06348 0.04199
0 0.58203 0.41553 0.0957 0.07324
0 0.58496 0.32178 0.05469 0.06152
0 0.30762 0.63574 0.12109 0.06055
0 0.7959 0.01318 0.04102 0.02637
0 0.4292 0.59326 0.09473 0.03418
0 0.4873 0.16943 0.06641 0.05566
0 0.64795 0.36279 0.09863 0.04785
0 0.3335 0.2168 0.09668 0.05469
0 0.03027 0.38721 0.06055 0.07715
0 0.58789 0.93115 0.05664 0.0498
0 0.96973 0.69092 0.05664 0.05371
0 0.0791 0.46338 0.1582 0.05957
0 0.91553 0.8584 0.11035 0.04297
0 0.97559 0.40674 0.04883 0.0459
0 0.4209 0.80127 0.16016 0.0498
0 0.44873 0.98486 0.07129 0.03027
0 0.48193 0.84424 0.06934 0.04004
0 0.01611 0.48486 0.03223 0.03418
0 0.83154 0.42236 0.05957 0.08496
0 0.03857 0.42578 0.07715 0.04102
0 0.02539 0.9248 0.05078 0.04883
0 0.65088 0.81104 0.05957 0.03418
0 0.70215 0.77441 0.04492 0.04102
