0 0.03369 0.5415 0.06738 0.16113
0 0.13184 0.52002 0.25977 0.16309
0 0.06592 0.12744 0.08691 0.15918
0 0.19727 0.35547 0.15039 0.11914
0 0.29053 0.31885 0.06348 0.09668
0 0.33398 0.54199 0.07227 0.17383
0 0.39209 0.58496 0.0498 0.11328
0 0.36279 0.68799 0.06934 0.11816
0 0.17578 0.70752 0.09766 0.10059
0 0.26807 0.9043 0.06738 0.09375
0 0.52734 0.86816 0.08984 0.14062
0 0.51367 0.50488 0.13672 0.25195
0 0.41846 0.271 0.09668 0.19238
0 0.57666 0.26074 0.10059 0.28125
0 0.17676 0.03613 0.13086 0.07227
0 0.1333 0.07568 0.16699 0.15137
0 0.84473 0.10791 0.13281 0.06738
0 0.9165 0.04395 0.09668 0.08789
0 0.9292 0.18506 0.13184 0.0752
0 0.71533 0.37012 0.16895 0.14453
0 0.91846 0.45703 0.10059 0.26172
0 0.88037 0.24854 0.12988 0.08691
0 0.76123 0.51709 0.17676 0.14941
0 0.67822 0.53125 0.1123 0.14062
0 0.77393 0.76318 0.20215 0.14551
0 0.75049 0.94873 0.11621 0.10254
0 0.91992 0.90625 0.12891 0.07812
0 0.34277 0.81592 0.04492 0.04395
0 0.61279 0.13281 0.17285 0.08984
0 0.05371 0.4541 0.10742 0.09375
