0 0.84814 0.69531 0.0791 0.07422
0 0.22949 0.05859 0.08203 0.08398
0 0.07031 0.50879 0.07227 0.06445
0 0.74561 0.05615 0.11621 0.08105
0 0.06641 0.375 0.07422 0.07812
0 0.07373 0.57275 0.08691 0.04785
0 0.11621 0.8291 0.11914 0.07031
0 0.68213 0.60693 0.10059 0.07324
0 0.25586 0.42041 0.07422 0.08301
0 0.56787 0.91064 0.09668 0.06934
0 0.11719 0.13086 0.0918 0.04688
0 0.71875 0.2583 0.0918 0.05566
0 0.40527 0.03906 0.0918 0.07812
0 0.9751 0.77246 0.0498 0.08789
0 0.59961 0.12305 0.05664 0.12109
0 0.30469 0.34668 0.08008 0.04883
0 0.5415 0.82666 0.06738 0.06543
0 0.37793 0.74902 0.08398 0.05273
0 0.37744 0.42725 0.07324 0.05566
0 0.50732 0.71973 0.09277 0.06445
0 0.6958 0.6626 0.08301 0.06934
0 0.26465 0.60254 0.09961 0.04492
0 0.04102 0.61182 0.08203 0.06152
0 0.19434 0.83594 0.07617 0.04688
0 0.95361 0.02539 0.09277 0.04883
0 0.30811 0.18799 0.05762 0.0752
0 0.69092 0.17139 0.07324 0.04785
0 0.37988 0.896 0.09961 0.07129
0 0.88477 0.06201 0.08594 0.06934
0 0.27588 0.81494 0.08691 0.0459
0 0.4541 0.35498 0.03125 0.0791
0 0.13916 0.45996 0.12012 0.10547
0 0.0332 0.26172 0.06641 0.06836
0 0.68018 0.95996 0.06348 0.08008
0 0.33936 0.69189 0.0752 0.09473
0 0.66357 0.77539 0.09668 0.08594
0 0.91357 0.83984 0.11621 0.08008
0 0.89795 0.67432 0.07324 0.04004
0 0.79639 0.46484 0.09863 0.05469
0 0.91455 0.97266 0.06934 0.04883
0 0.65625 0.26318 0.06836 0.05176
0 0.89062 0.16699 0.07031 0.04102
0 0.55322 0.61279 0.06152 0.05371
0 0.95361 0.10742 0.06348 0.05664
0 0.33594 0.7832 0.0625 0.05273
0 0.7002 0.58691 0.06445 0.04883
0 0.65283 0.896 0.12598 0.0791
0 0.37012 0.23584 0.10156 0.04004
0 0.62793 0.21631 0.07031 0.04199
0 0.66162 0.30127 0.06738 0.0459
0 0.52197 0.51611 0.09668 0.0498
0 0.02295 0.01416 0.0459 0.02637
0 0.35498 0.30518 0.05176 0.02637
0 0.36133 0.94287 0.10547 0.05176
0 0.97217 0.83789 0.05566 0.03906
0 0.6709 0.3833 0.07617 0.04395
0 0.09277 0.20752 0.08008 0.03418
0 0.05615 0.83984 0.07129 0.04883
0 0.3916 0.06396 0.10156 0.05957
0 0.11084 0.05371 0.08105 0.06055
0 0.6123 0.78027 0.08203 0.04883
0 0.98584 0.46045 0.02832 0.03027
0 0.26172 0.3584 0.05469 0.03516
0 0.1792 0.09229 0.06543 0.03613
0 0.38086 0.04346 0.08984 0.05566
0 0.16602 0.73193 0.14648 0.04395
0 0.54688 0.31104 0.08398 0.07324
0 0.92529 0.21436 0.05762 0.06934
0 0.09619 0.98584 0.09473 0.02832
0 0.24268 0.48193 0.07129 0.03613
0 0.26904 0.75146 0.06934 0.0459
0 0.25732 0.19434 0.03809 0.05273
0 0.94141 0.54199 0.11719 0.06055
0 0.19287 0.38037 0.07715 0.0498
0 0.19238 0.61719 0.0918 0.04102
0 0.94922 0.78369 0.0625 0.0459
0 0.0498 0.72168 0.0957 0.06836
0 0.85889 0.96484 0.0498 0.03711
0 0.63184 0.53711 0.08789 0.04492
0 0.09326 0.32129 0.10254 0.03711
0 0.02588 0.20752 0.05176 0.03418
0 0.05449 0.44912 0.10898 0.03848
0 0.16406 0.63623 0.04688 0.05957
0 0.02246 0.51025 0.04492 0.05371
0 0.01709 0.04297 0.03418 0.04883
0 0.67188 0.86279 0.10938 0.04395
0 0.87646 0.84717 0.07324 0.04395
0 0.87988 0.18604 0.07031 0.03809
0 0.24023 0.98975 0.0332 0.02051
0 0.54248 0.82715 0.11035 0.05469
0 0.13184 0.79102 0.07617 0.02539
0 0.16699 0.26416 0.08398 0.05957
0 0.31543 0.5083 0.1543 0.09082
0 0.61035 0.36377 0.13672 0.0752
