0 0.01807 0.09717 0.03613 0.05957
0 0.03223 0.15479 0.06445 0.05762
0 0.04004 0.20605 0.06836 0.07227
0 0.03076 0.75781 0.06152 0.08203
0 0.21729 0.85889 0.06543 0.06934
0 0.21875 0.80518 0.08008 0.06543
0 0.23535 0.74219 0.08398 0.06836
0 0.2041 0.64062 0.07422 0.08789
0 0.19873 0.57812 0.06738 0.06055
0 0.25049 0.55127 0.07129 0.08105
0 0.10254 0.40771 0.11719 0.11816
0 0.38037 0.34717 0.08887 0.08105
0 0.36035 0.67627 0.07617 0.06348
0 0.35791 0.79443 0.07715 0.07129
0 0.35889 0.73096 0.07129 0.05371
0 0.4624 0.71826 0.08887 0.05957
0 0.42969 0.7876 0.07031 0.09863
0 0.51611 0.77637 0.07715 0.08594
0 0.57617 0.77686 0.06836 0.08105
0 0.62061 0.7085 0.10645 0.04785
0 0.6543 0.646 0.08594 0.07129
0 0.62402 0.83154 0.08398 0.11035
0 0.65771 0.76221 0.06543 0.06543
0 0.31299 0.87354 0.05762 0.06543
0 0.771 0.80615 0.08887 0.07129
0 0.85938 0.70508 0.08789 0.08398
0 0.87207 0.6377 0.08789 0.07422
0 0.69141 0.33496 0.07422 0.06836
0 0.78027 0.37256 0.07422 0.0752
0 0.84229 0.39258 0.09277 0.07031
0 0.75439 0.29639 0.11035 0.07129
0 0.47559 0.23779 0.06836 0.07324
0 0.50977 0.16211 0.0625 0.07812
0 0.53955 0.12451 0.06152 0.07129
0 0.62354 0.12988 0.08301 0.08398
0 0.62695 0.19775 0.0957 0.06543
0 0.67725 0.22705 0.09082 0.06543
0 0.75342 0.05322 0.10059 0.08691
0 0.77295 0.09912 0.07129 0.06934
0 0.83154 0.18213 0.08105 0.08301
0 0.90479 0.15479 0.07324 0.12012
0 0.9624 0.1665 0.0752 0.08887
0 0.98145 0.34424 0.03711 0.0752
0 0.62402 0.14795 0.07227 0.07129
0 0.11182 0.70166 0.07324 0.04199
0 0.07764 0.80762 0.05762 0.05078
0 0.98682 0.62109 0.02637 0.06836
