0 0.19043 0.31689 0.12891 0.05957
0 0.14893 0.24316 0.0459 0.07227
0 0.07275 0.16064 0.0459 0.08691
0 0.03418 0.0835 0.06836 0.08105
0 0.021 0.18506 0.04199 0.05371
0 0.02734 0.3501 0.05469 0.11816
0 0.11426 0.42285 0.09961 0.07227
0 0.37012 0.41357 0.08203 0.1123
0 0.46631 0.5166 0.0791 0.10547
0 0.38477 0.62988 0.13477 0.10547
0 0.50879 0.7168 0.08594 0.08594
0 0.2583 0.68604 0.1084 0.07129
0 0.21289 0.61035 0.04883 0.06445
0 0.13428 0.59326 0.06738 0.10645
0 0.1543 0.71826 0.07617 0.06738
0 0.0625 0.64697 0.05078 0.06152
0 0.03027 0.64795 0.06055 0.05957
0 0.09668 0.50879 0.04492 0.06445
0 0.68848 0.89258 0.0625 0.07617
0 0.64746 0.73828 0.07031 0.05664
0 0.70312 0.54834 0.05859 0.10645
0 0.63037 0.55127 0.05371 0.0752
0 0.83545 0.4126 0.05957 0.05762
0 0.96875 0.24951 0.06055 0.1084
0 0.92334 0.13477 0.07129 0.10938
0 0.7334 0.07373 0.13281 0.14746
0 0.88477 0.54883 0.07812 0.0918
0 0.94629 0.51855 0.05273 0.07617
0 0.97168 0.64404 0.05664 0.10645
0 0.97266 0.73291 0.04688 0.06934
0 0.78174 0.76855 0.09473 0.08008
0 0.8623 0.8457 0.09961 0.08398
0 0.84912 0.70898 0.12793 0.08203
0 0.72119 0.67236 0.06543 0.06348
0 0.75195 0.60889 0.08008 0.05957
0 0.10254 0.8418 0.06055 0.06445
0 0.22412 0.0376 0.09082 0.0752
0 0.26367 0.07031 0.08984 0.09961
0 0.33643 0.11377 0.07129 0.11816
0 0.31055 0.24365 0.07812 0.08105
0 0.40479 0.22168 0.05957 0.07227
0 0.4165 0.30664 0.10254 0.06445
0 0.51123 0.4043 0.08105 0.09375
0 0.59863 0.27148 0.08398 0.07422
0 0.68066 0.18311 0.0625 0.09473
0 0.57764 0.17139 0.07715 0.06738
0 0.54102 0.22021 0.0918 0.06934
0 0.39795 0.0459 0.0752 0.08984
0 0.25879 0.45947 0.06641 0.0791
0 0.26709 0.77539 0.05566 0.02734
0 0.1123 0.6665 0.06641 0.06543
0 0.79834 0.79639 0.09473 0.05371
0 0.61816 0.08984 0.10156 0.10352
0 0.06738 0.53271 0.0625 0.07715
0 0.0249 0.53271 0.0498 0.05371
0 0.30273 0.18604 0.08789 0.07324
