0 0.54004 0.03369 0.09961 0.06738
0 0.51953 0.13037 0.07422 0.07715
0 0.61963 0.13037 0.0752 0.10059
0 0.78809 0.1084 0.0918 0.125
0 0.74561 0.24561 0.06543 0.06543
0 0.7793 0.35693 0.10156 0.09668
0 0.63135 0.24854 0.11816 0.11621
0 0.5708 0.35205 0.1084 0.08691
0 0.12842 0.07959 0.12012 0.10254
0 0.04004 0.20215 0.08008 0.08594
0 0.29102 0.2373 0.14844 0.125
0 0.35938 0.38916 0.08398 0.10645
0 0.4165 0.51465 0.08887 0.11133
0 0.60352 0.51465 0.10352 0.12305
0 0.56641 0.63477 0.10742 0.09766
0 0.4292 0.74609 0.0791 0.12891
0 0.63916 0.79346 0.09863 0.06934
0 0.33154 0.67529 0.09863 0.11035
0 0.22217 0.604 0.07324 0.06738
0 0.16699 0.7002 0.07617 0.13281
0 0.89307 0.63232 0.06738 0.09277
0 0.83838 0.89014 0.07715 0.09668
0 0.10596 0.91406 0.06348 0.06641
0 0.21631 0.94287 0.0791 0.09473
0 0.0293 0.49854 0.05859 0.11621
0 0.77344 0.94775 0.07812 0.10449
0 0.9458 0.74658 0.07715 0.0791
0 0.98633 0.6167 0.02734 0.12012
0 0.9668 0.39502 0.06641 0.09082
0 0.98242 0.2124 0.03516 0.08691
0 0.41113 0.23975 0.10742 0.08105
0 0.01953 0.27295 0.03906 0.05176
0 0.51221 0.24902 0.0498 0.05664
0 0.73047 0.4502 0.07422 0.07422
0 0.59863 0.96582 0.08984 0.06836
0 0.50293 0.979 0.09961 0.04199
