0 0.23145 0.16943 0.08984 0.09277
0 0.65625 0.1709 0.07031 0.05664
0 0.01807 0.82422 0.03418 0.05078
0 0.43945 0.64893 0.08203 0.09863
0 0.19971 0.88477 0.09863 0.06641
0 0.76953 0.82031 0.07422 0.06836
0 0.28809 0.57568 0.09375 0.08496
0 0.14502 0.60449 0.1123 0.06445
0 0.66943 0.50293 0.06934 0.05859
0 0.86719 0.55078 0.11133 0.06445
0 0.68213 0.86182 0.10254 0.05176
0 0.02393 0.75781 0.04785 0.0625
0 0.68652 0.67188 0.0918 0.07031
0 0.80469 0.50098 0.03906 0.07422
0 0.1582 0.97461 0.09375 0.04688
0 0.9707 0.75977 0.05859 0.05273
0 0.09424 0.3833 0.08301 0.05957
0 0.52344 0.79688 0.04102 0.06055
0 0.80273 0.07764 0.08398 0.0498
0 0.11328 0.17773 0.0625 0.14258
0 0.80225 0.80371 0.04785 0.08008
0 0.2168 0.25781 0.04297 0.10156
0 0.43457 0.92188 0.05664 0.07227
0 0.25146 0.24219 0.0752 0.05078
0 0.4873 0.25928 0.05859 0.06543
0 0.44287 0.06787 0.06738 0.06152
0 0.58203 0.32764 0.11523 0.04785
0 0.7334 0.02832 0.04883 0.05664
0 0.78906 0.91699 0.09375 0.04492
0 0.97754 0.11133 0.04492 0.07227
0 0.104 0.11621 0.05762 0.07422
0 0.27441 0.31104 0.0957 0.1377
0 0.98389 0.25488 0.03223 0.08398
0 0.37256 0.84131 0.08496 0.04785
0 0.69141 0.2666 0.10156 0.04492
0 0.57129 0.64844 0.07227 0.06055
0 0.65625 0.04932 0.06055 0.0498
0 0.12158 0.85742 0.08496 0.06055
0 0.25098 0.8877 0.04883 0.07227
0 0.97363 0.61084 0.04883 0.06348
0 0.82764 0.59717 0.04785 0.07324
0 0.03027 0.36621 0.06055 0.05664
0 0.6333 0.94434 0.08887 0.04688
0 0.92871 0.9541 0.08008 0.05859
0 0.27637 0.01172 0.05469 0.02344
0 0.44873 0.70361 0.0752 0.04004
0 0.87354 0.0166 0.02832 0.0332
0 0.92822 0.11865 0.07129 0.05566
0 0.03857 0.97119 0.06348 0.04785
0 0.82666 0.2998 0.06738 0.04883
0 0.02881 0.09717 0.0498 0.04395
0 0.54688 0.28271 0.04688 0.06738
0 0.14404 0.17285 0.05957 0.08008
0 0.02246 0.77588 0.04492 0.06543
0 0.01953 0.22803 0.03906 0.05176
0 0.83057 0.9585 0.08105 0.05371
0 0.80322 0.36133 0.0752 0.06055
0 0.74414 0.43262 0.05273 0.07031
0 0.66846 0.45557 0.05371 0.05762
0 0.35498 0.54736 0.06348 0.07715
0 0.26416 0.4624 0.07129 0.07129
0 0.61377 0.97705 0.06738 0.04004
0 0.05908 0.1958 0.05566 0.05176
0 0.96875 0.19043 0.05078 0.05469
