0 0.1626 0.19922 0.09668 0.07227
0 0.42822 0.14258 0.09277 0.08789
0 0.40039 0.28857 0.06836 0.10059
0 0.21875 0.31885 0.09375 0.06738
0 0.31934 0.37939 0.10156 0.0459
0 0.2124 0.38867 0.09668 0.04883
0 0.15771 0.5293 0.05957 0.07812
0 0.46289 0.37695 0.08789 0.06445
0 0.52197 0.30762 0.09082 0.07812
0 0.56934 0.11572 0.08203 0.06348
0 0.6123 0.05664 0.06836 0.10547
0 0.19629 0.09814 0.20117 0.11035
0 0.62354 0.20557 0.10059 0.05371
0 0.64502 0.28467 0.06738 0.12207
0 0.73877 0.36865 0.10059 0.05762
0 0.81299 0.27002 0.12988 0.12598
0 0.88135 0.22021 0.09277 0.16504
0 0.86621 0.42139 0.06836 0.10059
0 0.69873 0.46875 0.10449 0.06641
0 0.55713 0.59229 0.0752 0.19434
0 0.47949 0.70361 0.10938 0.19043
0 0.61719 0.6709 0.05273 0.08203
0 0.67871 0.64746 0.07422 0.16797
0 0.72559 0.66016 0.05273 0.0625
0 0.89453 0.62646 0.08984 0.19824
0 0.95996 0.03174 0.08008 0.06348
0 0.12207 0.74951 0.08594 0.14355
0 0.16504 0.92627 0.05859 0.11621
0 0.18994 0.97412 0.08105 0.05176
0 0.13574 0.96729 0.08203 0.05371
0 0.38672 0.9375 0.11719 0.06836
0 0.42529 0.89014 0.08691 0.05566
0 0.58057 0.9458 0.07129 0.1084
0 0.74414 0.91357 0.13281 0.13574
0 0.21973 0.02686 0.11914 0.05371
