0 0.51709 0.23877 0.08105 0.2373
0 0.26709 0.2334 0.35059 0.15234
0 0.86621 0.47412 0.23242 0.12207
0 0.49365 0.38525 0.20605 0.15332
0 0.54688 0.87256 0.18555 0.12402
0 0.85547 0.53223 0.23438 0.07812
0 0.20801 0.58838 0.11523 0.13379
0 0.67236 0.52197 0.08691 0.12988
0 0.38037 0.96924 0.16895 0.06152
0 0.27979 0.0415 0.13574 0.0752
0 0.9043 0.104 0.19141 0.19629
0 0.36133 0.37891 0.19727 0.08008
0 0.6958 0.06299 0.16309 0.10645
0 0.66357 0.46729 0.20605 0.13965
0 0.25391 0.56152 0.06836 0.19336
0 0.9458 0.60693 0.08887 0.1123
0 0.93066 0.94629 0.13867 0.09766
0 0.65234 0.3501 0.25781 0.15137
0 0.05469 0.80518 0.10938 0.2041
0 0.22754 0.45459 0.20508 0.11621
0 0.41357 0.93994 0.22754 0.12012
0 0.65381 0.60547 0.1416 0.13281
0 0.54736 0.56006 0.24512 0.10645
0 0.62891 0.65234 0.07227 0.06836
0 0.38721 0.40137 0.12793 0.13672
0 0.18604 0.24658 0.28809 0.15137
0 0.32666 0.31982 0.15137 0.07715
0 0.30615 0.02002 0.1377 0.04004
0 0.48438 0.9502 0.06641 0.0957
