0 0.1123 0.03174 0.05469 0.06348
0 0.29932 0.09473 0.06934 0.08789
0 0.24658 0.21191 0.03809 0.06445
0 0.35254 0.2168 0.05859 0.08203
0 0.16992 0.59473 0.09766 0.08789
0 0.19629 0.77637 0.10742 0.08203
0 0.13525 0.86572 0.07129 0.10449
0 0.00732 0.90771 0.01465 0.06543
0 0.31445 0.90625 0.07227 0.09375
0 0.50439 0.91211 0.07715 0.07422
0 0.68848 0.78271 0.10352 0.11426
0 0.4292 0.68262 0.09863 0.10547
0 0.854 0.74121 0.07324 0.07227
0 0.90527 0.7417 0.07227 0.11621
0 0.92285 0.84668 0.09961 0.10547
0 0.7583 0.92236 0.0752 0.0791
0 0.66504 0.3667 0.10547 0.08691
0 0.48242 0.26758 0.07617 0.07227
0 0.46924 0.13916 0.06348 0.05957
0 0.55664 0.18945 0.0918 0.06641
0 0.82617 0.16553 0.10352 0.05762
0 0.96777 0.06543 0.06445 0.12109
0 0.97314 0.28564 0.05371 0.07129
0 0.98438 0.37305 0.03125 0.07227
0 0.57764 0.02637 0.05176 0.05273
