0 0.75586 0.55176 0.14258 0.11523
0 0.89355 0.66797 0.07227 0.09766
0 0.52588 0.7207 0.07715 0.10742
0 0.95264 0.58594 0.09277 0.0957
0 0.81201 0.81592 0.10449 0.07715
0 0.95703 0.44434 0.08594 0.08984
0 0.96387 0.31543 0.07227 0.07227
0 0.74951 0.67188 0.08496 0.08984
0 0.59082 0.84424 0.0625 0.11035
0 0.68213 0.65088 0.06934 0.08691
0 0.89941 0.45703 0.06055 0.11523
0 0.60205 0.51855 0.08496 0.09766
0 0.80615 0.48193 0.05762 0.06934
0 0.86963 0.47217 0.06543 0.08496
0 0.8623 0.71729 0.08984 0.08496
0 0.63818 0.82324 0.08301 0.12695
0 0.86084 0.95361 0.11816 0.09277
0 0.92529 0.94727 0.0752 0.10547
0 0.70312 0.96729 0.10742 0.06543
0 0.91016 0.37305 0.06836 0.05859
