0 0.07812 0.12354 0.10352 0.09082
0 0.09326 0.03174 0.06934 0.06348
0 0.01904 0.01904 0.03809 0.03809
0 0.18408 0.08984 0.09082 0.09961
0 0.21338 0.24023 0.09082 0.09766
0 0.49414 0.13232 0.10156 0.07715
0 0.18604 0.41309 0.10059 0.12695
0 0.03027 0.37061 0.06055 0.09277
0 0.0542 0.59277 0.08301 0.07812
0 0.15381 0.58838 0.08887 0.06934
0 0.05762 0.68115 0.08398 0.07324
0 0.03564 0.8374 0.07129 0.06543
0 0.03027 0.92236 0.05859 0.0791
0 0.21289 0.74609 0.09961 0.10156
0 0.36572 0.58398 0.12988 0.05469
0 0.47363 0.64648 0.06836 0.10938
0 0.54004 0.68164 0.07617 0.12695
0 0.5542 0.53223 0.0752 0.13281
0 0.396 0.87207 0.09863 0.10938
0 0.34521 0.94385 0.09668 0.06348
0 0.53516 0.87305 0.10156 0.14258
0 0.73193 0.40283 0.08301 0.08691
0 0.84619 0.36621 0.09668 0.08203
0 0.87402 0.66602 0.07812 0.08203
0 0.83105 0.77979 0.13672 0.10449
0 0.9585 0.76123 0.08301 0.10059
0 0.84912 0.94385 0.06543 0.08105
0 0.97461 0.87061 0.05078 0.0752
0 0.8667 0.81396 0.08105 0.08496
0 0.47363 0.96533 0.06641 0.06934
0 0.65967 0.60156 0.06738 0.06836
0 0.12158 0.94238 0.0791 0.10352
0 0.24854 0.45947 0.08301 0.1123
0 0.73779 0.79102 0.05762 0.05469
0 0.08105 0.2085 0.07617 0.10449
0 0.57568 0.98389 0.07129 0.03223
0 0.90723 0.97461 0.09961 0.05078
