0 0.05615 0.37305 0.07715 0.07812
0 0.07275 0.31104 0.08105 0.06934
0 0.17285 0.32959 0.08398 0.09277
0 0.26562 0.38232 0.08008 0.11816
0 0.16406 0.14697 0.14453 0.08496
0 0.02393 0.2417 0.04785 0.06934
0 0.7793 0.10986 0.10547 0.07715
0 0.69775 0.19873 0.08301 0.07715
0 0.45557 0.10352 0.08887 0.07031
0 0.85107 0.26416 0.08496 0.06738
0 0.76123 0.26953 0.07324 0.04492
0 0.95898 0.30664 0.08203 0.07227
0 0.71631 0.4873 0.09863 0.07031
0 0.95068 0.44141 0.09863 0.06641
0 0.51172 0.33545 0.09766 0.06348
0 0.50195 0.50635 0.10938 0.09473
0 0.61377 0.49561 0.09082 0.05762
0 0.58936 0.59912 0.07715 0.07324
0 0.45557 0.62354 0.08887 0.09668
0 0.90039 0.70801 0.0957 0.08008
0 0.28906 0.58545 0.07617 0.06348
0 0.07471 0.59082 0.12207 0.08008
0 0.19287 0.64258 0.04395 0.05078
0 0.25146 0.6875 0.10059 0.08203
0 0.10254 0.73193 0.06641 0.06152
0 0.33203 0.84131 0.14453 0.09082
0 0.74219 0.89209 0.11133 0.09082
0 0.86719 0.92236 0.10547 0.05957
0 0.87842 0.85742 0.09473 0.05859
0 0.13428 0.8667 0.08105 0.08301
0 0.2124 0.88379 0.10449 0.10938
0 0.23877 0.96484 0.10449 0.07031
0 0.68115 0.73096 0.10254 0.08301
