0 0.12744 0.04443 0.08691 0.06543
0 0.03516 0.02881 0.07031 0.05762
0 0.07764 0.11084 0.0752 0.09082
0 0.25635 0.01758 0.06348 0.03516
0 0.01367 0.51855 0.02734 0.10938
0 0.11914 0.45703 0.06055 0.05664
0 0.17969 0.44238 0.0625 0.0918
0 0.23975 0.46777 0.06738 0.06445
0 0.28613 0.396 0.08398 0.06543
0 0.19727 0.26904 0.06836 0.06152
0 0.32178 0.28955 0.08691 0.10254
0 0.18213 0.59814 0.06738 0.06934
0 0.12646 0.6123 0.05371 0.06836
0 0.09766 0.77734 0.10352 0.15625
0 0.10693 0.95801 0.09863 0.05859
0 0.08105 0.98193 0.07031 0.03613
0 0.18311 0.93701 0.06152 0.06738
0 0.23584 0.96191 0.05566 0.05859
0 0.24365 0.88379 0.07129 0.05664
0 0.46045 0.73438 0.11035 0.13281
0 0.51318 0.71045 0.06543 0.10254
0 0.56592 0.76953 0.0752 0.22852
0 0.66016 0.75342 0.05664 0.0752
0 0.67188 0.70215 0.05859 0.07812
0 0.73828 0.70947 0.07227 0.1084
0 0.73828 0.81494 0.13086 0.12988
0 0.80078 0.85303 0.05273 0.12598
0 0.82471 0.71436 0.05566 0.05371
0 0.84619 0.77539 0.05957 0.07617
0 0.86426 0.93604 0.0918 0.12793
0 0.80859 0.63818 0.0625 0.06543
0 0.69922 0.59033 0.08203 0.0791
0 0.74609 0.625 0.05664 0.08789
0 0.76318 0.50586 0.05957 0.0625
0 0.84668 0.45801 0.11719 0.06445
0 0.60449 0.45215 0.06836 0.08594
0 0.43506 0.48535 0.12012 0.06445
0 0.49561 0.47217 0.06934 0.05176
0 0.36084 0.5127 0.08105 0.0625
0 0.37207 0.66943 0.0957 0.12598
0 0.47852 0.53223 0.08594 0.04297
0 0.4668 0.58154 0.06836 0.06934
0 0.41699 0.5918 0.03125 0.04883
0 0.44434 0.63281 0.10156 0.06055
0 0.5249 0.58057 0.05957 0.05566
0 0.5791 0.56689 0.05273 0.05957
0 0.82324 0.29883 0.09375 0.08008
0 0.86963 0.2373 0.07715 0.08203
0 0.68701 0.10107 0.06348 0.06934
0 0.56396 0.09814 0.09668 0.08887
0 0.38965 0.04053 0.12695 0.08105
0 0.63867 0.02002 0.12109 0.04004
0 0.5332 0.02148 0.07422 0.04297
0 0.60742 0.15381 0.04883 0.0498
0 0.65381 0.48633 0.05176 0.05664
0 0.76025 0.98291 0.05176 0.03418
0 0.18018 0.67822 0.06543 0.05371
0 0.58936 0.82812 0.09277 0.17969
0 0.54443 0.7959 0.06738 0.14648
0 0.35693 0.64551 0.09668 0.12891
0 0.08984 0.0376 0.08398 0.0752
