0 0.03711 0.28125 0.07422 0.08008
0 0.24414 0.6377 0.07812 0.06055
0 0.09082 0.27539 0.08203 0.08594
0 0.625 0.0752 0.06445 0.08398
0 0.4082 0.04932 0.05273 0.09863
0 0.73877 0.24854 0.06738 0.07715
0 0.71826 0.18408 0.09082 0.08887
0 0.45215 0.88916 0.07812 0.05566
0 0.37256 0.04346 0.06152 0.08496
0 0.93408 0.66895 0.10449 0.08789
0 0.43213 0.38867 0.05566 0.09375
0 0.04932 0.65576 0.08105 0.09082
0 0.76123 0.32764 0.08691 0.0459
0 0.95117 0.40332 0.0293 0.06641
0 0.05029 0.6084 0.0752 0.0625
0 0.93945 0.06689 0.06055 0.0459
0 0.76416 0.08496 0.09473 0.11523
0 0.20947 0.95557 0.08105 0.08496
0 0.12988 0.48193 0.0918 0.05371
0 0.41602 0.4751 0.06055 0.05957
0 0.03369 0.94873 0.0498 0.06152
0 0.79883 0.41357 0.03125 0.08691
0 0.06641 0.75684 0.10938 0.03516
0 0.62695 0.37598 0.08203 0.03906
0 0.36719 0.42041 0.06445 0.05566
0 0.64795 0.33008 0.04004 0.09375
0 0.4873 0.58887 0.06641 0.08594
0 0.75439 0.55762 0.03418 0.12695
0 0.35596 0.98291 0.0791 0.02832
0 0.29883 0.30078 0.05273 0.05078
0 0.04346 0.71387 0.06934 0.0332
0 0.55225 0.33984 0.03809 0.07227
0 0.23193 0.87305 0.11035 0.04492
0 0.00586 0.67969 0.01172 0.03516
0 0.70752 0.98779 0.05371 0.02441
0 0.20605 0.45654 0.05078 0.04785
0 0.31201 0.58545 0.1084 0.03809
0 0.56494 0.50928 0.05371 0.03027
0 0.79834 0.60986 0.05566 0.04785
0 0.85254 0.32715 0.05078 0.05469
0 0.53857 0.07471 0.03027 0.07324
0 0.67383 0.95947 0.10156 0.04395
0 0.23535 0.76611 0.10938 0.0791
0 0.46045 0.62695 0.21387 0.08008
0 0.33887 0.04883 0.05664 0.03516
0 0.67969 0.90869 0.05859 0.04004
0 0.75293 0.42285 0.05664 0.05664
0 0.14111 0.56445 0.05371 0.03125
0 0.56885 0.6377 0.09082 0.01953
0 0.85596 0.13818 0.04395 0.05371
0 0.05957 0.78857 0.08594 0.02637
0 0.61963 0.80225 0.08301 0.0498
0 0.46484 0.96094 0.0293 0.04492
0 0.38379 0.94141 0.04492 0.0625
0 0.47314 0.47119 0.03418 0.05566
0 0.91406 0.48584 0.08008 0.06152
0 0.51221 0.09277 0.07129 0.03125
0 0.46436 0.82666 0.05957 0.03418
0 0.00732 0.97314 0.01465 0.01465
0 0.18408 0.83691 0.09668 0.04492
0 0.54199 0.47314 0.04297 0.04004
0 0.75 0.74756 0.04297 0.03418
0 0.70215 0.82031 0.11523 0.06445
0 0.43945 0.81445 0.11133 0.06055
0 0.30762 0.94092 0.07227 0.03418
0 0.62793 0.98486 0.06445 0.03027
0 0.979 0.79492 0.04199 0.04883
0 0.33398 0.97119 0.14453 0.04004
0 0.28516 0.99072 0.05664 0.01855
