0 0.73193 0.13477 0.10449 0.08008
0 0.72705 0.32959 0.09473 0.06934
0 0.86084 0.84473 0.08301 0.09961
0 0.77295 0.40479 0.10254 0.09473
0 0.91455 0.15918 0.1709 0.07031
0 0.80322 0.95703 0.11816 0.07422
0 0.61084 0.46143 0.08496 0.09082
0 0.85107 0.36035 0.1377 0.0625
0 0.78564 0.03857 0.10254 0.07715
0 0.88574 0.43457 0.14062 0.07227
0 0.78076 0.86084 0.1084 0.09277
0 0.86572 0.59717 0.10254 0.08496
0 0.92578 0.55225 0.14844 0.06543
0 0.91992 0.29492 0.15234 0.0625
0 0.83838 0.13086 0.10059 0.06445
0 0.87598 0.05859 0.11719 0.05273
0 0.93066 0.0459 0.13281 0.07227
0 0.03271 0.78027 0.06543 0.05859
0 0.9585 0.46045 0.08301 0.05371
