0 0.81445 0.82812 0.14062 0.08789
0 0.58154 0.79932 0.12988 0.07715
0 0.74756 0.2959 0.12012 0.08203
0 0.5708 0.47314 0.16699 0.08691
0 0.91699 0.35938 0.14453 0.09961
0 0.7085 0.40332 0.12793 0.07812
0 0.15479 0.41797 0.13965 0.09766
0 0.05078 0.20703 0.0918 0.10547
0 0.4458 0.53223 0.1416 0.05469
0 0.37305 0.11328 0.09766 0.06836
0 0.28955 0.02979 0.11035 0.05957
0 0.68457 0.94678 0.10352 0.05957
0 0.47705 0.37988 0.08496 0.08984
0 0.94189 0.93066 0.09473 0.08203
0 0.45215 0.03955 0.08008 0.06543
0 0.43945 0.97314 0.09375 0.05371
0 0.95068 0.01221 0.08691 0.02441
0 0.08447 0.81104 0.06934 0.09277
0 0.14355 0.90332 0.08789 0.06836
0 0.37451 0.03955 0.06934 0.06934
0 0.69482 0.9873 0.15527 0.02539
