0 0.2417 0.01514 0.09277 0.03027
0 0.07471 0.09082 0.14941 0.07227
0 0.0249 0.17676 0.0498 0.05664
0 0.12061 0.27295 0.12988 0.08496
0 0.27051 0.30811 0.13086 0.05957
0 0.29395 0.22217 0.07617 0.06738
0 0.48828 0.13721 0.09961 0.0791
0 0.65723 0.07666 0.12695 0.07324
0 0.67334 0.12354 0.08301 0.07129
0 0.6582 0.02002 0.08984 0.04004
0 0.97021 0.03516 0.05957 0.06641
0 0.80615 0.04248 0.08301 0.06738
0 0.97266 0.11768 0.05469 0.0791
0 0.96533 0.479 0.06934 0.06738
0 0.79639 0.43213 0.10645 0.08105
0 0.68799 0.44482 0.06934 0.06738
0 0.97119 0.62842 0.05762 0.08887
0 0.87354 0.58887 0.10254 0.11328
0 0.73242 0.67139 0.12695 0.0752
0 0.74463 0.55615 0.06348 0.04395
0 0.53418 0.60693 0.10742 0.07715
0 0.39453 0.49854 0.14844 0.0791
0 0.30811 0.43018 0.16699 0.11621
0 0.48096 0.26807 0.09473 0.06348
0 0.9585 0.87939 0.08301 0.09473
0 0.7998 0.78174 0.08789 0.07324
0 0.67773 0.74365 0.10156 0.08496
0 0.60596 0.83008 0.06348 0.08008
0 0.56006 0.71973 0.0752 0.07812
0 0.52051 0.7998 0.07227 0.0957
0 0.4292 0.78906 0.07129 0.07812
0 0.37842 0.85498 0.07324 0.07324
0 0.27197 0.81592 0.06348 0.06738
0 0.36084 0.78662 0.05371 0.06152
0 0.41748 0.67822 0.09473 0.06543
0 0.18799 0.67529 0.10059 0.08691
0 0.10547 0.82275 0.07617 0.06152
0 0.20068 0.83447 0.0791 0.19238
0 0.91943 0.96777 0.08496 0.06445
0 0.57471 0.15967 0.05762 0.04785
0 0.39307 0.73584 0.0752 0.05762
0 0.36475 0.95166 0.06152 0.0459
0 0.82471 0.15869 0.10059 0.08105
0 0.65527 0.59619 0.08398 0.0752
0 0.96094 0.53857 0.07812 0.06152
