0 0.42578 0.57812 0.0918 0.08203
0 0.71484 0.12598 0.13477 0.12695
0 0.08691 0.60547 0.13477 0.11719
0 0.47949 0.375 0.11914 0.125
0 0.04492 0.16211 0.08984 0.11328
0 0.47461 0.76709 0.06445 0.06934
0 0.93848 0.75342 0.12305 0.11816
0 0.7583 0.74463 0.1123 0.06934
0 0.44336 0.20215 0.0918 0.09961
0 0.75586 0.65332 0.09766 0.05273
0 0.3457 0.64697 0.08789 0.09082
0 0.88965 0.56104 0.18945 0.09277
0 0.04102 0.4043 0.08203 0.16016
0 0.53564 0.96875 0.09277 0.0625
0 0.50439 0.63672 0.0752 0.05469
0 0.72705 0.33057 0.14941 0.10254
0 0.94385 0.37744 0.1123 0.10645
0 0.86328 0.16748 0.16211 0.08496
0 0.92285 0.03809 0.14453 0.07227
0 0.91699 0.82178 0.09961 0.05957
0 0.45557 0.05322 0.07715 0.10254
0 0.52734 0.0293 0.08008 0.05469
0 0.25146 0.17773 0.06738 0.08008
