0 0.9043 0.95703 0.09961 0.08594
0 0.84961 0.93018 0.05469 0.07129
0 0.95605 0.93311 0.03906 0.05957
0 0.6543 0.96582 0.08008 0.06836
0 0.56494 0.9834 0.0752 0.0332
0 0.50879 0.92285 0.05859 0.06641
0 0.43848 0.94971 0.08398 0.10059
0 0.29199 0.95947 0.10547 0.05371
0 0.3125 0.89453 0.05664 0.06055
0 0.22119 0.88379 0.08301 0.0625
0 0.2041 0.81006 0.07422 0.07129
0 0.07227 0.80273 0.07227 0.06836
0 0.05029 0.74023 0.06543 0.07227
0 0.21875 0.68115 0.07812 0.0752
0 0.61084 0.75146 0.13379 0.05957
0 0.69727 0.82861 0.09375 0.08105
0 0.74414 0.76416 0.10352 0.06738
0 0.57764 0.66309 0.09473 0.08984
0 0.4873 0.62305 0.0625 0.07227
0 0.45215 0.69336 0.06836 0.05664
0 0.24512 0.56543 0.08398 0.09766
0 0.146 0.57227 0.09473 0.10938
0 0.03223 0.54004 0.06445 0.07031
0 0.06738 0.10107 0.07422 0.08105
0 0.05664 0.15771 0.11328 0.06152
0 0.19043 0.19336 0.06055 0.10352
0 0.25635 0.20117 0.07129 0.08594
0 0.12305 0.39258 0.13086 0.12305
0 0.20703 0.4541 0.10938 0.0625
0 0.3418 0.39648 0.11719 0.08594
0 0.54736 0.15381 0.07715 0.13184
0 0.43359 0.06934 0.06445 0.05859
0 0.71924 0.17432 0.10059 0.09668
0 0.68848 0.24463 0.07812 0.0791
0 0.60498 0.28564 0.05371 0.10254
0 0.47314 0.24951 0.05957 0.0791
0 0.8418 0.24268 0.11523 0.12012
0 0.85303 0.31055 0.08887 0.0625
0 0.91064 0.27539 0.08301 0.05859
0 0.97559 0.25879 0.04883 0.05859
0 0.95361 0.18213 0.09277 0.07129
0 0.94824 0.10596 0.10352 0.06348
0 0.97705 0.34717 0.0459 0.08301
0 0.69385 0.39893 0.05762 0.05957
0 0.96533 0.50537 0.06934 0.08301
0 0.75928 0.62354 0.1377 0.0791
0 0.79053 0.67578 0.05371 0.0918
0 0.88281 0.74365 0.06836 0.10645
0 0.93848 0.73047 0.06836 0.07031
0 0.60791 0.8042 0.06543 0.05371
0 0.93457 0.81104 0.05273 0.0498
0 0.35938 0.0498 0.06445 0.05664
0 0.62354 0.02393 0.09473 0.04785
0 0.90527 0.396 0.08594 0.08301
0 0.80273 0.98389 0.07227 0.03223
0 0.41748 0.11523 0.09473 0.07617
0 0.07861 0.56396 0.08691 0.06738
0 0.69824 0.73096 0.06836 0.05371
0 0.81934 0.0249 0.08008 0.0498
0 0.95752 0.0166 0.08496 0.0332
0 0.75781 0.01514 0.09961 0.03027
0 0.13818 0.33936 0.07715 0.05762
0 0.88184 0.81787 0.08008 0.0459
0 0.96973 0.40723 0.06055 0.05664
0 0.27197 0.69678 0.05762 0.06934
