0 0.16064 0.21387 0.15332 0.05859
0 0.20752 0.34766 0.08496 0.06641
0 0.33301 0.26953 0.09375 0.06055
0 0.41699 0.396 0.10547 0.17871
0 0.51953 0.3877 0.07812 0.12695
0 0.61865 0.33984 0.04395 0.07227
0 0.67822 0.41406 0.04785 0.08203
0 0.71338 0.35791 0.09277 0.08691
0 0.78857 0.27002 0.10449 0.08887
0 0.75342 0.19336 0.05176 0.0625
0 0.90625 0.21338 0.11914 0.06934
0 0.92188 0.3252 0.07617 0.07227
0 0.9082 0.41309 0.07422 0.0918
0 0.88379 0.48926 0.08984 0.07617
0 0.88867 0.62646 0.13281 0.09277
0 0.6543 0.5835 0.07812 0.08301
0 0.34668 0.61426 0.09375 0.08594
0 0.2793 0.56396 0.13086 0.09473
0 0.23389 0.48145 0.06543 0.05469
0 0.09668 0.55225 0.08008 0.07129
0 0.06885 0.60498 0.11426 0.0791
0 0.19287 0.72412 0.11621 0.06348
0 0.29639 0.76416 0.05957 0.0498
0 0.15527 0.84082 0.11523 0.08203
0 0.25146 0.87402 0.10449 0.10156
0 0.35645 0.83008 0.13281 0.07617
0 0.40771 0.90479 0.08105 0.06934
0 0.46533 0.87793 0.0752 0.06641
0 0.70312 0.69336 0.11914 0.07812
0 0.87744 0.74512 0.12402 0.08008
0 0.896 0.04443 0.09277 0.08887
0 0.71875 0.10645 0.08203 0.06445
0 0.65918 0.15625 0.07227 0.05469
0 0.77881 0.02832 0.08496 0.05469
0 0.71143 0.02637 0.07715 0.04102
0 0.1582 0.11328 0.12891 0.07227
0 0.33301 0.05762 0.07031 0.06641
0 0.42969 0.07227 0.0957 0.11719
0 0.16504 0.04492 0.14844 0.07812
0 0.30859 0.14648 0.13281 0.07031
0 0.02979 0.22217 0.05957 0.07324
0 0.66895 0.87305 0.0957 0.10938
0 0.82227 0.92139 0.1582 0.06543
0 0.57129 0.96143 0.06836 0.07715
0 0.49268 0.96094 0.05176 0.07812
0 0.30273 0.94482 0.08203 0.06934
0 0.19971 0.96338 0.0752 0.05176
