0 0.94482 0.13867 0.06738 0.08984
0 0.82764 0.18359 0.09277 0.07227
0 0.51221 0.20752 0.0752 0.06152
0 0.45215 0.53857 0.10547 0.05957
0 0.97656 0.33643 0.04688 0.06543
0 0.53271 0.0293 0.12793 0.05859
0 0.81885 0.53174 0.05176 0.07324
0 0.28223 0.02686 0.10352 0.0498
0 0.19922 0.17725 0.08008 0.11621
0 0.69873 0.66748 0.03809 0.06348
0 0.81885 0.61572 0.11426 0.05371
0 0.24121 0.04492 0.06836 0.05273
0 0.92822 0.47705 0.13184 0.04395
0 0.94629 0.61426 0.04297 0.06445
0 0.23291 0.15723 0.13379 0.09766
0 0.125 0.5166 0.07422 0.05469
0 0.9541 0.69238 0.07812 0.04883
0 0.96973 0.37598 0.06055 0.08398
0 0.69922 0.08154 0.10547 0.06738
0 0.35791 0.64746 0.15332 0.0625
0 0.68262 0.59619 0.05859 0.0498
0 0.771 0.36328 0.05176 0.06445
0 0.87012 0.89209 0.0957 0.0459
0 0.85693 0.70752 0.09668 0.02637
0 0.5835 0.48877 0.0752 0.04199
0 0.38135 0.2583 0.15332 0.0752
0 0.24365 0.49854 0.11816 0.04199
0 0.75342 0.41113 0.19043 0.05273
0 0.19043 0.23438 0.10156 0.03711
0 0.04395 0.979 0.08789 0.04199
0 0.25684 0.34668 0.14453 0.04492
0 0.61914 0.72949 0.11523 0.07227
0 0.43701 0.58691 0.12012 0.04297
0 0.96338 0.61279 0.04004 0.05566
0 0.88086 0.8252 0.05859 0.0332
0 0.02686 0.59717 0.05371 0.02246
0 0.16455 0.84863 0.0791 0.03906
0 0.63379 0.27051 0.06055 0.04102
0 0.30859 0.82568 0.125 0.04199
0 0.63232 0.54004 0.07129 0.0625
0 0.14502 0.40771 0.14746 0.05176
0 0.77881 0.87891 0.09277 0.05859
0 0.55127 0.62744 0.12207 0.0498
0 0.06104 0.80762 0.12207 0.04492
0 0.24756 0.37842 0.06934 0.02441
0 0.43555 0.39795 0.05273 0.02441
0 0.13135 0.48389 0.09863 0.03027
0 0.06982 0.30176 0.06934 0.0293
0 0.05713 0.73145 0.11426 0.04688
0 0.50195 0.43311 0.07227 0.03223
0 0.35596 0.36963 0.09082 0.0498
0 0.91699 0.4248 0.04492 0.0293
0 0.90723 0.35059 0.08789 0.06055
0 0.03906 0.05713 0.07812 0.03809
0 0.93652 0.97607 0.10156 0.04004
0 0.14014 0.05859 0.10645 0.03711
0 0.39648 0.73682 0.20508 0.05176
0 0.22168 0.94287 0.13281 0.04785
0 0.82861 0.68604 0.11621 0.03809
0 0.33008 0.06396 0.03516 0.03613
