0 0.87207 0.03955 0.06836 0.0791
0 0.61572 0.61182 0.06152 0.08301
0 0.51318 0.10059 0.05762 0.08789
0 0.03955 0.40332 0.0752 0.07227
0 0.13574 0.18262 0.07422 0.09766
0 0.9751 0.66943 0.0498 0.08105
0 0.43896 0.55518 0.09473 0.04785
0 0.94629 0.32666 0.05273 0.08691
0 0.41846 0.2002 0.07324 0.11133
0 0.74072 0.21729 0.0752 0.06934
0 0.77051 0.16309 0.07227 0.06836
0 0.28223 0.38867 0.09375 0.07227
0 0.76123 0.58154 0.06543 0.0498
0 0.03223 0.92383 0.06445 0.08008
0 0.6167 0.0957 0.06152 0.06641
0 0.16699 0.33936 0.07812 0.07715
0 0.50049 0.70654 0.07324 0.06934
0 0.56006 0.21631 0.06738 0.08887
0 0.73242 0.10254 0.04688 0.07031
0 0.09863 0.07129 0.06836 0.04492
0 0.8501 0.64746 0.07129 0.06641
0 0.78613 0.83105 0.07422 0.08984
0 0.2168 0.76904 0.06641 0.08496
0 0.14893 0.95752 0.09863 0.07129
0 0.36377 0.96924 0.05566 0.05762
0 0.60986 0.88379 0.09082 0.05469
0 0.24463 0.83398 0.08301 0.05078
0 0.4292 0.62598 0.11035 0.03711
0 0.75879 0.68408 0.05664 0.06738
0 0.22705 0.70166 0.06543 0.06543
0 0.98291 0.3418 0.03418 0.04688
0 0.11963 0.73877 0.06152 0.10059
0 0.21338 0.91553 0.08691 0.04785
0 0.07959 0.34814 0.08496 0.04199
0 0.62939 0.42236 0.07324 0.05371
0 0.6543 0.85547 0.08203 0.04492
0 0.47412 0.59814 0.11816 0.03809
0 0.50586 0.94482 0.06641 0.04785
0 0.21777 0.15576 0.11328 0.12402
0 0.69336 0.35596 0.06055 0.1084
0 0.04932 0.89697 0.06543 0.05371
0 0.87451 0.36816 0.09082 0.06836
0 0.31592 0.72363 0.07324 0.08203
0 0.14648 0.56201 0.08789 0.06152
0 0.89453 0.74902 0.05859 0.05078
0 0.8501 0.9541 0.0752 0.05859
0 0.18555 0.26758 0.0918 0.08789
0 0.62402 0.81445 0.08984 0.0625
0 0.39697 0.35742 0.05566 0.05664
0 0.55322 0.68213 0.07324 0.05371
0 0.24951 0.5918 0.09668 0.05664
0 0.55615 0.06299 0.06543 0.04199
0 0.66797 0.98535 0.07422 0.0293
0 0.28125 0.80859 0.05469 0.04492
0 0.21582 0.55469 0.04102 0.11914
0 0.09424 0.21973 0.07129 0.07422
0 0.0791 0.30273 0.0918 0.05273
0 0.39844 0.67969 0.05469 0.05859
0 0.2373 0.98535 0.07227 0.02344
0 0.11963 0.64502 0.07129 0.04785
0 0.92871 0.54248 0.04883 0.15332
0 0.55566 0.01953 0.05273 0.03906
0 0.96924 0.5376 0.04395 0.05957
0 0.81787 0.08105 0.05566 0.04297
0 0.66846 0.28467 0.08691 0.08496
0 0.60742 0.93701 0.05859 0.04785
0 0.40625 0.82471 0.07227 0.03809
0 0.6001 0.16748 0.12402 0.09082
0 0.17188 0.50342 0.05469 0.04785
0 0.45361 0.29834 0.05176 0.0459
0 0.1123 0.48096 0.0625 0.03613
0 0.76318 0.02051 0.04004 0.04102
0 0.8501 0.43994 0.03613 0.05176
0 0.91455 0.6709 0.03613 0.03516
0 0.54639 0.87744 0.06934 0.03809
0 0.56982 0.5957 0.06543 0.05469
0 0.08643 0.85986 0.09863 0.02832
0 0.73877 0.72607 0.06934 0.05762
0 0.11426 0.01025 0.03711 0.02051
0 0.521 0.83496 0.05566 0.05664
0 0.02637 0.25391 0.05078 0.05859
0 0.18213 0.29541 0.10059 0.0791
0 0.56836 0.021 0.04883 0.04004
0 0.92871 0.55176 0.05859 0.05078
0 0.68945 0.20166 0.05469 0.06934
0 0.12207 0.75879 0.09766 0.05078
