0 0.68115 0.03613 0.08301 0.07227
0 0.52832 0.04443 0.08789 0.0752
0 0.44678 0.06689 0.08301 0.07324
0 0.07275 0.12744 0.13379 0.08691
0 0.17236 0.22119 0.07715 0.07129
0 0.25244 0.18213 0.07129 0.07715
0 0.17285 0.28516 0.08398 0.05664
0 0.21875 0.40137 0.08008 0.10742
0 0.30811 0.33545 0.0752 0.08301
0 0.08643 0.4541 0.07715 0.08594
0 0.6001 0.31201 0.08301 0.08301
0 0.68701 0.18018 0.06348 0.06152
0 0.75635 0.12158 0.06738 0.06348
0 0.76318 0.20068 0.07324 0.06738
0 0.99219 0.04492 0.01562 0.08984
0 0.97119 0.38672 0.05762 0.08984
0 0.89795 0.28467 0.06152 0.0752
0 0.79102 0.36084 0.07812 0.07715
0 0.44775 0.51758 0.08105 0.07812
0 0.25244 0.62988 0.13574 0.08789
0 0.27832 0.69775 0.11914 0.10059
0 0.0918 0.58057 0.12695 0.07324
0 0.07959 0.87695 0.12793 0.08594
0 0.01904 0.77051 0.03809 0.07617
0 0.17627 0.94678 0.11621 0.0752
0 0.31689 0.97119 0.08887 0.05762
0 0.61377 0.96533 0.0791 0.06934
0 0.79932 0.76318 0.06934 0.1084
0 0.78662 0.67725 0.08301 0.05176
0 0.84619 0.56201 0.0791 0.06738
0 0.92725 0.74658 0.05957 0.0791
0 0.91846 0.63916 0.06152 0.0752
0 0.90088 0.90869 0.0752 0.07715
0 0.71582 0.97998 0.07227 0.04004
0 0.51465 0.97217 0.09961 0.05566
