0 0.09473 0.18506 0.12305 0.12988
0 0.05029 0.24121 0.05957 0.08789
0 0.06543 0.43164 0.10352 0.0918
0 0.17871 0.36475 0.19727 0.08105
0 0.30713 0.26758 0.07324 0.0957
0 0.20508 0.1709 0.10938 0.06445
0 0.2876 0.08838 0.13965 0.0752
0 0.44922 0.09814 0.08789 0.0498
0 0.1709 0.0542 0.07422 0.06543
0 0.08545 0.0293 0.06348 0.05859
0 0.56494 0.09912 0.08105 0.06934
0 0.53271 0.16504 0.12598 0.06836
0 0.66211 0.16553 0.06055 0.06348
0 0.70703 0.10596 0.07422 0.16113
0 0.84424 0.1709 0.06738 0.04883
0 0.60156 0.24072 0.11523 0.05957
0 0.67969 0.30908 0.10742 0.07129
0 0.63965 0.40283 0.14062 0.10449
0 0.49707 0.49707 0.08984 0.07031
0 0.38184 0.47314 0.08008 0.12793
0 0.94287 0.08691 0.11426 0.05664
0 0.8623 0.24756 0.05664 0.06348
0 0.83252 0.56543 0.12402 0.08594
0 0.70215 0.54004 0.11523 0.05273
0 0.72559 0.65723 0.07422 0.10938
0 0.77979 0.65039 0.05957 0.12109
0 0.89844 0.6958 0.05469 0.09082
0 0.9502 0.75244 0.09961 0.09863
0 0.64648 0.70557 0.10156 0.06934
0 0.53027 0.79443 0.07031 0.13965
0 0.68164 0.81445 0.11133 0.12109
0 0.81201 0.82227 0.1416 0.11914
0 0.73389 0.92236 0.08691 0.10645
0 0.44043 0.75928 0.06641 0.11816
0 0.37207 0.66797 0.08789 0.06445
0 0.29053 0.68945 0.06543 0.06445
0 0.3252 0.85596 0.05859 0.12402
0 0.41846 0.88086 0.08691 0.12891
0 0.38086 0.96826 0.08594 0.06348
0 0.26855 0.89014 0.12695 0.15918
0 0.19873 0.65527 0.05566 0.08398
0 0.19727 0.55469 0.07422 0.05859
0 0.0332 0.58057 0.06641 0.12402
0 0.02295 0.7334 0.0459 0.06445
0 0.0708 0.94482 0.09863 0.11035
0 0.84082 0.46338 0.0625 0.05957
