0 0.34082 0.22266 0.14453 0.0957
0 0.22266 0.23828 0.12305 0.0957
0 0.65527 0.05127 0.08008 0.07715
0 0.75146 0.05811 0.07324 0.09082
0 0.90039 0.1333 0.06055 0.09082
0 0.97559 0.09473 0.04883 0.08984
0 0.76514 0.50342 0.06152 0.07324
0 0.67432 0.52783 0.06543 0.07129
0 0.55078 0.53027 0.125 0.10352
0 0.64941 0.62646 0.16211 0.07715
0 0.79736 0.58691 0.07715 0.08984
0 0.41309 0.61377 0.07617 0.0752
0 0.32275 0.64941 0.06934 0.06836
0 0.16211 0.64014 0.09766 0.07715
0 0.04883 0.70654 0.09766 0.07129
0 0.09961 0.80566 0.11914 0.11133
0 0.55078 0.77637 0.09766 0.06836
0 0.37939 0.74756 0.08691 0.05762
0 0.7207 0.78174 0.09961 0.07715
0 0.86084 0.73877 0.10449 0.0791
0 0.58594 0.8833 0.0957 0.06738
0 0.49854 0.93311 0.07129 0.10254
0 0.2417 0.97363 0.09277 0.05273
0 0.6582 0.97461 0.08984 0.05078
0 0.91797 0.96143 0.14062 0.07715
0 0.97559 0.8291 0.04883 0.08594
0 0.18799 0.729 0.0498 0.05566
0 0.13721 0.33203 0.0752 0.11914
0 0.05176 0.32861 0.10352 0.11035
0 0.021 0.82617 0.04199 0.10547
0 0.58203 0.11768 0.09961 0.15137
