0 0.47021 0.5625 0.08496 0.09375
0 0.62988 0.46777 0.12695 0.18945
0 0.67773 0.51514 0.06641 0.08887
0 0.71094 0.4707 0.05664 0.08594
0 0.81152 0.47021 0.10352 0.15723
0 0.78809 0.33203 0.06836 0.10742
0 0.94531 0.53955 0.09375 0.09082
0 0.96582 0.46045 0.06836 0.10254
0 0.72021 0.11963 0.10449 0.2002
0 0.33008 0.43311 0.06641 0.11035
0 0.50684 0.25195 0.05859 0.23047
0 0.52832 0.25732 0.15625 0.15332
0 0.34521 0.17773 0.10645 0.16602
0 0.4126 0.25977 0.12207 0.18945
0 0.33789 0.13232 0.18359 0.21582
0 0.20215 0.31543 0.15039 0.16797
0 0.28711 0.35205 0.0625 0.18066
0 0.23779 0.22021 0.08496 0.23145
0 0.1748 0.125 0.11328 0.20117
0 0.02881 0.26611 0.05762 0.38574
0 0.06445 0.39307 0.07812 0.24902
0 0.03418 0.03271 0.06836 0.06543
0 0.92236 0.90869 0.0791 0.1084
0 0.79688 0.02832 0.12109 0.05664
0 0.13086 0.05273 0.09961 0.10547
0 0.96875 0.8916 0.06055 0.2168
0 0.93359 0.01855 0.13281 0.03711
0 0.36279 0.23779 0.09277 0.10645
0 0.92383 0.9834 0.07422 0.0332
0 0.01758 0.96045 0.03516 0.0791
0 0.021 0.73389 0.04199 0.08301
0 0.02197 0.46045 0.04395 0.10645
0 0.26953 0.15967 0.0625 0.0791
0 0.16797 0.03076 0.05078 0.06152
