0 0.09033 0.21045 0.10254 0.10254
0 0.1582 0.3208 0.09766 0.09277
0 0.82959 0.24463 0.09473 0.0752
0 0.09668 0.43555 0.11523 0.09766
0 0.88721 0.64697 0.12012 0.09082
0 0.13721 0.53955 0.10449 0.09082
0 0.28955 0.43213 0.09082 0.08496
0 0.94189 0.43799 0.09473 0.07715
0 0.27588 0.21533 0.1123 0.10254
0 0.85059 0.93066 0.10742 0.0918
0 0.95459 0.25195 0.08496 0.11523
0 0.73486 0.37598 0.12012 0.14258
0 0.67725 0.48584 0.08496 0.10254
0 0.05029 0.90625 0.10059 0.09766
0 0.82617 0.06494 0.09766 0.08496
0 0.21094 0.62451 0.13281 0.10449
0 0.94971 0.58545 0.09473 0.10254
0 0.53076 0.48682 0.1416 0.12988
0 0.0708 0.03369 0.1084 0.06738
0 0.78955 0.11084 0.05957 0.05176
0 0.09229 0.74463 0.08496 0.10449
0 0.86377 0.46191 0.12012 0.0957
0 0.9834 0.87207 0.0332 0.08008
0 0.09326 0.92529 0.09082 0.08496
0 0.07812 0.98438 0.06445 0.03125
