0 0.03955 0.03564 0.0791 0.07129
0 0.17188 0.31494 0.10938 0.10449
0 0.41064 0.49023 0.1084 0.125
0 0.73975 0.42188 0.1084 0.11914
0 0.36865 0.66602 0.08691 0.07227
0 0.1167 0.73828 0.09473 0.1582
0 0.125 0.8833 0.06445 0.12598
0 0.55762 0.80957 0.10156 0.10547
0 0.75146 0.5459 0.11426 0.11719
0 0.17236 0.07861 0.06934 0.07129
0 0.00879 0.96875 0.01758 0.0625
0 0.2002 0.85645 0.08203 0.13867
0 0.1665 0.97412 0.05176 0.03809
0 0.38184 0.86816 0.07227 0.05078
0 0.40088 0.90674 0.06348 0.04199
0 0.53662 0.71729 0.04004 0.04395
0 0.72949 0.94775 0.10352 0.10059
0 0.80566 0.59131 0.13867 0.2002
0 0.22412 0.54053 0.10645 0.06152
0 0.33789 0.39941 0.10352 0.07617
0 0.25635 0.32617 0.0752 0.06641
0 0.58447 0.22168 0.07324 0.08789
0 0.68359 0.15869 0.08594 0.09082
0 0.45166 0.12598 0.07324 0.12695
0 0.89551 0.97705 0.05664 0.0459
