0 0.46826 0.05957 0.15332 0.08008
0 0.03516 0.52002 0.07031 0.10059
0 0.19727 0.78809 0.125 0.08203
0 0.93652 0.40771 0.09961 0.09082
0 0.86816 0.44189 0.08789 0.0752
0 0.84082 0.15479 0.09766 0.0752
0 0.01855 0.19043 0.03711 0.07227
0 0.75684 0.39062 0.06445 0.07227
0 0.92969 0.26562 0.10547 0.08203
0 0.91309 0.79932 0.11719 0.0752
0 0.20215 0.35205 0.09961 0.06934
0 0.1084 0.91748 0.11523 0.09473
0 0.24805 0.91992 0.11719 0.08984
0 0.1333 0.01953 0.07324 0.03906
0 0.16553 0.2793 0.07715 0.07617
0 0.9585 0.85205 0.08301 0.0752
0 0.96387 0.63916 0.07031 0.08496
0 0.23926 0.29102 0.08008 0.0625
0 0.94434 0.31787 0.08984 0.05762
0 0.10938 0.96729 0.10547 0.06543
0 0.97607 0.20508 0.04785 0.06836
