0 0.08984 0.92285 0.14648 0.08789
0 0.10156 0.81885 0.07617 0.12402
0 0.2793 0.729 0.09766 0.07129
0 0.08105 0.604 0.10547 0.15527
0 0.03613 0.47363 0.07227 0.08594
0 0.03564 0.34766 0.06348 0.0957
0 0.229 0.44287 0.07129 0.08301
0 0.33838 0.44482 0.2002 0.11816
0 0.39551 0.33105 0.12305 0.11719
0 0.31494 0.26807 0.0498 0.06738
0 0.38428 0.22119 0.05371 0.05762
0 0.42773 0.24268 0.09375 0.0752
0 0.56104 0.22656 0.09668 0.09961
0 0.6665 0.30078 0.16113 0.11719
0 0.51562 0.36279 0.14062 0.08887
0 0.64062 0.47412 0.16797 0.07715
0 0.66211 0.52295 0.13672 0.08105
0 0.82275 0.41211 0.1084 0.09375
0 0.75732 0.33887 0.08887 0.08594
0 0.85059 0.30566 0.07422 0.10352
0 0.89648 0.22656 0.07422 0.0918
0 0.97168 0.32764 0.05664 0.11035
0 0.93018 0.64355 0.07324 0.14258
0 0.77148 0.65332 0.07812 0.12695
0 0.79932 0.77344 0.06934 0.06055
0 0.53418 0.76807 0.10352 0.05957
0 0.50732 0.80225 0.15723 0.08691
0 0.36914 0.80811 0.10352 0.0752
0 0.78369 0.89795 0.05957 0.16504
0 0.6084 0.94189 0.11719 0.11621
0 0.88867 0.88525 0.13672 0.0791
0 0.93164 0.9541 0.12305 0.08594
0 0.63232 0.08643 0.1123 0.06152
0 0.4292 0.03955 0.0752 0.05762
0 0.31494 0.02002 0.06934 0.04004
0 0.16504 0.00537 0.04688 0.01074
0 0.60596 0.02393 0.06348 0.04785
0 0.19287 0.95557 0.0752 0.08887
0 0.26709 0.94043 0.1084 0.07422
0 0.15967 0.76123 0.04199 0.08105
0 0.87988 0.38965 0.10938 0.05078
