0 0.69434 0.68604 0.18555 0.07715
0 0.23633 0.30615 0.10742 0.14941
0 0.01953 0.74316 0.03906 0.07227
0 0.5083 0.52686 0.10059 0.05957
0 0.4917 0.96484 0.09473 0.07031
0 0.86572 0.9458 0.10254 0.1084
0 0.30225 0.52832 0.12988 0.11719
0 0.0249 0.41797 0.0498 0.0625
0 0.74219 0.60205 0.09961 0.09473
0 0.06738 0.86572 0.13477 0.1377
0 0.0625 0.97119 0.125 0.05762
0 0.15527 0.83301 0.0957 0.11523
0 0.48975 0.0498 0.12988 0.07031
0 0.78467 0.79688 0.10059 0.06445
0 0.91846 0.74707 0.10449 0.0625
0 0.63086 0.13965 0.21289 0.18555
0 0.41699 0.6582 0.0957 0.07227
0 0.85449 0.58789 0.08984 0.14258
0 0.71191 0.87939 0.14453 0.19043
0 0.39062 0.41553 0.16211 0.12207
0 0.79834 0.45459 0.09277 0.16504
0 0.03027 0.49805 0.06055 0.10742
0 0.58203 0.32227 0.10938 0.20508
0 0.44189 0.61084 0.09473 0.07324
0 0.19629 0.0835 0.16797 0.1377
0 0.1123 0.21436 0.13477 0.08496
0 0.09814 0.30957 0.12793 0.13086
0 0.19434 0.53125 0.05273 0.05273
0 0.04346 0.33252 0.08691 0.11035
0 0.66553 0.93457 0.07715 0.10938
0 0.73096 0.29834 0.1123 0.07715
0 0.91797 0.13184 0.11719 0.15039
0 0.63574 0.40918 0.20312 0.08984
0 0.8457 0.35498 0.22266 0.08496
0 0.67285 0.26074 0.0625 0.07812
0 0.7915 0.02246 0.1377 0.04492
0 0.31885 0.47803 0.04395 0.06934
0 0.9292 0.94775 0.04004 0.05762
0 0.73486 0.35352 0.09473 0.08203
0 0.89697 0.20068 0.06934 0.09277
0 0.0918 0.20215 0.08008 0.06055
0 0.13135 0.04492 0.16504 0.08984
0 0.21143 0.0498 0.04785 0.08984
0 0.07959 0.86328 0.10449 0.11328
0 0.62451 0.62061 0.05957 0.08691
0 0.96973 0.57861 0.06055 0.10254
0 0.80566 0.54443 0.0625 0.06934
0 0.97754 0.0542 0.04297 0.1084
0 0.8584 0.44824 0.07812 0.13281
