0 0.26465 0.08789 0.08008 0.08789
0 0.46875 0.77393 0.10938 0.05371
0 0.70605 0.36035 0.07422 0.10547
0 0.21626 0.27788 0.11611 0.06357
0 0.97119 0.31592 0.05762 0.07324
0 0.40869 0.58057 0.08887 0.05176
0 0.77441 0.09131 0.06641 0.0752
0 0.63721 0.20508 0.08105 0.05469
0 0.1333 0.52881 0.09863 0.06152
0 0.77637 0.21826 0.0918 0.05371
0 0.05322 0.77393 0.08691 0.05566
0 0.10889 0.82861 0.10645 0.05371
0 0.58105 0.45654 0.1582 0.08691
0 0.521 0.12695 0.10059 0.08398
0 0.29688 0.84326 0.10938 0.04785
0 0.86035 0.20215 0.09961 0.08008
0 0.92627 0.58643 0.04785 0.06152
0 0.0542 0.30566 0.09277 0.0625
0 0.13574 0.13379 0.14258 0.08789
0 0.73779 0.27637 0.10254 0.07422
0 0.3208 0.88525 0.12793 0.09082
0 0.96582 0.20996 0.06836 0.05469
0 0.38135 0.69434 0.13184 0.06445
0 0.93311 0.7583 0.1084 0.06934
0 0.07715 0.04883 0.11719 0.05664
0 0.37549 0.75928 0.07129 0.05566
0 0.04688 0.67334 0.0918 0.03613
0 0.06592 0.35205 0.12402 0.05957
0 0.48633 0.85254 0.09961 0.05273
0 0.44434 0.24023 0.08594 0.04688
0 0.8999 0.14355 0.08691 0.05859
0 0.1748 0.77637 0.0957 0.07031
0 0.03955 0.13818 0.0791 0.06152
0 0.47314 0.19385 0.09082 0.05176
0 0.24121 0.55615 0.13086 0.05957
0 0.20264 0.91992 0.15137 0.05664
0 0.56304 0.74492 0.0999 0.04043
0 0.72705 0.12158 0.06934 0.06543
0 0.64355 0.80029 0.10938 0.03809
0 0.64893 0.75879 0.09473 0.04492
0 0.35693 0.7832 0.07129 0.04688
0 0.06836 0.44873 0.08203 0.07715
0 0.58691 0.44629 0.10742 0.05078
0 0.47217 0.63281 0.07129 0.03125
0 0.32666 0.82178 0.08691 0.04004
0 0.76611 0.59521 0.13965 0.08691
0 0.22852 0.03516 0.08398 0.05469
0 0.77441 0.56641 0.11133 0.11328
0 0.18213 0.95605 0.09863 0.01953
0 0.33887 0.58643 0.08398 0.02637
0 0.29199 0.47021 0.15039 0.05371
0 0.84717 0.94189 0.13184 0.0498
0 0.12158 0.19727 0.12207 0.05469
0 0.03857 0.8418 0.07715 0.04492
0 0.51855 0.08691 0.0625 0.04883
0 0.64795 0.8335 0.11816 0.04199
0 0.44971 0.1333 0.08691 0.08105
0 0.59912 0.86084 0.1709 0.07129
0 0.49854 0.98193 0.09668 0.03613
0 0.86328 0.88623 0.09961 0.05176
0 0.43213 0.17627 0.09473 0.06934
0 0.68555 0.91016 0.08398 0.04883
0 0.02441 0.57373 0.04883 0.05371
0 0.06299 0.55176 0.07324 0.03711
0 0.21875 0.71436 0.05664 0.0459
