0 0.17236 0.96729 0.0791 0.06543
0 0.24512 0.83252 0.07422 0.07324
0 0.33447 0.91748 0.07324 0.0752
0 0.27393 0.979 0.09082 0.04199
0 0.39209 0.95605 0.1377 0.07617
0 0.98486 0.625 0.03027 0.07617
0 0.68799 0.9585 0.12207 0.08301
0 0.60205 0.97119 0.06152 0.05762
0 0.13818 0.27734 0.08691 0.14844
0 0.08154 0.41553 0.06543 0.11621
0 0.02686 0.43262 0.05371 0.06641
0 0.25146 0.39258 0.13184 0.13086
0 0.16016 0.50049 0.10352 0.12793
0 0.15723 0.60791 0.09375 0.0791
0 0.2417 0.58447 0.08105 0.0752
0 0.31299 0.58936 0.07715 0.07715
0 0.2666 0.52441 0.07617 0.06055
0 0.16748 0.70361 0.07715 0.1084
0 0.41064 0.6123 0.0752 0.06445
0 0.57422 0.52051 0.06836 0.11328
0 0.52295 0.47559 0.08105 0.06445
0 0.53418 0.41162 0.06055 0.0752
0 0.47559 0.29639 0.08594 0.08887
0 0.57617 0.29199 0.08398 0.0918
0 0.58691 0.43555 0.07227 0.0625
0 0.74121 0.41309 0.17188 0.08203
0 0.65918 0.60986 0.10352 0.0752
0 0.71631 0.60498 0.06543 0.10254
0 0.77539 0.54248 0.07422 0.0752
0 0.88623 0.56445 0.09082 0.11914
0 0.82764 0.44629 0.07324 0.11523
0 0.93164 0.31299 0.13672 0.1748
0 0.83105 0.92627 0.11328 0.08105
0 0.93164 0.98389 0.08984 0.03223
0 0.32861 0.28857 0.05957 0.0752
0 0.51074 0.55957 0.0625 0.08008
0 0.80908 0.62061 0.06934 0.07715
0 0.60742 0.35742 0.10156 0.08789
0 0.96826 0.49072 0.06348 0.09863
0 0.78955 0.46631 0.04199 0.02637
