0 0.23096 0.08398 0.09863 0.13477
0 0.32373 0.10449 0.08691 0.08203
0 0.44141 0.0459 0.13867 0.0918
0 0.51172 0.02588 0.10938 0.05176
0 0.62402 0.10498 0.10156 0.14941
0 0.73926 0.02393 0.12891 0.04785
0 0.79883 0.14209 0.11328 0.06934
0 0.90088 0.13525 0.0752 0.11426
0 0.87744 0.2417 0.09082 0.07715
0 0.64941 0.32715 0.13086 0.17969
0 0.57422 0.31641 0.125 0.1543
0 0.32471 0.37891 0.28613 0.15039
0 0.35352 0.44873 0.12695 0.08301
0 0.2627 0.5166 0.12695 0.08398
0 0.07666 0.5249 0.06934 0.07715
0 0.14209 0.28271 0.05762 0.07129
0 0.29541 0.23877 0.17676 0.07129
0 0.06592 0.2334 0.06348 0.03711
0 0.38086 0.62012 0.16602 0.24609
0 0.14844 0.65625 0.12109 0.06836
0 0.19971 0.77246 0.08496 0.07227
0 0.05811 0.82959 0.10645 0.0791
0 0.03516 0.90039 0.07031 0.09375
0 0.55176 0.58643 0.13867 0.2041
0 0.9043 0.39795 0.19141 0.1416
0 0.80322 0.57031 0.17871 0.17383
0 0.89111 0.59033 0.19434 0.15918
0 0.84326 0.76367 0.08301 0.16016
0 0.89746 0.67725 0.05078 0.06348
0 0.93408 0.86621 0.07324 0.14844
0 0.75586 0.95166 0.12109 0.09668
0 0.54639 0.91211 0.10645 0.125
0 0.07861 0.12744 0.14941 0.05957
0 0.37549 0.13135 0.09473 0.14746
0 0.40771 0.62744 0.10645 0.29785
0 0.13086 0.71143 0.0918 0.06348
0 0.07178 0.60205 0.10645 0.10059
0 0.34326 0.96484 0.08691 0.07031
0 0.49512 0.89014 0.08008 0.1416
0 0.78076 0.9502 0.08887 0.09961
0 0.98389 0.54443 0.03223 0.13965
0 0.55566 0.55469 0.14062 0.15625
0 0.89209 0.40088 0.10449 0.10449
