0 0.33447 0.86523 0.08301 0.06836
0 0.89209 0.14014 0.08105 0.07324
0 0.71484 0.17822 0.08594 0.06348
0 0.04736 0.18555 0.09082 0.04883
0 0.61768 0.14307 0.08691 0.05762
0 0.04883 0.53809 0.0957 0.05273
0 0.77588 0.55322 0.10254 0.05176
0 0.37744 0.60303 0.1084 0.03809
0 0.33643 0.18018 0.10059 0.06348
0 0.17529 0.17285 0.10059 0.06445
0 0.43066 0.23291 0.09961 0.04004
0 0.24609 0.12012 0.08008 0.05469
0 0.75195 0.05273 0.09766 0.09375
0 0.64746 0.27637 0.09375 0.06836
0 0.48535 0.89941 0.08984 0.05273
0 0.53516 0.18213 0.10547 0.0752
0 0.33984 0.03662 0.10156 0.04004
0 0.19238 0.44482 0.11914 0.04199
0 0.17334 0.58838 0.12402 0.05762
0 0.08545 0.79297 0.09668 0.05859
0 0.85645 0.26416 0.07031 0.06543
0 0.88672 0.58301 0.11133 0.07031
0 0.604 0.19287 0.09473 0.06738
0 0.46875 0.04053 0.08008 0.04004
0 0.61475 0.67383 0.11035 0.0332
0 0.5918 0.0376 0.08789 0.04199
0 0.94092 0.54395 0.0752 0.04688
0 0.1792 0.76025 0.12988 0.04199
0 0.79053 0.30908 0.09863 0.04395
0 0.86719 0.19434 0.05469 0.06641
0 0.41504 0.56641 0.09961 0.04297
0 0.37256 0.49365 0.10645 0.06543
0 0.69287 0.86328 0.09277 0.04102
0 0.70166 0.9458 0.06543 0.03613
0 0.40186 0.44482 0.0791 0.0498
0 0.09375 0.98242 0.09766 0.03516
0 0.67432 0.61963 0.12012 0.05371
0 0.52979 0.01758 0.07715 0.03516
0 0.97852 0.71143 0.03711 0.03027
0 0.37793 0.69238 0.09766 0.04688
0 0.52441 0.5376 0.10156 0.06152
0 0.95703 0.79443 0.08594 0.04395
0 0.25684 0.70361 0.09375 0.02637
0 0.25342 0.23535 0.07324 0.05078
0 0.19287 0.23877 0.06348 0.0459
0 0.34375 0.79932 0.0957 0.03027
0 0.95068 0.20947 0.07324 0.03613
0 0.4458 0.50195 0.09277 0.04297
0 0.77344 0.05762 0.07031 0.08984
0 0.50732 0.8501 0.12402 0.04785
0 0.28564 0.29688 0.10059 0.03125
0 0.53662 0.56348 0.09082 0.05859
0 0.34619 0.0249 0.08887 0.04785
0 0.61914 0.93945 0.06836 0.04102
0 0.71338 0.45264 0.06738 0.06152
0 0.98486 0.94434 0.02832 0.02734
0 0.73682 0.48926 0.12793 0.05469
0 0.26221 0.63623 0.09668 0.04395
0 0.25 0.59424 0.09375 0.04004
0 0.81396 0.85107 0.11426 0.03418
0 0.26025 0.97363 0.14551 0.04297
0 0.88232 0.91699 0.10449 0.03516
0 0.05957 0.00977 0.05664 0.01953
0 0.89844 0.89258 0.08008 0.0293
0 0.46387 0.94482 0.11914 0.04004
0 0.96875 0.77051 0.0625 0.03711
0 0.3208 0.55127 0.07715 0.04004
0 0.06592 0.8335 0.10645 0.05176
0 0.56201 0.61328 0.0752 0.04883
0 0.56006 0.64648 0.10254 0.01758
0 0.35303 0.66016 0.1123 0.06055
0 0.13037 0.84326 0.10449 0.03613
0 0.23389 0.88184 0.1416 0.05859
0 0.05029 0.80664 0.09863 0.0332
0 0.01514 0.44971 0.03027 0.0498
0 0.10547 0.49854 0.11328 0.04004
0 0.2124 0.54883 0.14355 0.08984
0 0.07568 0.60107 0.15137 0.1084
0 0.16016 0.17871 0.09961 0.07031
0 0.6748 0.39209 0.06836 0.05762
