0 0.15479 0.95898 0.0791 0.08203
0 0.24365 0.87402 0.08301 0.08594
0 0.67285 0.38818 0.04688 0.0791
0 0.05518 0.89697 0.10645 0.07129
0 0.0542 0.65283 0.1084 0.07129
0 0.72021 0.25244 0.05957 0.10254
0 0.04297 0.35156 0.07617 0.06641
0 0.19043 0.03369 0.05859 0.06738
0 0.75684 0.10254 0.07617 0.07031
0 0.25195 0.81543 0.07617 0.07812
0 0.96191 0.49219 0.07617 0.05859
0 0.89941 0.5874 0.06445 0.08496
0 0.90723 0.18213 0.0625 0.13379
0 0.37598 0.40234 0.06836 0.08789
0 0.38379 0.71729 0.08789 0.07324
0 0.83789 0.24561 0.07227 0.11816
0 0.97168 0.57129 0.03516 0.0957
0 0.47852 0.68213 0.05469 0.09082
0 0.16992 0.06494 0.05469 0.0752
0 0.74902 0.35693 0.08008 0.12207
0 0.9624 0.09326 0.04785 0.07324
0 0.08496 0.12744 0.09375 0.09277
0 0.58008 0.11475 0.10156 0.09473
0 0.23926 0.72266 0.09375 0.07812
0 0.03564 0.57568 0.05176 0.08105
0 0.52734 0.47412 0.05078 0.14355
0 0.7334 0.41406 0.06055 0.10156
0 0.64746 0.30566 0.06445 0.07812
0 0.46387 0.54492 0.08008 0.06445
0 0.86963 0.17822 0.04199 0.07129
0 0.87549 0.6792 0.04199 0.09082
0 0.80225 0.87891 0.12207 0.16992
0 0.50098 0.59473 0.08594 0.0625
0 0.54102 0.02832 0.07422 0.05664
0 0.42285 0.34619 0.08398 0.05371
0 0.08105 0.26904 0.03711 0.0752
0 0.36621 0.85205 0.05664 0.0791
0 0.31787 0.29346 0.07324 0.10059
0 0.18701 0.29834 0.06738 0.06348
0 0.16357 0.71875 0.09863 0.08398
0 0.76123 0.32275 0.04004 0.08105
0 0.07227 0.71436 0.04883 0.06934
0 0.80664 0.67676 0.04688 0.06641
0 0.11475 0.04004 0.0459 0.08008
0 0.41016 0.28662 0.06445 0.1084
0 0.75732 0.98242 0.03809 0.03516
0 0.39062 0.63477 0.10547 0.08594
0 0.35303 0.35205 0.10645 0.06543
0 0.28955 0.35791 0.09668 0.08496
0 0.23584 0.24902 0.03613 0.07227
0 0.26172 0.29492 0.07812 0.05273
0 0.50879 0.6748 0.02344 0.07031
0 0.38281 0.59277 0.04688 0.07422
0 0.96826 0.3833 0.06348 0.06934
0 0.96484 0.97314 0.07031 0.02832
0 0.38525 0.67432 0.05176 0.08301
0 0.48828 0.97949 0.08984 0.04102
0 0.61816 0.62402 0.07812 0.09961
0 0.26611 0.96484 0.05566 0.04883
0 0.29688 0.19141 0.05078 0.05078
0 0.64697 0.61182 0.09668 0.03223
0 0.67627 0.1748 0.06543 0.05273
0 0.90771 0.63428 0.04004 0.06348
0 0.79395 0.01904 0.04492 0.03809
0 0.05713 0.54053 0.04785 0.06543
0 0.80225 0.89893 0.1377 0.05176
0 0.6875 0.35352 0.0293 0.07031
0 0.06348 0.94482 0.05664 0.04199
0 0.01855 0.57617 0.03711 0.06055
0 0.58936 0.95312 0.08496 0.04102
0 0.22949 0.95752 0.04883 0.06543
0 0.15234 0.41406 0.04688 0.05859
