0 0.47705 0.61328 0.10059 0.10742
0 0.10986 0.30469 0.11035 0.09961
0 0.50977 0.29443 0.08984 0.10449
0 0.15723 0.4292 0.10547 0.09473
0 0.39941 0.96094 0.10938 0.07812
0 0.46045 0.38428 0.09277 0.09473
0 0.03809 0.58545 0.07422 0.0752
0 0.48486 0.75195 0.0752 0.07422
0 0.30664 0.49609 0.08008 0.09766
0 0.58594 0.97998 0.12305 0.04004
0 0.85986 0.68359 0.1123 0.08789
0 0.60938 0.9209 0.18555 0.0918
0 0.15332 0.54102 0.15234 0.11719
0 0.12207 0.79199 0.0957 0.09961
0 0.25928 0.8335 0.12012 0.07715
0 0.90918 0.0957 0.13477 0.0918
0 0.79199 0.32471 0.10547 0.09473
0 0.35352 0.23047 0.07227 0.11719
0 0.21924 0.77344 0.11035 0.08789
0 0.75977 0.40479 0.08984 0.12012
0 0.27393 0.22998 0.07324 0.16113
0 0.42334 0.12598 0.07715 0.10742
0 0.92578 0.30957 0.08203 0.08008
0 0.94971 0.77979 0.09668 0.1123
0 0.93311 0.37695 0.12207 0.08984
0 0.94727 0.51709 0.10547 0.11426
0 0.27002 0.38721 0.05176 0.08691
0 0.48193 0.17822 0.08496 0.08301
0 0.63086 0.13672 0.08203 0.08984
0 0.37939 0.06104 0.09277 0.12012
0 0.62793 0.34863 0.72461 0.69727
0 0.24316 0.1499 0.05469 0.08496
