0 0.95752 0.05811 0.08105 0.07129
0 0.88379 0.44775 0.07031 0.10059
0 0.88477 0.22266 0.0918 0.03906
0 0.05273 0.81689 0.10547 0.08301
0 0.87695 0.06787 0.07812 0.09668
0 0.89502 0.16455 0.08691 0.0752
0 0.25879 0.7207 0.11719 0.09375
0 0.9541 0.51172 0.0918 0.1582
0 0.33691 0.73438 0.13086 0.0918
0 0.9834 0.02441 0.0332 0.04883
0 0.70703 0.91504 0.11133 0.06641
0 0.25049 0.5459 0.14746 0.07422
0 0.48682 0.66846 0.12012 0.09277
0 0.13281 0.46094 0.1875 0.06445
0 0.28857 0.05469 0.09668 0.06836
0 0.79248 0.02734 0.06543 0.05078
0 0.4209 0.11279 0.11133 0.09473
0 0.69629 0.38086 0.07227 0.07031
0 0.15527 0.63184 0.14648 0.08398
0 0.0625 0.93262 0.125 0.08203
0 0.0542 0.98828 0.10645 0.02344
0 0.17578 0.90527 0.16406 0.08594
0 0.8916 0.78857 0.05859 0.06738
0 0.91748 0.82861 0.14941 0.12402
0 0.96533 0.83545 0.06934 0.12207
0 0.93604 0.95898 0.0459 0.08203
0 0.88672 0.96094 0.12891 0.07812
0 0.18994 0.82617 0.11426 0.10156
0 0.06836 0.87793 0.13672 0.07031
