0 0.41748 0.52832 0.16504 0.05664
0 0.44336 0.36816 0.11328 0.09766
0 0.42676 0.05859 0.20508 0.07227
0 0.39844 0.87109 0.09766 0.10742
0 0.37939 0.67725 0.10449 0.06543
0 0.1709 0.28662 0.19727 0.08496
0 0.51465 0.19043 0.08008 0.05273
0 0.36084 0.21582 0.21777 0.17188
0 0.11963 0.83789 0.19434 0.0625
0 0.06982 0.04834 0.13965 0.08301
0 0.92969 0.7334 0.14062 0.0625
0 0.04492 0.90723 0.08984 0.10547
0 0.63818 0.88037 0.12207 0.05762
0 0.91211 0.18457 0.17578 0.06445
0 0.12842 0.57422 0.12207 0.05469
0 0.12451 0.7793 0.08496 0.05469
0 0.23242 0.81055 0.125 0.19727
0 0.21826 0.90186 0.12207 0.10059
0 0.4707 0.21582 0.04297 0.0625
0 0.73975 0.06982 0.08496 0.13965
0 0.07324 0.64111 0.12695 0.19238
0 0.76367 0.17578 0.0625 0.05664
0 0.13574 0.45557 0.14258 0.04785
0 0.67578 0.73193 0.26172 0.09473
0 0.04346 0.47363 0.07715 0.19727
0 0.16699 0.96143 0.11719 0.07715
0 0.87695 0.77832 0.2207 0.06836
0 0.47852 0.95459 0.19727 0.09082
0 0.63818 0.67188 0.08301 0.05469
0 0.89648 0.9585 0.08203 0.08301
0 0.95459 0.0542 0.09082 0.0752
0 0.68213 0.05957 0.08496 0.07422
0 0.81982 0.54492 0.12988 0.04492
0 0.81592 0.88574 0.1123 0.15234
0 0.77979 0.63574 0.20996 0.11719
0 0.80811 0.59326 0.24707 0.10254
0 0.76416 0.94873 0.1748 0.10254
0 0.47314 0.91211 0.04785 0.05469
0 0.38965 0.94824 0.07031 0.05273
0 0.60303 0.55078 0.06738 0.05273
0 0.56055 0.39795 0.0625 0.06738
0 0.72949 0.7832 0.08008 0.15234
0 0.09229 0.92188 0.12988 0.10547
0 0.04492 0.9834 0.08984 0.0332
0 0.37305 0.73584 0.08203 0.07715
0 0.63818 0.92383 0.14746 0.15234
0 0.94629 0.80127 0.10742 0.06152
0 0.96875 0.30811 0.0625 0.05762
0 0.17725 0.05469 0.22949 0.06055
