0 0.01367 0.91357 0.02734 0.06738
0 0.16162 0.96729 0.10645 0.06543
0 0.17432 0.87012 0.10254 0.07227
0 0.16357 0.79346 0.13379 0.07324
0 0.03223 0.73193 0.06445 0.05957
0 0.13184 0.01465 0.0625 0.0293
0 0.20361 0.00732 0.07129 0.01465
0 0.30859 0.02832 0.05664 0.05664
0 0.34424 0.17041 0.06934 0.11816
0 0.24463 0.12012 0.06934 0.07812
0 0.15283 0.12744 0.05957 0.05176
0 0.25977 0.24902 0.08594 0.0625
0 0.12402 0.23877 0.08008 0.05957
0 0.01807 0.26807 0.03613 0.05762
0 0.01221 0.12109 0.02441 0.0957
0 0.11084 0.0542 0.06152 0.08301
0 0.01562 0.02686 0.03125 0.05371
0 0.10059 0.43115 0.10938 0.0791
0 0.15771 0.33398 0.08105 0.06055
0 0.33398 0.38477 0.1875 0.14844
0 0.49316 0.46777 0.07227 0.07031
0 0.23975 0.51123 0.05566 0.06152
0 0.18994 0.57715 0.07129 0.05664
0 0.04004 0.56006 0.08008 0.06152
0 0.12793 0.67334 0.08594 0.07129
0 0.24365 0.69482 0.07324 0.0791
0 0.35742 0.8916 0.125 0.12891
0 0.37842 0.72607 0.11816 0.08301
0 0.26855 0.63721 0.08789 0.06934
0 0.30859 0.52441 0.06641 0.125
0 0.37451 0.53076 0.05762 0.12402
0 0.45361 0.57275 0.06543 0.12402
0 0.62451 0.59424 0.1709 0.08691
0 0.56592 0.70166 0.05762 0.10254
0 0.62451 0.69434 0.10254 0.07031
0 0.63135 0.80469 0.1084 0.10742
0 0.58936 0.87061 0.0459 0.06738
0 0.74609 0.96045 0.10742 0.05371
0 0.75146 0.86719 0.07324 0.06641
0 0.77783 0.81396 0.05371 0.06348
0 0.86377 0.79004 0.12598 0.10156
0 0.83203 0.85889 0.03906 0.06934
0 0.9458 0.97949 0.05371 0.04102
0 0.77246 0.58301 0.08203 0.0625
0 0.84082 0.53076 0.07227 0.05371
0 0.96924 0.7124 0.06152 0.08105
0 0.80322 0.6543 0.0752 0.0625
0 0.73779 0.66602 0.05371 0.07227
0 0.83252 0.69922 0.08105 0.0625
0 0.75195 0.44238 0.08203 0.11914
0 0.63525 0.41211 0.09668 0.08008
0 0.70557 0.32959 0.09277 0.06934
0 0.63037 0.20996 0.09277 0.05469
0 0.69092 0.16455 0.05762 0.07129
0 0.73486 0.24023 0.0752 0.08008
0 0.87207 0.18555 0.1875 0.09766
0 0.77051 0.1001 0.06641 0.07129
0 0.92383 0.06055 0.13672 0.12109
0 0.61133 0.02441 0.07227 0.04883
0 0.56396 0.07861 0.07324 0.06543
0 0.66357 0.05908 0.07324 0.06934
