0 0.15576 0.50098 0.09668 0.12695
0 0.15674 0.01953 0.11035 0.03906
0 0.32178 0.49854 0.11035 0.15723
0 0.03467 0.19824 0.06934 0.07227
0 0.5332 0.20557 0.08789 0.06738
0 0.89941 0.73828 0.18555 0.08203
0 0.16699 0.76123 0.07227 0.12793
0 0.64307 0.43799 0.10254 0.09473
0 0.70947 0.49805 0.06934 0.07227
0 0.66846 0.02734 0.07715 0.05469
0 0.69238 0.74561 0.08008 0.09277
0 0.67432 0.83594 0.08496 0.07812
0 0.05029 0.87061 0.09082 0.20215
0 0.76074 0.20215 0.08203 0.08008
0 0.4248 0.85449 0.07031 0.08984
0 0.73486 0.3335 0.15527 0.1123
0 0.91602 0.39307 0.09766 0.07715
0 0.29688 0.63184 0.08008 0.13477
0 0.45703 0.56836 0.07422 0.08203
0 0.93555 0.48291 0.10742 0.10254
0 0.48975 0.33105 0.11035 0.07227
0 0.26709 0.34033 0.07715 0.1123
0 0.88184 0.89453 0.08984 0.13086
0 0.52441 0.03857 0.08984 0.07715
0 0.18213 0.1958 0.18066 0.12207
0 0.45459 0.37598 0.14941 0.08789
0 0.79541 0.51807 0.06738 0.06738
0 0.48096 0.11328 0.06738 0.0625
0 0.0625 0.06836 0.125 0.11719
0 0.41699 0.09814 0.07031 0.08301
0 0.7124 0.94043 0.0752 0.07227
0 0.58936 0.09326 0.08496 0.09668
0 0.95361 0.22217 0.06738 0.05957
0 0.35449 0.16211 0.06445 0.06445
0 0.84814 0.58594 0.1123 0.10742
0 0.2334 0.94971 0.09766 0.09473
0 0.7583 0.40186 0.09277 0.0752
0 0.85205 0.12549 0.09082 0.09277
0 0.81104 0.83057 0.07715 0.07715
0 0.96582 0.31445 0.06836 0.13477
0 0.00098 0.96826 0.00195 0.05762
0 0.1084 0.08594 0.15234 0.07812
0 0.97119 0.05811 0.05762 0.07715
0 0.27832 0.19336 0.05273 0.07812
0 0.5249 0.28955 0.08496 0.06934
0 0.37695 0.60596 0.06055 0.06738
0 0.87939 0.7832 0.18457 0.08203
0 0.0127 0.66748 0.02539 0.11621
