0 0.0249 0.66895 0.0498 0.10742
0 0.11377 0.39111 0.08496 0.08301
0 0.09619 0.46826 0.12598 0.09863
0 0.15869 0.50879 0.06543 0.07422
0 0.1748 0.76758 0.11133 0.06641
0 0.06885 0.77539 0.08887 0.05078
0 0.22949 0.68213 0.10742 0.10449
0 0.0249 0.18213 0.0498 0.06543
0 0.01074 0.0415 0.02148 0.08301
0 0.22363 0.30469 0.07617 0.10156
0 0.39062 0.03809 0.0957 0.07617
0 0.89258 0.15723 0.14453 0.06836
0 0.78271 0.18848 0.1084 0.07422
0 0.56348 0.2998 0.08594 0.05273
0 0.375 0.44629 0.0957 0.06836
0 0.26318 0.47363 0.1084 0.07031
0 0.31934 0.37451 0.08594 0.10254
0 0.44482 0.5332 0.09277 0.08594
0 0.38281 0.63037 0.07227 0.05957
0 0.42188 0.71387 0.07812 0.06445
0 0.58496 0.50293 0.10156 0.0625
0 0.66602 0.53271 0.08008 0.10254
0 0.66406 0.40869 0.13477 0.10449
0 0.73193 0.35303 0.08887 0.06738
0 0.94092 0.38379 0.08887 0.0625
0 0.80713 0.57422 0.0791 0.07812
0 0.83154 0.6875 0.07129 0.08789
0 0.67236 0.79053 0.10645 0.10449
0 0.38574 0.81836 0.09375 0.08203
0 0.39795 0.9082 0.09473 0.08203
0 0.32471 0.95264 0.0791 0.09473
0 0.64844 0.93701 0.08398 0.09473
0 0.60059 0.97754 0.05273 0.04492
0 0.69922 0.96387 0.07227 0.07227
0 0.28662 0.53467 0.10059 0.13379
