0 0.06689 0.29736 0.11035 0.09473
0 0.01953 0.53955 0.03906 0.12012
0 0.78955 0.60596 0.13574 0.12207
0 0.41357 0.03467 0.1123 0.06934
0 0.33691 0.19092 0.10938 0.09277
0 0.15332 0.50684 0.08789 0.09961
0 0.83496 0.19824 0.125 0.07227
0 0.23926 0.84473 0.125 0.08008
0 0.59326 0.21436 0.09277 0.08496
0 0.85449 0.02979 0.16992 0.05957
0 0.38477 0.39697 0.09961 0.09082
0 0.21484 0.2998 0.08984 0.07031
0 0.45557 0.53076 0.19238 0.16699
0 0.77197 0.35547 0.09277 0.07422
0 0.41113 0.82471 0.08984 0.14551
0 0.01123 0.771 0.02246 0.08301
0 0.22705 0.02344 0.11426 0.04688
0 0.12793 0.0249 0.10742 0.0498
0 0.23828 0.67969 0.08203 0.08008
0 0.19922 0.93457 0.125 0.11523
0 0.49707 0.17725 0.06445 0.0752
0 0.07959 0.44043 0.10059 0.07227
0 0.61719 0.7207 0.08008 0.08203
0 0.92188 0.9209 0.11523 0.08203
0 0.81104 0.69434 0.09277 0.06055
0 0.48486 0.40576 0.12012 0.1123
0 0.25439 0.52441 0.06543 0.06055
0 0.74072 0.92432 0.18262 0.12988
0 0.9375 0.12158 0.125 0.08301
0 0.93213 0.62451 0.11035 0.09082
0 0.75049 0.13428 0.19238 0.08496
0 0.67188 0.41553 0.08008 0.06738
0 0.15088 0.21484 0.05762 0.05469
0 0.19824 0.61328 0.07227 0.06836
0 0.34082 0.94189 0.07812 0.09473
0 0.68457 0.16846 0.10938 0.08691
0 0.30957 0.90088 0.08008 0.07324
0 0.96777 0.01172 0.06445 0.02344
0 0.03711 0.72607 0.07422 0.09277
0 0.97607 0.74316 0.04785 0.07227
0 0.45068 0.66211 0.1123 0.06055
0 0.74414 0.72949 0.08008 0.08984
0 0.96094 0.36816 0.07812 0.07812
