0 0.15625 0.11328 0.08203 0.1543
0 0.13428 0.18213 0.07324 0.09277
0 0.18848 0.22998 0.12305 0.05762
0 0.22168 0.0835 0.08203 0.16309
0 0.27539 0.17236 0.08984 0.25293
0 0.35547 0.16504 0.11523 0.11133
0 0.42822 0.2583 0.09277 0.05566
0 0.48389 0.24951 0.06152 0.10059
0 0.62354 0.12549 0.13574 0.08301
0 0.58643 0.24561 0.07715 0.10449
0 0.52197 0.31494 0.06738 0.10059
0 0.58105 0.30322 0.04492 0.03027
0 0.61572 0.34375 0.16699 0.05273
0 0.57373 0.41162 0.16309 0.0791
0 0.40137 0.31885 0.11523 0.06934
0 0.34375 0.39014 0.11133 0.07715
0 0.13721 0.41943 0.05957 0.05957
0 0.06885 0.41455 0.1377 0.11621
0 0.80957 0.41211 0.13086 0.08984
0 0.7832 0.28125 0.08594 0.10156
0 0.82373 0.16455 0.06348 0.06543
0 0.87354 0.19092 0.05176 0.05957
0 0.94678 0.21191 0.10645 0.11719
0 0.94189 0.1543 0.04395 0.06641
0 0.89014 0.09082 0.06152 0.10156
0 0.98096 0.06445 0.03809 0.12891
0 0.9668 0.27783 0.06641 0.06152
0 0.96143 0.43018 0.07715 0.08496
0 0.97754 0.82568 0.04492 0.06348
0 0.94971 0.78223 0.10059 0.04297
0 0.89502 0.69385 0.09473 0.04199
0 0.90625 0.73389 0.05469 0.0459
0 0.95215 0.61572 0.08984 0.08301
0 0.69336 0.6958 0.16602 0.1123
0 0.6499 0.71631 0.0459 0.06152
0 0.62646 0.78955 0.08496 0.05762
0 0.66846 0.84766 0.09277 0.05859
0 0.44678 0.72754 0.05176 0.04883
0 0.46582 0.7749 0.14844 0.09082
0 0.28711 0.79346 0.21484 0.11426
0 0.38428 0.92871 0.05762 0.14258
0 0.52588 0.92578 0.13379 0.14844
0 0.22754 0.89502 0.09375 0.06738
0 0.10889 0.79004 0.07324 0.12695
0 0.04785 0.79248 0.0957 0.09473
0 0.06445 0.69482 0.12891 0.05566
0 0.78564 0.31689 0.08691 0.06348
0 0.37988 0.21631 0.07617 0.08105
