0 0.84277 0.04834 0.06445 0.05566
0 0.75977 0.02393 0.05078 0.04785
0 0.38477 0.01562 0.14258 0.03125
0 0.40723 0.06299 0.10547 0.06348
0 0.56982 0.08398 0.05566 0.04492
0 0.36914 0.18994 0.11719 0.06934
0 0.67578 0.11816 0.03906 0.05469
0 0.1499 0.03271 0.11035 0.06543
0 0.11182 0.29639 0.10645 0.08301
0 0.34033 0.32129 0.0752 0.05469
0 0.27002 0.34229 0.0791 0.05957
0 0.12744 0.47119 0.12207 0.06152
0 0.23193 0.47021 0.12012 0.04199
0 0.3374 0.47705 0.10059 0.05762
0 0.46191 0.4624 0.07617 0.05762
0 0.5376 0.44629 0.07715 0.04688
0 0.39502 0.39648 0.10645 0.0918
0 0.44043 0.28613 0.07227 0.04688
0 0.60693 0.354 0.07715 0.0791
0 0.66016 0.33838 0.05859 0.08887
0 0.51367 0.37012 0.06445 0.08203
0 0.59375 0.49707 0.12305 0.05469
0 0.73926 0.47559 0.04688 0.09766
0 0.53418 0.53369 0.06445 0.05371
0 0.38867 0.6167 0.07031 0.06738
0 0.34082 0.77686 0.07617 0.07324
0 0.43066 0.72705 0.08008 0.05371
0 0.53369 0.70654 0.06348 0.07324
0 0.7041 0.66504 0.05664 0.05469
0 0.73926 0.56934 0.0625 0.05859
0 0.86279 0.59424 0.10449 0.06348
0 0.89795 0.93066 0.06934 0.13281
0 0.83789 0.96338 0.0625 0.07324
0 0.78516 0.95605 0.05469 0.08789
0 0.76416 0.8335 0.05957 0.05957
0 0.68945 0.8623 0.06445 0.05469
0 0.71289 0.76953 0.08398 0.05273
0 0.6416 0.78027 0.07227 0.05859
0 0.58887 0.81152 0.05273 0.0625
0 0.48975 0.78418 0.08496 0.06445
0 0.52539 0.81104 0.06445 0.06934
0 0.22998 0.83154 0.05762 0.07324
0 0.18604 0.82227 0.0498 0.05664
0 0.13428 0.77393 0.08105 0.05957
0 0.20117 0.71387 0.0625 0.05859
0 0.10645 0.71094 0.0918 0.08008
0 0.08936 0.91992 0.11426 0.04492
0 0.0752 0.9707 0.10547 0.05859
0 0.18896 0.97314 0.10254 0.05176
0 0.29395 0.92236 0.12109 0.06543
0 0.40479 0.89795 0.05176 0.0498
0 0.46143 0.84473 0.09668 0.06055
0 0.53467 0.88672 0.0752 0.05273
0 0.47803 0.90332 0.08105 0.04883
0 0.54492 0.9458 0.08398 0.04395
0 0.55762 0.97998 0.08789 0.04004
0 0.65527 0.73047 0.06836 0.04688
0 0.41553 0.94482 0.07129 0.04199
0 0.37109 0.96289 0.05469 0.05664
0 0.31055 0.97852 0.0625 0.03711
