0 0.979 0.10352 0.04199 0.08203
0 0.32129 0.76758 0.0625 0.08789
0 0.57617 0.12891 0.08398 0.07422
0 0.90918 0.32129 0.07812 0.06836
0 0.23535 0.3667 0.11523 0.07324
0 0.38721 0.56689 0.09863 0.12402
0 0.95703 0.21826 0.08594 0.08301
0 0.64404 0.96973 0.05371 0.06055
0 0.1001 0.23926 0.05957 0.10742
0 0.19434 0.82568 0.10547 0.05957
0 0.73193 0.65039 0.11816 0.05859
0 0.98047 0.51074 0.03711 0.05859
0 0.21094 0.12988 0.11328 0.07227
0 0.09521 0.45703 0.10059 0.08203
0 0.26855 0.46973 0.09375 0.08789
0 0.53174 0.28662 0.06348 0.03223
0 0.7373 0.31982 0.05859 0.05957
0 0.67578 0.1748 0.0625 0.06836
0 0.67969 0.77344 0.0918 0.17188
0 0.80029 0.02441 0.07129 0.04688
0 0.604 0.04102 0.05762 0.05078
0 0.38867 0.64355 0.06445 0.04688
0 0.61865 0.62354 0.05957 0.05371
0 0.15527 0.6582 0.14648 0.08008
0 0.42188 0.11865 0.08594 0.05176
0 0.22949 0.89355 0.10547 0.06055
0 0.02002 0.84326 0.04004 0.04395
0 0.81787 0.19189 0.06934 0.04395
0 0.82568 0.5 0.12598 0.08789
0 0.91211 0.60107 0.09961 0.07129
0 0.53809 0.91748 0.06055 0.04199
0 0.23975 0.29395 0.1377 0.05664
0 0.44971 0.94775 0.06152 0.05176
0 0.11084 0.41553 0.06152 0.05566
0 0.18066 0.01807 0.06445 0.03418
0 0.73486 0.24268 0.10645 0.07129
0 0.84033 0.021 0.05957 0.04004
0 0.75342 0.72119 0.0791 0.06934
0 0.38135 0.53516 0.08301 0.04688
0 0.59082 0.66504 0.03906 0.05469
0 0.57227 0.38916 0.04102 0.12598
0 0.07715 0.27783 0.04492 0.02832
0 0.39209 0.3501 0.1123 0.06934
0 0.125 0.72998 0.09375 0.05176
0 0.49268 0.64307 0.10254 0.05176
0 0.50342 0.38721 0.05176 0.04199
0 0.30469 0.23096 0.0625 0.06934
0 0.05371 0.98877 0.09961 0.02246
0 0.30518 0.97363 0.06543 0.03125
0 0.13184 0.25342 0.12695 0.10645
0 0.05713 0.3208 0.09473 0.05371
0 0.40869 0.89111 0.08301 0.04004
0 0.56689 0.30225 0.07715 0.0752
0 0.42334 0.90625 0.08496 0.03125
0 0.53369 0.44873 0.11621 0.0791
0 0.01123 0.22266 0.02246 0.03906
0 0.76514 0.44189 0.05176 0.14551
0 0.56738 0.51221 0.17773 0.08691
0 0.03564 0.91748 0.06934 0.0459
0 0.23584 0.49463 0.1084 0.08691
0 0.12012 0.06494 0.09375 0.05566
0 0.56299 0.84521 0.09082 0.02637
0 0.56396 0.87109 0.09082 0.02539
0 0.96924 0.51953 0.05957 0.07422
0 0.26465 0.69092 0.10742 0.05566
0 0.53955 0.34961 0.02637 0.0332
0 0.86377 0.50586 0.05371 0.08398
0 0.84766 0.07373 0.06641 0.06934
0 0.40869 0.0498 0.06738 0.06641
0 0.28564 0.08057 0.0752 0.06934
