0 0.03174 0.86963 0.06348 0.06348
0 0.35693 0.97559 0.06152 0.04883
0 0.5 0.97021 0.11328 0.05957
0 0.31201 0.9082 0.05176 0.07031
0 0.27979 0.82178 0.0752 0.07129
0 0.24609 0.74072 0.05859 0.06348
0 0.24463 0.63672 0.0752 0.06836
0 0.03809 0.6377 0.07617 0.07031
0 0.34229 0.54248 0.06934 0.0791
0 0.32666 0.44775 0.05957 0.06348
0 0.18848 0.43945 0.09766 0.07227
0 0.375 0.3667 0.05859 0.05957
0 0.17529 0.27588 0.06738 0.09082
0 0.16797 0.20459 0.07031 0.06738
0 0.13477 0.07178 0.10156 0.08105
0 0.29102 0.03662 0.08789 0.07324
0 0.28906 0.16846 0.07617 0.0791
0 0.37354 0.13428 0.06934 0.06152
0 0.49854 0.12061 0.05957 0.06738
0 0.3833 0.04834 0.06348 0.06348
0 0.84717 0.09961 0.0498 0.07031
0 0.62305 0.07715 0.10547 0.0625
0 0.75195 0.11035 0.06836 0.08398
0 0.6499 0.13037 0.08691 0.05371
0 0.66748 0.2207 0.05762 0.06641
0 0.71143 0.32959 0.10254 0.08301
0 0.56299 0.34375 0.05371 0.06641
0 0.90771 0.4668 0.1123 0.11719
0 0.71533 0.65771 0.07324 0.0791
0 0.84375 0.65479 0.10156 0.07715
0 0.56836 0.75781 0.07812 0.05664
0 0.98145 0.78418 0.03711 0.08203
0 0.51562 0.8457 0.08203 0.07031
0 0.65771 0.90674 0.07324 0.09082
0 0.75928 0.87402 0.09473 0.06445
0 0.85254 0.97461 0.09766 0.05078
0 0.47461 0.85596 0.04883 0.06152
