0 0.02686 0.09766 0.05371 0.0918
0 0.07715 0.22754 0.11328 0.10938
0 0.0498 0.34375 0.08789 0.10742
0 0.20947 0.25439 0.08301 0.09668
0 0.4585 0.3335 0.19043 0.09473
0 0.01025 0.60205 0.02051 0.1084
0 0.02344 0.69775 0.04688 0.08496
0 0.0542 0.73486 0.05176 0.0791
0 0.07959 0.80664 0.12207 0.1582
0 0.05713 0.98633 0.07715 0.02734
0 0.16357 0.9248 0.06348 0.15039
0 0.36816 0.97754 0.1582 0.04492
0 0.29443 0.91309 0.07715 0.06445
0 0.26074 0.68115 0.10742 0.0791
0 0.32031 0.71582 0.12695 0.09766
0 0.42627 0.8252 0.08887 0.09375
0 0.42236 0.61377 0.08105 0.05957
0 0.53467 0.60498 0.0752 0.05762
0 0.45898 0.46387 0.0957 0.22852
0 0.61719 0.29395 0.09961 0.14258
0 0.80078 0.55713 0.15625 0.15332
0 0.95752 0.56299 0.08496 0.23145
0 0.75439 0.95947 0.07129 0.05762
0 0.95898 0.97754 0.06836 0.04492
0 0.73877 0.10156 0.08301 0.06836
0 0.59521 0.03516 0.06348 0.07031
0 0.12451 0.30566 0.13184 0.07617
0 0.02148 0.17871 0.04297 0.0625
0 0.4751 0.21484 0.06152 0.08008
0 0.83984 0.68457 0.10938 0.15039
