0 0.40381 0.11719 0.07324 0.07617
0 0.87354 0.41406 0.08105 0.08008
0 0.58545 0.14014 0.07129 0.0752
0 0.4668 0.10059 0.10352 0.08398
0 0.20068 0.65576 0.09082 0.07715
0 0.74902 0.0332 0.06445 0.0625
0 0.63477 0.52344 0.06836 0.06055
0 0.58838 0.37646 0.08105 0.06934
0 0.91016 0.83984 0.04883 0.07617
0 0.02197 0.35547 0.04395 0.07812
0 0.41406 0.96582 0.06445 0.06836
0 0.72852 0.37646 0.05859 0.06934
0 0.6582 0.12305 0.03125 0.07617
0 0.19336 0.32861 0.0332 0.06543
0 0.81152 0.91455 0.04297 0.07324
0 0.3501 0.69287 0.08496 0.06934
0 0.83594 0.55039 0.05078 0.03242
0 0.34326 0.73633 0.04785 0.07812
0 0.15088 0.03369 0.06348 0.06738
0 0.97559 0.2002 0.04883 0.08594
0 0.85938 0.03662 0.06445 0.06152
0 0.86182 0.82715 0.04004 0.07031
0 0.56396 0.02979 0.04004 0.05957
0 0.17285 0.40088 0.06641 0.05371
0 0.13281 0.44189 0.07812 0.04004
0 0.66016 0.41943 0.04492 0.06738
0 0.7832 0.7627 0.06641 0.04883
0 0.72266 0.80908 0.11133 0.0498
0 0.33936 0.89014 0.05566 0.04785
0 0.63086 0.95215 0.06055 0.04688
0 0.44238 0.81836 0.07422 0.03711
0 0.90332 0.23975 0.05859 0.04004
0 0.4668 0.54346 0.04102 0.05566
0 0.5376 0.74414 0.05957 0.04688
0 0.29883 0.10742 0.05469 0.05078
0 0.62061 0.36084 0.04785 0.06738
0 0.95898 0.36816 0.02734 0.0625
0 0.27539 0.22998 0.07422 0.02637
0 0.00781 0.93408 0.01562 0.02441
0 0.21973 0.19482 0.05469 0.0498
0 0.96729 0.06494 0.03418 0.05566
0 0.56934 0.80859 0.04102 0.05469
0 0.33789 0.47461 0.10156 0.04297
0 0.27734 0.52539 0.07617 0.02734
0 0.15479 0.09082 0.05957 0.08594
0 0.0752 0.5249 0.08008 0.0459
0 0.53027 0.38916 0.05273 0.04785
0 0.12256 0.56348 0.05176 0.03711
0 0.72607 0.56348 0.06348 0.01953
0 0.98242 0.09912 0.0293 0.06934
0 0.85791 0.50342 0.02637 0.0459
0 0.28564 0.79639 0.09277 0.04199
0 0.17139 0.85254 0.05566 0.01758
0 0.51855 0.8833 0.08008 0.03223
0 0.44189 0.87109 0.0498 0.0293
0 0.89209 0.2915 0.04395 0.02637
0 0.15283 0.86621 0.04004 0.04297
0 0.52637 0.91699 0.0293 0.05273
0 0.76465 0.52002 0.04297 0.02246
0 0.69043 0.4165 0.0332 0.04004
0 0.95752 0.60889 0.03418 0.03418
0 0.14014 0.79248 0.04199 0.02832
0 0.80615 0.09375 0.07715 0.05469
0 0.66748 0.91064 0.04199 0.04395
