0 0.43945 0.53955 0.06445 0.08301
0 0.00977 0.43506 0.01953 0.06934
0 0.01709 0.80225 0.03418 0.0752
0 0.78027 0.5415 0.05273 0.09277
0 0.34961 0.38379 0.0918 0.0625
0 0.48535 0.85889 0.08984 0.0791
0 0.46387 0.43994 0.09766 0.06348
0 0.7793 0.43994 0.09375 0.12012
0 0.90283 0.31445 0.03027 0.09375
0 0.13135 0.85742 0.1123 0.06641
0 0.01514 0.02979 0.03027 0.05762
0 0.76855 0.87549 0.08008 0.07324
0 0.28467 0.24854 0.0752 0.10254
0 0.14648 0.68115 0.10547 0.09863
0 0.46484 0.33252 0.04492 0.08105
0 0.36523 0.74658 0.0625 0.05176
0 0.93896 0.23682 0.05762 0.0791
0 0.93311 0.43213 0.04395 0.0791
0 0.72314 0.59814 0.06543 0.05371
0 0.59814 0.63965 0.05566 0.07227
0 0.36426 0.12695 0.08398 0.06055
0 0.13623 0.56055 0.09277 0.05664
0 0.62744 0.40527 0.05566 0.05859
0 0.64795 0.18213 0.02832 0.13379
0 0.2124 0.6416 0.08105 0.04102
0 0.979 0.44092 0.04199 0.07715
0 0.11133 0.92285 0.08008 0.05469
0 0.49219 0.02734 0.03516 0.05273
0 0.89551 0.50098 0.05664 0.04297
0 0.33105 0.5459 0.10352 0.06055
0 0.10303 0.21387 0.0498 0.04688
0 0.30566 0.18848 0.04883 0.0625
0 0.04102 0.47607 0.04297 0.0498
0 0.85693 0.41113 0.05957 0.0293
0 0.06006 0.43066 0.06738 0.04102
0 0.65527 0.49268 0.06055 0.03418
0 0.02637 0.75098 0.05273 0.04688
0 0.08398 0.13672 0.05469 0.06445
0 0.81592 0.01318 0.06348 0.02637
0 0.70752 0.93555 0.02637 0.07227
0 0.27197 0.30225 0.07324 0.10254
0 0.64795 0.87256 0.0791 0.04199
0 0.58369 0.83623 0.03262 0.0709
0 0.48242 0.35352 0.0332 0.10547
0 0.54492 0.24658 0.07422 0.03613
0 0.28418 0.78418 0.05273 0.03906
0 0.47754 0.93213 0.03906 0.05176
0 0.57422 0.77637 0.06641 0.04102
0 0.04395 0.58545 0.07031 0.06738
0 0.46826 0.20605 0.0459 0.05664
0 0.66797 0.55469 0.08789 0.04492
0 0.36426 0.98389 0.0332 0.02832
0 0.91016 0.57812 0.04492 0.05664
0 0.89307 0.24707 0.05371 0.0625
0 0.84766 0.95068 0.0293 0.05176
0 0.63965 0.84277 0.07422 0.03906
0 0.94092 0.62695 0.04199 0.0332
0 0.15088 0.26709 0.04199 0.05762
0 0.00732 0.84033 0.01465 0.06738
0 0.27881 0.83252 0.03418 0.06934
0 0.94189 0.62012 0.04785 0.03516
0 0.21045 0.25049 0.05566 0.0791
0 0.33984 0.84326 0.05469 0.06934
