0 0.13965 0.16162 0.07812 0.08887
0 0.03809 0.23584 0.07617 0.09668
0 0.40576 0.09814 0.11621 0.19629
0 0.34326 0.17285 0.0791 0.10352
0 0.3916 0.26807 0.0918 0.09473
0 0.21631 0.2749 0.09668 0.09277
0 0.14453 0.34912 0.12109 0.08887
0 0.03564 0.35156 0.07129 0.10938
0 0.03027 0.4668 0.06055 0.11328
0 0.15479 0.54395 0.0791 0.11133
0 0.31641 0.53271 0.08008 0.1084
0 0.354 0.4834 0.07324 0.07617
0 0.2334 0.43213 0.06836 0.07324
0 0.68359 0.20215 0.08789 0.09766
0 0.58105 0.08545 0.10156 0.06934
0 0.78076 0.11426 0.12988 0.22852
0 0.74463 0.28174 0.05762 0.0498
0 0.646 0.29248 0.14941 0.11426
0 0.6792 0.43066 0.1416 0.11523
0 0.74854 0.39209 0.07324 0.05371
0 0.56445 0.44189 0.14453 0.22949
0 0.9668 0.45215 0.06641 0.08398
0 0.26758 0.69043 0.0918 0.10352
0 0.12305 0.83594 0.10352 0.17188
0 0.03662 0.70264 0.07324 0.06934
0 0.27734 0.85693 0.0918 0.06543
0 0.24121 0.89941 0.06055 0.05859
0 0.37598 0.86816 0.07422 0.08789
0 0.44531 0.87354 0.07812 0.06934
0 0.38525 0.96436 0.09277 0.07129
0 0.06445 0.97461 0.07227 0.05078
0 0.12012 0.98633 0.0625 0.02734
0 0.53369 0.95166 0.05957 0.09668
0 0.82666 0.91992 0.07324 0.09766
0 0.67676 0.90918 0.08203 0.1582
