0 0.79688 0.34766 0.08008 0.09375
0 0.61328 0.2666 0.10547 0.07031
0 0.06543 0.41797 0.12891 0.05469
0 0.38428 0.68799 0.0791 0.05957
0 0.16016 0.94092 0.11523 0.05566
0 0.44482 0.05371 0.08496 0.04688
0 0.03857 0.15918 0.07715 0.0625
0 0.44385 0.53662 0.12012 0.07715
0 0.41016 0.35156 0.14648 0.06055
0 0.33203 0.97363 0.08008 0.04492
0 0.83887 0.17627 0.08984 0.09277
0 0.95752 0.62988 0.08496 0.05078
0 0.90918 0.2583 0.12109 0.04785
0 0.25879 0.62061 0.08594 0.06543
0 0.28174 0.17285 0.11621 0.06055
0 0.83887 0.6333 0.09961 0.04395
0 0.91846 0.56348 0.09863 0.05078
0 0.93164 0.18408 0.10352 0.08691
0 0.29346 0.42188 0.07324 0.05469
0 0.27637 0.20557 0.08398 0.0459
0 0.99463 0.94531 0.01074 0.03906
0 0.66992 0.86426 0.07812 0.11328
0 0.05225 0.27051 0.10254 0.08008
0 0.43896 0.20312 0.12207 0.10547
0 0.79932 0.70361 0.05566 0.05371
0 0.17676 0.51855 0.10938 0.10156
0 0.53809 0.05469 0.08203 0.03125
0 0.17139 0.32178 0.09863 0.03027
0 0.95312 0.67285 0.09375 0.03516
0 0.34473 0.57422 0.11133 0.04492
0 0.8877 0.52246 0.07422 0.05078
0 0.18066 0.27441 0.10938 0.03711
0 0.87012 0.6001 0.11133 0.10254
0 0.85352 0.07764 0.06445 0.06543
0 0.28076 0.08154 0.05371 0.04199
0 0.51025 0.72607 0.12207 0.04199
0 0.74463 0.60986 0.11621 0.04395
0 0.6958 0.92871 0.09473 0.03516
0 0.28662 0.56689 0.10254 0.0791
0 0.43652 0.90381 0.10547 0.04199
0 0.98828 0.76953 0.02344 0.02734
0 0.92627 0.72852 0.08496 0.02539
0 0.1167 0.28613 0.05566 0.06055
0 0.97119 0.375 0.05762 0.04102
0 0.87793 0.69873 0.05469 0.03613
0 0.13086 0.35303 0.10742 0.06934
0 0.88477 0.95264 0.10352 0.03223
0 0.04097 0.21665 0.08193 0.03486
0 0.41162 0.75049 0.08301 0.03418
0 0.0501 0.58633 0.1002 0.03809
0 0.43359 0.4165 0.05664 0.04785
