0 0.0498 0.08447 0.09961 0.16895
0 0.57373 0.12305 0.11426 0.0918
0 0.41797 0.68604 0.07227 0.08105
0 0.21289 0.40674 0.14258 0.12012
0 0.84082 0.54297 0.16211 0.09766
0 0.37402 0.4458 0.13672 0.10254
0 0.09473 0.26465 0.14453 0.10938
0 0.24219 0.24707 0.14062 0.10547
0 0.09668 0.52979 0.125 0.13184
0 0.94043 0.74316 0.11914 0.08203
0 0.73682 0.16943 0.13965 0.13965
0 0.82812 0.21826 0.17383 0.15137
0 0.8833 0.42822 0.1084 0.1123
0 0.9585 0.68213 0.08301 0.06543
0 0.55713 0.99854 0.1748 0.00293
0 0.96875 0.61963 0.0625 0.06543
0 0.87549 0.31885 0.05176 0.05371
