0 0.12158 0.23389 0.06348 0.06152
0 0.20215 0.22168 0.07422 0.06641
0 0.15479 0.29248 0.09863 0.06543
0 0.25146 0.39307 0.06738 0.08887
0 0.30615 0.40625 0.07324 0.08594
0 0.38525 0.42334 0.10254 0.05957
0 0.04346 0.40771 0.0752 0.08887
0 0.13818 0.80371 0.05176 0.06836
0 0.0918 0.94727 0.08398 0.10547
0 0.14307 0.92529 0.08496 0.10645
0 0.20459 0.98242 0.10059 0.03516
0 0.229 0.8916 0.1084 0.11133
0 0.40771 0.95215 0.06934 0.0957
0 0.52197 0.93213 0.07324 0.07715
0 0.63525 0.94434 0.09863 0.10156
0 0.79297 0.96143 0.07031 0.07715
0 0.72266 0.84131 0.07227 0.06152
0 0.77295 0.71582 0.0791 0.10938
0 0.59961 0.70605 0.08594 0.13477
0 0.31982 0.61377 0.05762 0.09863
0 0.24072 0.54248 0.07129 0.12402
0 0.19238 0.47949 0.06641 0.08398
0 0.11133 0.42529 0.06836 0.0752
0 0.59229 0.52979 0.08496 0.05371
0 0.69727 0.56006 0.06445 0.06738
0 0.74561 0.57764 0.08301 0.0752
0 0.87842 0.5459 0.16895 0.09766
0 0.89941 0.51514 0.08398 0.05566
0 0.97021 0.66211 0.05957 0.11523
0 0.9248 0.38525 0.07031 0.09863
0 0.97021 0.40283 0.05957 0.07129
0 0.66064 0.31689 0.12988 0.06738
0 0.66406 0.37158 0.11719 0.0752
0 0.63965 0.4502 0.11133 0.09766
0 0.74951 0.4458 0.07715 0.05566
0 0.3374 0.03418 0.06738 0.06836
0 0.56592 0.03613 0.1377 0.07227
0 0.49609 0.06152 0.10938 0.08008
0 0.48291 0.15039 0.06348 0.10938
0 0.38818 0.20215 0.04785 0.06055
0 0.59473 0.21143 0.11523 0.05957
0 0.68164 0.22607 0.08789 0.05176
0 0.72754 0.10889 0.09766 0.0752
0 0.93408 0.03467 0.05176 0.06934
0 0.97217 0.11914 0.05566 0.0625
0 0.53857 0.29102 0.08301 0.05273
0 0.53418 0.34668 0.09766 0.08203
0 0.27393 0.79883 0.08105 0.07422
0 0.39209 0.8042 0.08496 0.11426
0 0.53564 0.57764 0.05762 0.06348
