0 0.0293 0.70898 0.05859 0.07617
0 0.56592 0.99023 0.06543 0.01953
0 0.42383 0.93604 0.11523 0.08887
0 0.71338 0.94189 0.1709 0.08301
0 0.88721 0.95654 0.09473 0.08691
0 0.47119 0.75977 0.14551 0.08594
0 0.3877 0.74805 0.13086 0.05469
0 0.75537 0.6084 0.06934 0.05664
0 0.2085 0.62793 0.09863 0.0957
0 0.10107 0.46533 0.09473 0.09082
0 0.20557 0.40283 0.09277 0.1123
0 0.46191 0.45898 0.1543 0.11914
0 0.57764 0.45605 0.1709 0.16602
0 0.87012 0.32422 0.11914 0.09375
0 0.40625 0.24219 0.15234 0.07617
0 0.86572 0.17188 0.07715 0.07422
0 0.72266 0.08496 0.10156 0.0625
0 0.58252 0.11475 0.06738 0.14551
0 0.61914 0.1543 0.07031 0.10938
0 0.46387 0.08203 0.12695 0.07617
0 0.32373 0.02686 0.09668 0.05371
0 0.94971 0.03711 0.08105 0.07422
0 0.9751 0.12793 0.0498 0.05859
