0 0.0874 0.39941 0.10449 0.12305
0 0.65283 0.38428 0.10059 0.06543
0 0.03906 0.24121 0.07812 0.10547
0 0.06396 0.68506 0.0791 0.09473
0 0.67871 0.02588 0.09766 0.05176
0 0.62061 0.9668 0.09473 0.06055
0 0.84717 0.59424 0.09473 0.10449
0 0.64893 0.23682 0.04785 0.07715
0 0.76318 0.16748 0.08105 0.0752
0 0.8418 0.43018 0.0625 0.09863
0 0.19043 0.12451 0.08008 0.05762
0 0.71045 0.80518 0.07324 0.12793
0 0.21143 0.84229 0.06152 0.08691
0 0.39648 0.53564 0.13086 0.09863
0 0.52344 0.09131 0.08203 0.07715
0 0.33691 0.56396 0.08789 0.05957
0 0.64893 0.54736 0.09082 0.06934
0 0.95117 0.34033 0.04102 0.05762
0 0.84033 0.36182 0.18457 0.1084
0 0.51855 0.5498 0.09961 0.10352
0 0.98389 0.05859 0.03223 0.02734
0 0.24609 0.07617 0.07422 0.04102
0 0.46338 0.47559 0.11426 0.06055
0 0.75146 0.97705 0.04004 0.0459
0 0.12793 0.59717 0.12109 0.09863
0 0.31348 0.38965 0.09375 0.04297
0 0.58008 0.85547 0.11523 0.16016
0 0.04932 0.79297 0.08887 0.0293
0 0.30273 0.28125 0.10547 0.05469
0 0.98389 0.68164 0.03223 0.03711
0 0.35059 0.82861 0.0625 0.06543
0 0.28613 0.95264 0.04883 0.09082
0 0.39355 0.72363 0.0957 0.05664
0 0.17236 0.23291 0.10059 0.09668
0 0.50537 0.13232 0.05957 0.03418
0 0.35645 0.93359 0.06055 0.04688
0 0.97021 0.51904 0.05957 0.0498
0 0.37695 0.875 0.08203 0.07617
0 0.95215 0.0376 0.06055 0.0498
0 0.76123 0.02002 0.09473 0.03809
0 0.09131 0.021 0.04004 0.04199
0 0.75049 0.66211 0.10449 0.04492
0 0.16797 0.98779 0.12695 0.02441
0 0.38379 0.25146 0.12109 0.08105
0 0.05371 0.87744 0.06055 0.05176
0 0.79102 0.59814 0.04492 0.07324
0 0.6123 0.72803 0.06836 0.03809
0 0.02686 0.15967 0.05371 0.05371
0 0.20312 0.73291 0.07812 0.03418
0 0.66602 0.85107 0.03906 0.03613
0 0.08496 0.19092 0.15625 0.12793
0 0.15723 0.75244 0.08008 0.03613
0 0.91211 0.98633 0.0332 0.02344
0 0.63232 0.51758 0.08887 0.0293
0 0.6499 0.72461 0.0498 0.03516
0 0.58203 0.99072 0.08789 0.01855
0 0.11572 0.68945 0.0498 0.04297
0 0.97607 0.71582 0.04785 0.03711
0 0.5293 0.75684 0.07031 0.05664
0 0.37988 0.19336 0.0918 0.04297
0 0.03516 0.93408 0.07031 0.0459
0 0.4082 0.92139 0.08594 0.08105
0 0.35742 0.2793 0.17773 0.09961
0 0.34082 0.97412 0.20703 0.05176
