0 0.79541 0.17676 0.06934 0.07812
0 0.38232 0.9082 0.08496 0.05664
0 0.22754 0.89844 0.07422 0.07422
0 0.92676 0.27637 0.07031 0.06836
0 0.04443 0.3208 0.07324 0.07715
0 0.06055 0.5625 0.0918 0.05859
0 0.55664 0.6499 0.09375 0.08105
0 0.3833 0.36182 0.06934 0.08105
0 0.68115 0.3457 0.10645 0.06055
0 0.82568 0.66162 0.0498 0.06543
0 0.729 0.29688 0.06348 0.0957
0 0.15625 0.03174 0.06055 0.06348
0 0.72363 0.95801 0.05859 0.07422
0 0.59668 0.03027 0.07227 0.05273
0 0.24072 0.4375 0.09082 0.04492
0 0.61621 0.35205 0.10547 0.04199
0 0.59033 0.96533 0.04004 0.05762
0 0.22217 0.72217 0.1123 0.08887
0 0.35059 0.49463 0.11719 0.04004
0 0.50977 0.24609 0.04688 0.125
0 0.76807 0.22852 0.07129 0.05078
0 0.79932 0.69775 0.09082 0.02832
0 0.61279 0.15381 0.07129 0.04004
0 0.29346 0.85352 0.11621 0.06836
0 0.03027 0.58496 0.06055 0.05859
0 0.96045 0.82812 0.0791 0.11523
0 0.94922 0.36328 0.0625 0.04492
0 0.69287 0.18896 0.07715 0.05566
0 0.0791 0.8999 0.08008 0.02832
0 0.51758 0.41748 0.07031 0.0459
0 0.14355 0.41162 0.11719 0.04395
0 0.13364 0.62544 0.12139 0.05186
0 0.77588 0.74902 0.07715 0.04297
0 0.48291 0.36182 0.0752 0.05762
0 0.33447 0.92041 0.09082 0.02637
0 0.07129 0.26025 0.06445 0.04199
0 0.51904 0.04346 0.05176 0.04785
0 0.22754 0.56641 0.07422 0.03906
0 0.91406 0.4126 0.07422 0.01855
0 0.34766 0.73682 0.05859 0.04785
0 0.979 0.93652 0.04199 0.03711
0 0.84277 0.9043 0.09766 0.02539
0 0.44043 0.78955 0.07227 0.04395
0 0.23877 0.02197 0.04199 0.04395
0 0.69238 0.50195 0.08203 0.04492
0 0.42969 0.9873 0.04102 0.02539
0 0.75244 0.28027 0.0791 0.06055
0 0.16553 0.66064 0.08887 0.04785
0 0.59814 0.96924 0.02637 0.05176
0 0.80566 0.67383 0.03125 0.05078
0 0.05811 0.75537 0.05371 0.05371
0 0.04297 0.57129 0.07617 0.05078
0 0.07812 0.96924 0.06445 0.03027
0 0.45654 0.97803 0.04395 0.02637
0 0.79297 0.42822 0.05273 0.03027
0 0.40283 0.04492 0.13965 0.08594
0 0.66748 0.27588 0.11426 0.08691
0 0.67041 0.84717 0.05957 0.03027
0 0.3916 0.45312 0.07812 0.03125
0 0.55957 0.22021 0.08789 0.0166
0 0.22314 0.646 0.06152 0.0459
0 0.0459 0.98877 0.08789 0.01855
0 0.36426 0.96631 0.02734 0.06348
0 0.17529 0.79102 0.08301 0.01953
0 0.38818 0.97314 0.05176 0.04785
0 0.41504 0.43604 0.06055 0.03027
0 0.07471 0.85889 0.06543 0.0166
0 0.2959 0.07129 0.03906 0.02148
0 0.02002 0.83496 0.03809 0.02734
0 0.98535 0.97314 0.0293 0.04785
0 0.44141 0.88818 0.04883 0.02051
0 0.97559 0.89404 0.04492 0.03223
0 0.85791 0.05469 0.05371 0.02539
0 0.38232 0.396 0.03418 0.0791
0 0.04395 0.81494 0.03906 0.08691
0 0.01904 0.73486 0.03809 0.04199
0 0.05713 0.09766 0.11426 0.07422
0 0.021 0.50879 0.04199 0.05469
0 0.02246 0.64307 0.04492 0.05566
0 0.02148 0.70654 0.04297 0.04199
0 0.02148 0.95068 0.04297 0.04395
0 0.5791 0.41553 0.04102 0.04199
0 0.44238 0.74658 0.0625 0.03418
0 0.27734 0.90918 0.04297 0.04297
