0 0.46094 0.02686 0.08789 0.05371
0 0.31934 0.83594 0.08789 0.08789
0 0.80908 0.91309 0.1416 0.11719
0 0.69043 0.65137 0.1582 0.10547
0 0.30859 0.7417 0.15625 0.06152
0 0.58301 0.89453 0.04297 0.14844
0 0.31006 0.36279 0.12012 0.10059
0 0.72656 0.44678 0.14258 0.08301
0 0.44775 0.30225 0.13379 0.09082
0 0.05811 0.83936 0.09082 0.11426
0 0.04541 0.13037 0.09082 0.07715
0 0.10693 0.48877 0.16113 0.1084
0 0.43164 0.8291 0.15039 0.10742
0 0.896 0.94922 0.09277 0.10156
0 0.55273 0.93848 0.04688 0.12109
0 0.49805 0.94531 0.05859 0.09375
0 0.57422 0.86963 0.13477 0.12598
0 0.35596 0.69385 0.13965 0.06934
0 0.42676 0.64893 0.20898 0.0791
0 0.38379 0.62695 0.14453 0.08984
0 0.43555 0.54248 0.12695 0.06152
0 0.42285 0.46533 0.10352 0.05957
0 0.52637 0.48877 0.08203 0.05762
0 0.56836 0.47607 0.05859 0.09473
0 0.51758 0.39941 0.07031 0.04492
0 0.44775 0.40869 0.08691 0.06543
