0 0.08008 0.03027 0.09766 0.06055
0 0.13574 0.13379 0.09375 0.07031
0 0.4375 0.18945 0.09766 0.04883
0 0.10889 0.50635 0.06348 0.0752
0 0.2583 0.56445 0.09277 0.04688
0 0.01904 0.34668 0.03809 0.04102
0 0.41895 0.65381 0.07031 0.06934
0 0.62451 0.08594 0.04785 0.09375
0 0.54492 0.15283 0.07812 0.09668
0 0.31494 0.45312 0.08105 0.10547
0 0.60693 0.45117 0.10059 0.04102
0 0.38525 0.42432 0.12793 0.0791
0 0.01514 0.16455 0.03027 0.06934
0 0.97021 0.6709 0.05957 0.04883
0 0.48633 0.56494 0.07227 0.06152
0 0.93115 0.63086 0.04785 0.06445
0 0.02441 0.9458 0.04883 0.08105
0 0.67139 0.36182 0.07129 0.02832
0 0.30615 0.32471 0.10059 0.05762
0 0.19873 0.72217 0.05176 0.08301
0 0.57812 0.53271 0.06641 0.0459
0 0.43457 0.55762 0.06836 0.05273
0 0.02246 0.69092 0.04492 0.16699
0 0.64941 0.53467 0.08984 0.05176
0 0.76611 0.63818 0.10645 0.08496
0 0.22168 0.66211 0.10742 0.05664
0 0.06445 0.42334 0.10352 0.03809
0 0.89893 0.58154 0.06738 0.03027
0 0.79883 0.98975 0.05664 0.02051
0 0.44824 0.34473 0.1582 0.05273
0 0.36914 0.73096 0.10742 0.03613
0 0.94922 0.8999 0.09766 0.03613
0 0.4375 0.5874 0.06445 0.03809
0 0.35107 0.24805 0.05762 0.06836
0 0.11816 0.6499 0.05273 0.07324
0 0.43213 0.98877 0.06348 0.0166
0 0.02686 0.60791 0.05371 0.01465
0 0.77295 0.27441 0.03223 0.05078
0 0.56982 0.35156 0.08496 0.04492
0 0.13867 0.42627 0.03906 0.05566
0 0.97998 0.6167 0.04004 0.06348
0 0.52002 0.83398 0.10059 0.0332
0 0.58252 0.02344 0.12012 0.04492
0 0.67432 0.58057 0.04785 0.05566
0 0.01465 0.67334 0.0293 0.05957
0 0.60498 0.26465 0.06934 0.05078
0 0.10791 0.0166 0.03027 0.0332
0 0.30322 0.07812 0.05371 0.02148
0 0.38477 0.30713 0.05859 0.0791
0 0.98047 0.92676 0.03906 0.01758
0 0.58105 0.21973 0.0625 0.03711
0 0.56006 0.90625 0.09473 0.05664
0 0.51709 0.95752 0.10645 0.05762
0 0.09814 0.25586 0.16504 0.06641
0 0.92285 0.5127 0.05664 0.05469
0 0.81152 0.19043 0.10742 0.11523
0 0.2251 0.30469 0.05566 0.05664
0 0.57764 0.8252 0.0459 0.04883
