0 0.13086 0.0459 0.08984 0.0918
0 0.14697 0.27588 0.07715 0.1123
0 0.08301 0.40234 0.06641 0.09766
0 0.37695 0.40723 0.10547 0.20898
0 0.06689 0.95166 0.12793 0.09668
0 0.02344 0.8374 0.04688 0.06348
0 0.02979 0.74756 0.05371 0.06543
0 0.18164 0.92822 0.09375 0.12207
0 0.32959 0.94531 0.08496 0.10938
0 0.35986 0.92188 0.06934 0.0918
0 0.45459 0.86475 0.10645 0.13184
0 0.12939 0.71973 0.06152 0.07031
0 0.20801 0.65186 0.07422 0.08691
0 0.10986 0.58643 0.07715 0.11035
0 0.2998 0.61621 0.15625 0.125
0 0.43604 0.76758 0.14941 0.04883
0 0.53516 0.63477 0.08398 0.06445
0 0.59717 0.6084 0.10254 0.10156
0 0.46387 0.51758 0.0918 0.11523
0 0.53418 0.41699 0.09766 0.08984
0 0.7124 0.49951 0.09473 0.09277
0 0.63525 0.41162 0.09473 0.09473
0 0.77295 0.31445 0.08691 0.12695
0 0.86963 0.39844 0.13379 0.07617
0 0.95996 0.49756 0.07227 0.10059
0 0.97559 0.4248 0.04883 0.03906
0 0.78418 0.6416 0.08789 0.10352
0 0.74219 0.71631 0.07422 0.06738
0 0.90723 0.78223 0.09961 0.11523
0 0.75342 0.90576 0.09082 0.12012
0 0.92334 0.91846 0.1084 0.12793
0 0.55029 0.21973 0.09473 0.06055
0 0.72266 0.0415 0.11523 0.0752
0 0.27783 0.28076 0.07324 0.11035
0 0.49072 0.16016 0.0752 0.08984
0 0.42334 0.06982 0.08691 0.10254
0 0.45898 0.11035 0.08203 0.0918
0 0.53271 0.03564 0.10059 0.07129
0 0.22656 0.18945 0.07812 0.07617
0 0.43262 0.40381 0.08398 0.10449
0 0.39453 0.30713 0.06836 0.12012
0 0.94189 0.98633 0.08301 0.02734
0 0.8252 0.55371 0.06641 0.07812
0 0.90234 0.1626 0.06641 0.0791
