0 0.47852 0.92676 0.07812 0.13281
0 0.12744 0.25098 0.09668 0.07227
0 0.40625 0.10352 0.07227 0.10547
0 0.01562 0.46191 0.0293 0.05664
0 0.56641 0.63721 0.09961 0.10449
0 0.92676 0.30713 0.05078 0.19434
0 0.46777 0.06641 0.07812 0.08594
0 0.46045 0.28857 0.07324 0.09082
0 0.625 0.12549 0.08008 0.06934
0 0.86133 0.83252 0.08789 0.07715
0 0.62402 0.0332 0.05273 0.04688
0 0.8833 0.08252 0.06934 0.08105
0 0.54785 0.11279 0.07812 0.08496
0 0.48779 0.35352 0.06348 0.04492
0 0.05176 0.08105 0.10352 0.05664
0 0.97461 0.5459 0.04688 0.04688
0 0.65771 0.39795 0.08496 0.06738
0 0.5083 0.15381 0.09668 0.06738
0 0.15088 0.17773 0.0791 0.07617
0 0.22314 0.30908 0.09277 0.06152
0 0.0835 0.66992 0.0752 0.03711
0 0.29932 0.28418 0.08105 0.06445
0 0.68359 0.19238 0.04492 0.07227
0 0.85498 0.49365 0.0752 0.05762
0 0.0918 0.7041 0.07227 0.06445
0 0.18018 0.12109 0.03809 0.05078
0 0.66943 0.81445 0.08887 0.04883
0 0.81494 0.72314 0.08496 0.05957
0 0.36865 0.5127 0.04785 0.05078
0 0.37012 0.16602 0.07031 0.06641
0 0.61621 0.54346 0.08984 0.0791
0 0.4126 0.56934 0.04199 0.04102
0 0.61279 0.06787 0.04785 0.0498
0 0.09082 0.90039 0.07422 0.05273
0 0.77441 0.67383 0.0625 0.07617
0 0.71191 0.24951 0.06641 0.05566
0 0.229 0.91895 0.06738 0.06836
0 0.4082 0.28125 0.05078 0.05664
0 0.87207 0.55176 0.06641 0.05469
0 0.12744 0.76025 0.09668 0.04785
0 0.78711 0.56934 0.06055 0.05664
0 0.04053 0.56396 0.06152 0.04785
0 0.31934 0.09229 0.10156 0.07324
0 0.61572 0.92578 0.09082 0.07031
0 0.08594 0.55225 0.05664 0.05957
0 0.23877 0.06396 0.05176 0.05762
0 0.70459 0.89844 0.10059 0.07812
0 0.55127 0.25635 0.06348 0.05566
0 0.10547 0.78711 0.06445 0.05273
0 0.95459 0.48389 0.06934 0.07715
0 0.83691 0.11328 0.04492 0.06445
0 0.7168 0.52246 0.08203 0.07227
0 0.53857 0.98242 0.0752 0.03516
0 0.66406 0.48242 0.05469 0.04688
0 0.72363 0.80859 0.05078 0.05664
