0 0.7124 0.06787 0.08496 0.08887
0 0.06494 0.6416 0.09668 0.07617
0 0.81299 0.90088 0.08496 0.06738
0 0.29004 0.5498 0.10938 0.06836
0 0.04443 0.5376 0.08691 0.06543
0 0.53711 0.52148 0.0625 0.07617
0 0.43115 0.19629 0.07324 0.09961
0 0.84668 0.0752 0.07617 0.08008
0 0.06738 0.24121 0.08789 0.08789
0 0.48291 0.51416 0.06348 0.07129
0 0.62109 0.38818 0.05469 0.06738
0 0.95801 0.5166 0.06445 0.06445
0 0.83252 0.58936 0.04395 0.07324
0 0.57861 0.02686 0.08887 0.04395
0 0.95654 0.82959 0.08301 0.13184
0 0.13477 0.14404 0.09961 0.10449
0 0.85449 0.68066 0.11719 0.0957
0 0.34863 0.23975 0.10352 0.07324
0 0.4751 0.9292 0.09473 0.06934
0 0.4541 0.55322 0.10156 0.06543
0 0.62549 0.27686 0.09473 0.1084
0 0.30811 0.28027 0.06348 0.05469
0 0.12793 0.97266 0.05078 0.05469
0 0.29883 0.18115 0.05469 0.07129
0 0.2998 0.37549 0.10156 0.0459
0 0.45801 0.0293 0.06445 0.05859
0 0.05322 0.58789 0.05176 0.06836
0 0.3667 0.34521 0.10059 0.05762
0 0.04443 0.93604 0.08887 0.05762
0 0.79346 0.50879 0.0791 0.08203
0 0.91113 0.37939 0.04688 0.0752
0 0.9707 0.66113 0.05859 0.04492
0 0.91211 0.25537 0.0957 0.06934
0 0.49902 0.88818 0.0625 0.06543
0 0.72412 0.35156 0.07324 0.06445
0 0.11182 0.89844 0.06348 0.05078
0 0.03955 0.32422 0.0791 0.06445
0 0.77051 0.92627 0.06641 0.03809
0 0.23682 0.96875 0.06934 0.04492
0 0.45459 0.76123 0.06934 0.04199
0 0.63086 0.91602 0.08984 0.0332
0 0.61475 0.89111 0.05957 0.03027
0 0.48242 0.33887 0.06445 0.06836
0 0.88428 0.98877 0.0791 0.01855
0 0.28516 0.7666 0.06641 0.04297
0 0.20557 0.98828 0.04395 0.02344
0 0.24023 0.90527 0.11523 0.04883
0 0.63867 0.70312 0.0625 0.0625
0 0.26807 0.11719 0.08105 0.03711
0 0.01953 0.76807 0.03711 0.04199
0 0.94336 0.18018 0.0625 0.07324
0 0.60889 0.64307 0.07715 0.04004
0 0.64941 0.97803 0.07617 0.04004
0 0.71436 0.69678 0.10059 0.06738
0 0.02734 0.3877 0.05469 0.06641
0 0.48633 0.68604 0.0625 0.05176
0 0.27197 0.9375 0.08691 0.04102
0 0.10107 0.39014 0.08887 0.05176
0 0.51025 0.31152 0.06738 0.0293
0 0.51855 0.33105 0.05859 0.0293
0 0.15186 0.46533 0.05371 0.05371
0 0.46582 0.40186 0.0625 0.05762
0 0.19824 0.87842 0.03711 0.05371
0 0.64648 0.01123 0.05078 0.02246
0 0.979 0.21582 0.04199 0.06055
0 0.94531 0.63965 0.07422 0.05664
0 0.87305 0.96631 0.08984 0.0498
0 0.979 0.91846 0.04199 0.0498
0 0.20068 0.62256 0.06738 0.04785
0 0.14111 0.32861 0.05957 0.05762
0 0.4502 0.86377 0.06641 0.0791
0 0.30908 0.59961 0.04785 0.05078
0 0.5293 0.06934 0.05078 0.05859
0 0.26172 0.15967 0.05273 0.0752
