0 0.28027 0.28857 0.08789 0.07715
0 0.42285 0.28174 0.11523 0.09863
0 0.39355 0.32812 0.0957 0.08594
0 0.4082 0.15381 0.10352 0.07324
0 0.30762 0.08105 0.07617 0.11914
0 0.22363 0.13818 0.08984 0.08691
0 0.04736 0.02393 0.09473 0.04785
0 0.01758 0.22998 0.03516 0.09473
0 0.07617 0.48877 0.10742 0.08105
0 0.09619 0.55664 0.06738 0.08398
0 0.02295 0.7124 0.0459 0.06348
0 0.05615 0.68066 0.09668 0.0918
0 0.01855 0.88623 0.03711 0.07324
0 0.14648 0.75293 0.07031 0.05859
0 0.22803 0.646 0.09473 0.0752
0 0.37646 0.625 0.06934 0.07031
0 0.48535 0.57764 0.07422 0.08496
0 0.21094 0.81348 0.07812 0.07227
0 0.28467 0.71533 0.10059 0.06543
0 0.52637 0.83252 0.13477 0.06152
0 0.33936 0.83398 0.06738 0.10547
0 0.77441 0.7998 0.05469 0.04102
0 0.80859 0.76562 0.14844 0.07227
0 0.74951 0.69873 0.0791 0.04785
0 0.90088 0.83154 0.07129 0.06738
0 0.61328 0.95654 0.10156 0.07324
0 0.11914 0.96387 0.11719 0.07227
0 0.6543 0.59473 0.08984 0.08789
0 0.64795 0.66309 0.06934 0.08008
0 0.74072 0.60596 0.08105 0.05957
0 0.84521 0.51611 0.15723 0.1123
0 0.90527 0.61182 0.10156 0.05762
0 0.7417 0.35547 0.0752 0.07812
0 0.69336 0.33496 0.05273 0.06641
0 0.84863 0.2041 0.05469 0.06055
0 0.95264 0.19141 0.05957 0.06055
0 0.74805 0.13818 0.08789 0.0752
0 0.81982 0.16357 0.09082 0.06543
0 0.88184 0.34473 0.11328 0.05664
0 0.88574 0.38281 0.09375 0.05273
0 0.84521 0.39551 0.07324 0.05664
0 0.97803 0.66064 0.04395 0.03809
0 0.97363 0.625 0.05273 0.04492
0 0.87354 0.4292 0.0752 0.06152
