0 0.01807 0.36084 0.03613 0.08105
0 0.0376 0.78223 0.0752 0.08203
0 0.1333 0.78516 0.05762 0.07812
0 0.2002 0.84717 0.08203 0.07324
0 0.09277 0.86377 0.10156 0.0752
0 0.92188 0.92725 0.08008 0.05176
0 0.34326 0.88721 0.06738 0.09277
0 0.39111 0.68848 0.06152 0.07422
0 0.54785 0.73486 0.0918 0.07324
0 0.57959 0.84326 0.06348 0.06738
0 0.63086 0.91162 0.08594 0.06543
0 0.78027 0.75195 0.05664 0.05859
0 0.65283 0.71533 0.06543 0.06934
0 0.64258 0.63525 0.07227 0.10645
0 0.96094 0.74609 0.06055 0.07422
0 0.96631 0.38916 0.06738 0.06934
0 0.96387 0.20752 0.07227 0.08105
0 0.77881 0.04688 0.08301 0.05859
0 0.47949 0.08838 0.08008 0.08496
0 0.73828 0.21143 0.07812 0.10254
0 0.65576 0.27881 0.06738 0.09473
0 0.49902 0.34521 0.0625 0.07129
0 0.55322 0.44727 0.09082 0.06055
0 0.38818 0.25977 0.06543 0.09375
0 0.34717 0.20312 0.09082 0.05469
0 0.31836 0.35889 0.11914 0.1084
0 0.33838 0.31348 0.10645 0.08203
0 0.24463 0.28857 0.07324 0.09863
0 0.11084 0.19922 0.05762 0.07422
0 0.72412 0.9082 0.04199 0.05469
0 0.36328 0.11035 0.04492 0.07812
0 0.23926 0.01221 0.06445 0.02441
0 0.25586 0.39648 0.05664 0.05469
0 0.92969 0.38281 0.05273 0.05273
0 0.6709 0.87988 0.07422 0.08594
0 0.62012 0.26465 0.04492 0.04883
