0 0.47656 0.05469 0.07227 0.10938
0 0.97461 0.0083 0.05078 0.0166
0 0.9751 0.15771 0.04395 0.07129
0 0.82812 0.10791 0.13086 0.05957
0 0.72559 0.15527 0.07422 0.07617
0 0.62842 0.1665 0.12012 0.09668
0 0.7959 0.16309 0.08008 0.07227
0 0.16064 0.26025 0.29199 0.05957
0 0.03027 0.17188 0.06055 0.11719
0 0.09668 0.30811 0.19336 0.05566
0 0.28857 0.28467 0.06348 0.08301
0 0.34912 0.30469 0.16504 0.10156
0 0.08936 0.37549 0.17871 0.05176
0 0.10254 0.45605 0.17578 0.07812
0 0.19189 0.48486 0.06934 0.07129
0 0.30713 0.40381 0.24707 0.07715
0 0.37549 0.43994 0.09082 0.09277
0 0.44775 0.56885 0.08887 0.21191
0 0.49658 0.32373 0.14355 0.10254
0 0.52246 0.40332 0.07617 0.0957
0 0.89355 0.24756 0.12305 0.07324
0 0.79834 0.21631 0.20215 0.0752
0 0.6958 0.31885 0.07715 0.1123
0 0.64014 0.3418 0.0459 0.06641
0 0.70557 0.5332 0.14941 0.13672
0 0.72461 0.39307 0.12305 0.19824
0 0.84131 0.35107 0.0791 0.08496
0 0.81592 0.30615 0.05176 0.0752
0 0.93018 0.31299 0.09277 0.08496
0 0.16846 0.73877 0.10059 0.11426
0 0.31934 0.78467 0.10156 0.0752
0 0.42969 0.72656 0.14844 0.05859
0 0.49023 0.82324 0.11914 0.16016
0 0.62646 0.81592 0.16504 0.06738
0 0.72217 0.77002 0.08105 0.08691
0 0.80908 0.79004 0.08887 0.09961
0 0.82861 0.73047 0.05762 0.11133
0 0.73193 0.84375 0.06934 0.07422
0 0.46143 0.9585 0.06543 0.08301
0 0.5249 0.96436 0.07715 0.07129
0 0.90137 0.88037 0.12305 0.14941
0 0.96924 0.94385 0.06152 0.08105
0 0.79346 0.87842 0.06934 0.06152
0 0.87451 0.68848 0.0752 0.05469
0 0.60547 0.9541 0.10156 0.0918
0 0.96875 0.8501 0.0625 0.09473
