0 0.04736 0.04932 0.08887 0.05957
0 0.13281 0.0708 0.11328 0.09277
0 0.3125 0.0542 0.06836 0.1084
0 0.17529 0.02979 0.10449 0.05957
0 0.30078 0.23096 0.10938 0.06543
0 0.22266 0.24268 0.10156 0.06152
0 0.18066 0.36377 0.06445 0.08105
0 0.2417 0.41455 0.08691 0.06152
0 0.04395 0.38818 0.08789 0.09277
0 0.55713 0.18115 0.08105 0.06348
0 0.48145 0.04053 0.10742 0.0791
0 0.60498 0.06689 0.09863 0.09668
0 0.67432 0.04248 0.08496 0.08496
0 0.76562 0.0498 0.08203 0.09961
0 0.93652 0.07178 0.05859 0.09082
0 0.85889 0.03125 0.06543 0.06055
0 0.96143 0.20361 0.07324 0.07129
0 0.40381 0.46582 0.08301 0.11719
0 0.27197 0.58984 0.0791 0.06055
0 0.3374 0.58936 0.06738 0.07715
0 0.11768 0.62598 0.08105 0.05273
0 0.0542 0.5918 0.1084 0.07227
0 0.05469 0.52832 0.07812 0.05469
0 0.69727 0.41797 0.08008 0.1543
0 0.65479 0.45801 0.08691 0.14258
0 0.77393 0.49463 0.06934 0.09082
0 0.80713 0.46387 0.05957 0.07812
0 0.89551 0.45264 0.07031 0.09473
0 0.90625 0.96729 0.07227 0.06543
0 0.58398 0.93652 0.06836 0.07031
0 0.58936 0.78857 0.06152 0.09082
0 0.46045 0.87402 0.09668 0.0957
0 0.39746 0.80811 0.08398 0.07715
0 0.28809 0.89014 0.0918 0.06934
0 0.37891 0.9165 0.05859 0.07129
0 0.1123 0.78174 0.08984 0.07129
0 0.16895 0.92139 0.08789 0.05371
0 0.05713 0.86035 0.09082 0.0625
0 0.36279 0.9834 0.08301 0.0332
0 0.77051 0.93994 0.07031 0.06543
0 0.96094 0.59668 0.05859 0.07031
0 0.45264 0.15967 0.0459 0.05762
0 0.71924 0.69287 0.0752 0.05176
0 0.47656 0.68213 0.04883 0.04395
0 0.50195 0.61133 0.07617 0.03711
0 0.51465 0.55469 0.0625 0.06641
0 0.94141 0.31006 0.05469 0.05371
0 0.49951 0.94775 0.05762 0.03613
