0 0.0249 0.34521 0.0498 0.07129
0 0.03955 0.59082 0.06348 0.14648
0 0.21729 0.66602 0.06152 0.07617
0 0.11572 0.56982 0.1084 0.06543
0 0.34375 0.58252 0.07031 0.09082
0 0.53662 0.6001 0.12793 0.08496
0 0.44971 0.50684 0.06934 0.09375
0 0.41992 0.34521 0.12305 0.06152
0 0.47754 0.09229 0.10938 0.12793
0 0.58887 0.15723 0.07031 0.08789
0 0.65186 0.10742 0.09082 0.10547
0 0.79053 0.22998 0.07715 0.13184
0 0.85742 0.30518 0.10156 0.12793
0 0.74268 0.55957 0.09082 0.15625
0 0.7915 0.64258 0.12598 0.07227
0 0.81396 0.7002 0.0791 0.08789
0 0.88086 0.57666 0.10352 0.16699
0 0.93311 0.6543 0.06934 0.07031
0 0.78271 0.80469 0.09668 0.07031
0 0.80029 0.84863 0.0752 0.04688
0 0.79199 0.90625 0.13281 0.16211
0 0.875 0.88281 0.08594 0.07812
0 0.86426 0.01953 0.06641 0.03906
0 0.92822 0.02197 0.12793 0.04395
0 0.48926 0.97607 0.06641 0.04785
0 0.63135 0.94092 0.16113 0.11816
0 0.62988 0.84766 0.0625 0.0625
0 0.66699 0.96289 0.07227 0.07422
0 0.3916 0.82617 0.07812 0.19141
0 0.41748 0.9541 0.08496 0.0918
0 0.3125 0.82129 0.13867 0.08398
0 0.24072 0.84033 0.09473 0.06348
0 0.32764 0.73828 0.0498 0.04883
0 0.07861 0.84668 0.08301 0.10938
0 0.05273 0.98682 0.10547 0.02637
0 0.03125 0.93311 0.0625 0.06543
0 0.16846 0.2085 0.08496 0.07715
0 0.14795 0.25488 0.09863 0.11719
0 0.22363 0.30225 0.05664 0.04395
0 0.06006 0.22412 0.06152 0.0459
0 0.02686 0.10547 0.05371 0.10938
0 0.05908 0.06494 0.06543 0.12988
0 0.1001 0.10303 0.06348 0.09277
0 0.97998 0.78271 0.04004 0.04395
0 0.03369 0.479 0.0498 0.07129
0 0.08447 0.7124 0.09863 0.06738
0 0.0127 0.88867 0.02539 0.06055
0 0.12842 0.89307 0.09668 0.04785
0 0.31689 0.32568 0.09082 0.18652
0 0.35205 0.27686 0.06348 0.0498
0 0.78906 0.36523 0.06055 0.05273
0 0.01562 0.39307 0.03125 0.13965
