0 0.14941 0.10547 0.06055 0.09375
0 0.1709 0.05713 0.07617 0.05957
0 0.08496 0.01758 0.08203 0.03516
0 0.0293 0.07617 0.05859 0.06445
0 0.03125 0.17432 0.0625 0.06152
0 0.31104 0.08301 0.1123 0.08984
0 0.48193 0.11963 0.09668 0.10059
0 0.62061 0.03809 0.09473 0.07617
0 0.78223 0.10205 0.13086 0.13965
0 0.85889 0.11035 0.1709 0.16992
0 0.98438 0.07129 0.03125 0.11328
0 0.94775 0.0459 0.03613 0.08594
0 0.98291 0.19189 0.03418 0.07715
0 0.85986 0.38672 0.08496 0.07227
0 0.82471 0.24951 0.11621 0.11035
0 0.71387 0.30811 0.125 0.13574
0 0.7832 0.40576 0.06055 0.07129
0 0.85107 0.47461 0.12793 0.13867
0 0.5835 0.354 0.10059 0.09473
0 0.40771 0.33594 0.08887 0.07031
0 0.3877 0.24414 0.08398 0.05859
0 0.19824 0.29736 0.16406 0.08496
0 0.19336 0.41211 0.08398 0.13086
0 0.36328 0.44678 0.08398 0.14746
0 0.59131 0.53662 0.15527 0.16113
0 0.80908 0.60889 0.16895 0.1377
0 0.95947 0.62012 0.08105 0.10938
0 0.37695 0.87793 0.07227 0.08789
0 0.10986 0.76514 0.07324 0.05566
0 0.02734 0.7915 0.05469 0.06543
0 0.0542 0.87793 0.1084 0.06055
0 0.13721 0.92676 0.09668 0.0625
0 0.22314 0.979 0.10254 0.04199
0 0.62549 0.99072 0.11621 0.01855
0 0.74902 0.95801 0.09375 0.08398
0 0.86768 0.95166 0.06934 0.09668
0 0.93262 0.86914 0.06641 0.07227
0 0.4585 0.93066 0.07129 0.05469
0 0.20361 0.59521 0.08105 0.05957
0 0.47021 0.27686 0.06934 0.04785
0 0.70215 0.16846 0.11523 0.05957
0 0.04395 0.27295 0.08789 0.06934
0 0.89404 0.3623 0.12598 0.08789
