0 0.70508 0.10205 0.11328 0.0791
0 0.48193 0.6167 0.14941 0.09473
0 0.24072 0.65479 0.11816 0.12012
0 0.55957 0.79834 0.11523 0.08301
0 0.4082 0.71924 0.12305 0.09473
0 0.25537 0.46826 0.10254 0.1123
0 0.86816 0.52441 0.08203 0.06445
0 0.90332 0.29736 0.11719 0.09473
0 0.10205 0.62207 0.0752 0.0957
0 0.45312 0.54053 0.14258 0.1123
0 0.27734 0.92969 0.08984 0.10547
0 0.93311 0.88574 0.10254 0.08203
0 0.89746 0.79199 0.08398 0.06445
0 0.32861 0.7959 0.10254 0.08789
0 0.31299 0.21631 0.09473 0.0752
0 0.53613 0.40771 0.14258 0.11035
0 0.50439 0.2207 0.12988 0.10742
0 0.625 0.44775 0.09766 0.1123
0 0.68701 0.45312 0.0752 0.07812
0 0.94092 0.40576 0.11816 0.1084
0 0.48047 0.02197 0.12695 0.04395
0 0.26562 0.23828 0.12695 0.1582
0 0.59863 0.37549 0.0625 0.19629
