0 0.06836 0.16846 0.06836 0.07324
0 0.26318 0.28809 0.06543 0.05859
0 0.34668 0.47314 0.06055 0.08887
0 0.1123 0.51855 0.06836 0.09375
0 0.03125 0.51123 0.0625 0.05957
0 0.4082 0.10742 0.07617 0.13477
0 0.47217 0.21338 0.19824 0.09668
0 0.36621 0.18652 0.06641 0.08203
0 0.41309 0.27539 0.08008 0.06641
0 0.65088 0.22607 0.06934 0.0752
0 0.60498 0.28223 0.07129 0.0625
0 0.81299 0.09863 0.09082 0.10156
0 0.87207 0.05176 0.07617 0.0957
0 0.91309 0.03027 0.0625 0.06055
0 0.79199 0.02393 0.05469 0.04785
0 0.83545 0.2085 0.13574 0.07324
0 0.75195 0.25928 0.07617 0.08887
0 0.91895 0.27441 0.05273 0.13086
0 0.97949 0.22461 0.04102 0.07227
0 0.98193 0.15723 0.03613 0.07617
0 0.9873 0.0791 0.02539 0.0918
0 0.85889 0.37939 0.06934 0.05176
0 0.91113 0.4209 0.05469 0.05469
0 0.85596 0.45557 0.07324 0.06543
0 0.71826 0.32031 0.09082 0.05469
0 0.67236 0.35352 0.08691 0.06641
0 0.67725 0.40771 0.08887 0.0498
0 0.59473 0.33154 0.05664 0.0498
0 0.56104 0.37256 0.09473 0.06543
0 0.60156 0.45166 0.1543 0.10645
0 0.74902 0.48926 0.07422 0.05273
0 0.45068 0.75439 0.08301 0.07129
0 0.30078 0.59961 0.06641 0.12305
0 0.6167 0.6001 0.08691 0.06543
0 0.74072 0.74902 0.12402 0.08594
0 0.81689 0.9458 0.12598 0.10449
0 0.70703 0.95654 0.0918 0.08691
0 0.52783 0.9292 0.10645 0.07324
0 0.28564 0.90332 0.09277 0.08789
0 0.21973 0.86084 0.07617 0.0791
0 0.13623 0.87305 0.10449 0.08398
0 0.0791 0.87646 0.05859 0.06543
0 0.07275 0.93701 0.13184 0.06738
0 0.08057 0.97949 0.09473 0.04102
0 0.05518 0.69336 0.06934 0.0625
0 0.02832 0.72852 0.05664 0.07227
0 0.98682 0.98193 0.02637 0.03613
