0 0.31006 0.91309 0.17285 0.16406
0 0.49365 0.92383 0.11621 0.15234
0 0.56201 0.84717 0.09863 0.08691
0 0.60645 0.27344 0.27539 0.08398
0 0.02637 0.23242 0.05273 0.10352
0 0.01855 0.0498 0.03711 0.09961
0 0.4043 0.72168 0.24609 0.15625
0 0.87158 0.72021 0.10254 0.07324
0 0.33984 0.62305 0.08789 0.09961
0 0.61572 0.63965 0.07324 0.08789
0 0.01074 0.81689 0.02148 0.0791
0 0.22607 0.62402 0.11035 0.07617
0 0.33252 0.31299 0.11816 0.12988
0 0.90674 0.42041 0.17871 0.08496
0 0.95264 0.9917 0.0791 0.0166
0 0.20898 0.18701 0.10547 0.09473
0 0.50684 0.97656 0.17383 0.04688
0 0.09766 0.98096 0.07422 0.03809
0 0.67432 0.77637 0.08887 0.10156
0 0.04541 0.47852 0.05566 0.06055
0 0.10693 0.5249 0.06738 0.04395
0 0.10107 0.62842 0.05566 0.06934
0 0.229 0.54102 0.08887 0.08789
0 0.38477 0.5415 0.06641 0.05957
0 0.43604 0.4917 0.07129 0.05957
0 0.39893 0.41211 0.11035 0.07422
0 0.49463 0.41357 0.09668 0.08105
0 0.30713 0.42285 0.05762 0.06445
0 0.04199 0.38672 0.04883 0.07031
0 0.11035 0.41162 0.08594 0.08105
0 0.15039 0.31299 0.10742 0.09277
0 0.08008 0.26123 0.05664 0.06348
0 0.08252 0.18262 0.1416 0.08203
0 0.33789 0.08643 0.08398 0.10645
0 0.23682 0.2417 0.09277 0.06152
0 0.88525 0.21143 0.10254 0.06543
0 0.73242 0.19287 0.12305 0.0752
0 0.58887 0.11328 0.09766 0.07031
0 0.74414 0.02637 0.17969 0.05273
0 0.74463 0.0874 0.20996 0.08301
0 0.97021 0.14844 0.05957 0.06641
0 0.84619 0.29639 0.18848 0.0752
0 0.9541 0.30664 0.0918 0.08984
0 0.5918 0.16357 0.0957 0.05762
0 0.21729 0.0918 0.0791 0.08789
0 0.78516 0.2998 0.12109 0.17578
