0 0.04883 0.29688 0.06445 0.05859
0 0.09766 0.34912 0.05664 0.04395
0 0.14648 0.34082 0.03711 0.04102
0 0.07227 0.01611 0.06055 0.03223
0 0.15137 0.03223 0.06641 0.05469
0 0.49414 0.02881 0.09766 0.05762
0 0.48975 0.08154 0.08301 0.06738
0 0.38428 0.16211 0.06738 0.05469
0 0.39502 0.24561 0.04785 0.06152
0 0.31348 0.32178 0.08203 0.05566
0 0.19922 0.37891 0.0625 0.04297
0 0.06982 0.50049 0.05176 0.05176
0 0.2373 0.49805 0.05859 0.06055
0 0.47949 0.3623 0.0918 0.05664
0 0.56592 0.30371 0.09082 0.06836
0 0.63477 0.3418 0.07812 0.0625
0 0.68164 0.1123 0.08203 0.07227
0 0.59766 0.03662 0.07422 0.05762
0 0.57422 0.10742 0.05469 0.05664
0 0.83447 0.03906 0.06152 0.05859
0 0.82666 0.08838 0.06348 0.04004
0 0.92139 0.09033 0.06348 0.05176
0 0.85303 0.16455 0.06543 0.06934
0 0.97119 0.16211 0.05762 0.06055
0 0.89893 0.31445 0.0752 0.05078
0 0.88623 0.37842 0.09473 0.05176
0 0.67578 0.42773 0.0918 0.05469
0 0.61865 0.45947 0.0752 0.0459
0 0.53809 0.44971 0.06055 0.04785
0 0.4375 0.54248 0.07227 0.06543
0 0.58594 0.55469 0.16406 0.05273
0 0.73584 0.56494 0.10645 0.05176
0 0.88232 0.53613 0.08105 0.07227
0 0.96289 0.44482 0.07422 0.05762
0 0.75684 0.48145 0.08203 0.05859
0 0.92285 0.5 0.08594 0.06445
0 0.85156 0.60693 0.08203 0.06348
0 0.96826 0.62158 0.06348 0.07129
0 0.38184 0.56934 0.05078 0.05859
0 0.31641 0.6582 0.05469 0.07031
0 0.42188 0.68945 0.04688 0.05078
0 0.37988 0.78369 0.0625 0.05762
0 0.4624 0.77393 0.06543 0.05957
0 0.646 0.75684 0.07324 0.06445
0 0.50586 0.65283 0.05859 0.0459
0 0.6582 0.62939 0.11914 0.07129
0 0.80664 0.66406 0.08789 0.05664
0 0.87549 0.69629 0.06543 0.05664
0 0.9502 0.72217 0.08984 0.06543
0 0.91211 0.80469 0.07227 0.06055
0 0.05811 0.57129 0.07129 0.05469
0 0.10156 0.90576 0.08203 0.09082
0 0.04199 0.80127 0.08398 0.07324
0 0.27148 0.95361 0.08008 0.09277
0 0.16211 0.97754 0.06055 0.04492
0 0.35498 0.89014 0.06152 0.05566
0 0.43994 0.94043 0.06934 0.06641
0 0.55713 0.96631 0.08691 0.06738
0 0.61133 0.91504 0.08398 0.06445
0 0.19238 0.66211 0.06445 0.07031
0 0.46338 0.69238 0.06348 0.06055
