0 0.0293 0.87158 0.05859 0.05371
0 0.15674 0.95117 0.08691 0.06836
0 0.09619 0.97998 0.07324 0.04004
0 0.26221 0.92529 0.06934 0.0752
0 0.31543 0.96777 0.05469 0.05273
0 0.41016 0.88232 0.06445 0.09082
0 0.54053 0.97559 0.0752 0.04883
0 0.51611 0.81152 0.10254 0.11133
0 0.73633 0.90088 0.08984 0.08887
0 0.28418 0.79346 0.05078 0.11816
0 0.19775 0.71924 0.05957 0.05371
0 0.11816 0.7583 0.06445 0.09863
0 0.04395 0.35352 0.08789 0.11328
0 0.146 0.49463 0.07715 0.07715
0 0.25781 0.46045 0.0625 0.05957
0 0.2002 0.39014 0.07227 0.09473
0 0.2876 0.60205 0.06934 0.08105
0 0.24023 0.56494 0.07617 0.07715
0 0.42969 0.6167 0.08594 0.05371
0 0.41797 0.31299 0.07227 0.12402
0 0.45996 0.22803 0.05664 0.12793
0 0.36963 0.29102 0.05371 0.08984
0 0.58105 0.18555 0.0957 0.07031
0 0.65234 0.25977 0.07227 0.05664
0 0.54199 0.4082 0.05859 0.07422
0 0.72949 0.48633 0.09961 0.08594
0 0.74316 0.33447 0.14648 0.12012
0 0.95801 0.34473 0.08398 0.12109
0 0.96826 0.61279 0.06348 0.05566
0 0.97559 0.51709 0.04883 0.07715
0 0.80664 0.69385 0.05273 0.06152
0 0.7373 0.74512 0.13281 0.09766
0 0.86182 0.89355 0.08887 0.0918
0 0.9458 0.91113 0.0752 0.08789
0 0.86426 0.97754 0.12109 0.04492
0 0.32764 0.05615 0.09277 0.06152
0 0.44238 0.10498 0.07227 0.07129
0 0.51807 0.04443 0.06738 0.06543
0 0.80615 0.06836 0.05762 0.10938
0 0.88623 0.2002 0.08105 0.07617
0 0.87109 0.0459 0.07031 0.08008
0 0.14404 0.2124 0.0752 0.06348
0 0.03223 0.04932 0.06445 0.07715
0 0.62744 0.90771 0.06738 0.07324
0 0.88623 0.45312 0.08691 0.0918
0 0.06152 0.09375 0.08008 0.09375
0 0.13818 0.04248 0.04199 0.04199
0 0.19385 0.18311 0.03809 0.04395
0 0.69873 0.6499 0.06738 0.06152
0 0.79736 0.71289 0.1377 0.08008
0 0.67285 0.77344 0.07422 0.06641
0 0.52148 0.38037 0.03906 0.03613
0 0.56885 0.48145 0.04004 0.03906
0 0.51904 0.5083 0.03809 0.0459
0 0.28711 0.49268 0.08203 0.04199
0 0.01709 0.57617 0.03418 0.08203
0 0.81836 0.47949 0.09375 0.04297
0 0.83789 0.40039 0.07422 0.06641
0 0.66699 0.11572 0.08789 0.05371
0 0.9502 0.58984 0.06445 0.07031
0 0.00977 0.97998 0.01953 0.04004
0 0.00977 0.91064 0.01953 0.04395
0 0.36768 0.98584 0.06348 0.02832
