0 0.2168 0.03711 0.11523 0.05664
0 0.26562 0.12061 0.08203 0.05762
0 0.43408 0.06006 0.13184 0.09082
0 0.40039 0.19922 0.08594 0.0918
0 0.19385 0.28516 0.1377 0.10156
0 0.10742 0.42773 0.11133 0.125
0 0.01904 0.37256 0.03809 0.08496
0 0.0708 0.52832 0.06934 0.08008
0 0.26221 0.47998 0.14355 0.09277
0 0.37354 0.40137 0.09082 0.14258
0 0.56006 0.30615 0.11621 0.08691
0 0.5752 0.17285 0.09375 0.11914
0 0.74951 0.21875 0.11426 0.11523
0 0.71533 0.0542 0.05957 0.06738
0 0.56104 0.4209 0.08105 0.08398
0 0.47119 0.48389 0.05762 0.06934
0 0.51367 0.59375 0.08594 0.0957
0 0.2334 0.60645 0.10938 0.11719
0 0.03418 0.70264 0.06836 0.10254
0 0.22705 0.80859 0.08691 0.10938
0 0.27344 0.73047 0.07031 0.08398
0 0.45752 0.76172 0.08496 0.12109
0 0.6792 0.81396 0.0791 0.08301
0 0.7793 0.56104 0.06836 0.09668
0 0.83984 0.45068 0.10352 0.0791
0 0.04492 0.95361 0.08984 0.09277
0 0.41309 0.95361 0.10352 0.09277
0 0.66455 0.98828 0.09277 0.02344
0 0.84766 0.79492 0.0957 0.10547
0 0.90234 0.59375 0.08984 0.08008
0 0.98633 0.6543 0.02734 0.08594
0 0.9668 0.83594 0.06641 0.10352
0 0.96777 0.97656 0.06445 0.04688
0 0.96924 0.26318 0.06152 0.12402
0 0.90186 0.15967 0.16113 0.10059
0 0.59766 0.69141 0.06836 0.06641
