0 0.0542 0.46875 0.05957 0.11719
0 0.46094 0.80469 0.05859 0.0957
0 0.53564 0.19092 0.05371 0.09473
0 0.92285 0.521 0.05664 0.1123
0 0.55225 0.82324 0.07324 0.10156
0 0.49219 0.91113 0.08594 0.09961
0 0.64844 0.18555 0.0625 0.09766
0 0.69971 0.36719 0.0752 0.08789
0 0.96875 0.45508 0.05859 0.07617
0 0.22363 0.5625 0.05664 0.07617
0 0.10254 0.81299 0.08008 0.0752
0 0.17676 0.44092 0.04297 0.09277
0 0.81299 0.68555 0.04785 0.08594
0 0.88184 0.9541 0.05078 0.08008
0 0.49951 0.17969 0.05371 0.11523
0 0.35303 0.19189 0.06348 0.12012
0 0.51611 0.83496 0.0498 0.09961
0 0.12158 0.03955 0.0752 0.07715
0 0.28369 0.16455 0.02441 0.10645
0 0.22217 0.24316 0.04395 0.11328
0 0.42773 0.50244 0.03516 0.10254
0 0.70068 0.17041 0.08496 0.15332
0 0.30322 0.92725 0.06934 0.05762
0 0.03711 0.76074 0.06641 0.14648
0 0.24609 0.9624 0.13672 0.0752
0 0.25537 0.7749 0.0459 0.08887
0 0.75098 0.81201 0.03906 0.08887
0 0.50293 0.25684 0.09961 0.06836
0 0.37061 0.40381 0.10254 0.13574
0 0.81348 0.50488 0.04102 0.09961
0 0.82178 0.30811 0.03613 0.13965
0 0.3916 0.51416 0.06055 0.06934
0 0.76611 0.63281 0.0459 0.14062
0 0.5957 0.75244 0.07031 0.07715
0 0.77197 0.90527 0.04395 0.08008
0 0.55127 0.1377 0.02441 0.09961
0 0.73047 0.55225 0.02539 0.08691
0 0.42578 0.42969 0.09766 0.13672
0 0.31543 0.10498 0.07227 0.14355
0 0.25391 0.86572 0.06836 0.06543
0 0.28809 0.69092 0.06055 0.09668
0 0.65625 0.12354 0.04688 0.08301
0 0.43115 0.66699 0.11816 0.07031
0 0.70264 0.27197 0.05176 0.18848
0 0.12207 0.16895 0.05469 0.0957
0 0.60107 0.81201 0.05566 0.09277
0 0.67969 0.81104 0.04688 0.0752
0 0.44629 0.97705 0.04297 0.0459
0 0.02441 0.17725 0.04883 0.12402
0 0.86621 0.01904 0.04883 0.03809
0 0.33936 0.79004 0.07715 0.14453
0 0.98584 0.56152 0.02832 0.09961
0 0.97803 0.15625 0.04395 0.08984
0 0.59375 0.04883 0.03125 0.07227
0 0.97949 0.24268 0.04102 0.05957
0 0.1167 0.12549 0.07715 0.12598
0 0.64209 0.43799 0.05762 0.14551
0 0.98242 0.79688 0.03516 0.12109
0 0.27686 0.83447 0.06348 0.06152
0 0.66016 0.43262 0.11914 0.13672
0 0.62012 0.4707 0.08398 0.08594
0 0.65723 0.01709 0.03906 0.03418
0 0.8457 0.5835 0.06055 0.06348
0 0.48242 0.48389 0.03516 0.06543
0 0.69678 0.0791 0.03223 0.07617
0 0.94385 0.87695 0.0498 0.04297
0 0.01514 0.26465 0.03027 0.04297
0 0.72949 0.01807 0.02539 0.03418
0 0.19189 0.92529 0.04395 0.14355
0 0.36816 0.44092 0.02734 0.09668
0 0.125 0.93848 0.05469 0.03906
0 0.82422 0.24951 0.07227 0.04395
0 0.7085 0.05957 0.08496 0.11719
0 0.04883 0.14795 0.08789 0.07715
0 0.59375 0.92773 0.09766 0.08594
