0 0.22461 0.42334 0.10156 0.06152
0 0.07178 0.43066 0.09473 0.08398
0 0.71973 0.4502 0.09961 0.06445
0 0.04932 0.7251 0.09863 0.05371
0 0.11816 0.34766 0.10156 0.08008
0 0.0459 0.47266 0.0918 0.05469
0 0.97705 0.14893 0.0459 0.05566
0 0.48877 0.79736 0.1123 0.07129
0 0.73584 0.11084 0.09863 0.10254
0 0.93896 0.45264 0.11816 0.0459
0 0.91943 0.97168 0.08301 0.05078
0 0.95459 0.0415 0.09082 0.08105
0 0.68994 0.38672 0.14941 0.07617
0 0.94385 0.59229 0.10645 0.05566
0 0.5127 0.43018 0.16406 0.0498
0 0.19287 0.78857 0.18457 0.07715
0 0.79053 0.8833 0.12793 0.0498
0 0.61865 0.10791 0.12988 0.0752
0 0.72021 0.5918 0.1123 0.07617
0 0.22363 0.0542 0.14648 0.09082
0 0.39258 0.56299 0.11328 0.03613
0 0.81982 0.85156 0.06934 0.05078
0 0.78857 0.95801 0.10254 0.07031
0 0.12256 0.08691 0.16699 0.09766
0 0.50586 0.7251 0.1543 0.10254
0 0.65332 0.03857 0.07031 0.05762
0 0.73193 0.19678 0.14551 0.09668
0 0.27734 0.35107 0.08984 0.0498
0 0.65283 0.94971 0.08301 0.03027
0 0.53223 0.58838 0.125 0.04004
0 0.06299 0.64844 0.12598 0.04297
0 0.81592 0.1665 0.11426 0.02637
0 0.33496 0.4165 0.15625 0.07324
0 0.4541 0.52588 0.15625 0.02832
0 0.47803 0.83594 0.12012 0.05469
0 0.66406 0.64746 0.12891 0.0332
0 0.52637 0.92285 0.13281 0.0332
0 0.84229 0.35547 0.17871 0.03711
0 0.8667 0.53369 0.15332 0.05176
0 0.74463 0.97559 0.10254 0.04883
0 0.89502 0.75244 0.10059 0.0752
0 0.14844 0.20166 0.15039 0.0498
0 0.31396 0.60938 0.16699 0.04297
0 0.30273 0.90088 0.15625 0.0459
0 0.24072 0.17676 0.06738 0.03516
0 0.95459 0.75977 0.08887 0.0293
0 0.78223 0.79688 0.14648 0.03125
0 0.97363 0.62598 0.05273 0.03711
0 0.06982 0.13672 0.13965 0.03516
0 0.44092 0.81348 0.11426 0.04102
0 0.70215 0.23828 0.16406 0.03906
0 0.04541 0.17676 0.08887 0.06641
0 0.04053 0.21875 0.0791 0.02734
0 0.95459 0.84521 0.09082 0.03418
0 0.8623 0.82031 0.08008 0.05078
0 0.73486 0.0249 0.06348 0.0166
0 0.35352 0.05029 0.12695 0.03223
0 0.09229 0.56445 0.18066 0.04102
0 0.41211 0.24854 0.19727 0.05957
0 0.17773 0.25879 0.1543 0.04492
0 0.79883 0.10889 0.08594 0.09277
0 0.94434 0.56982 0.10938 0.03809
0 0.8584 0.32275 0.07812 0.03223
0 0.32227 0.37891 0.12695 0.0332
0 0.34229 0.30322 0.17676 0.04004
0 0.19238 0.19043 0.14453 0.06641
0 0.39014 0.22412 0.1416 0.07324
0 0.46582 0.2373 0.20898 0.08008
0 0.53076 0.96631 0.12793 0.06738
0 0.06787 0.53516 0.13574 0.03516
0 0.0293 0.76855 0.05859 0.03711
0 0.25293 0.01221 0.12695 0.02441
