0 0.01172 0.10352 0.02344 0.06641
0 0.13818 0.24707 0.08301 0.08789
0 0.20508 0.18164 0.17578 0.0918
0 0.23047 0.60791 0.11523 0.16113
0 0.18262 0.72803 0.0918 0.11816
0 0.13428 0.91406 0.06934 0.07031
0 0.05762 0.97607 0.11523 0.04785
0 0.66113 0.98047 0.22656 0.03906
0 0.77832 0.93506 0.11133 0.05176
0 0.35156 0.90088 0.10156 0.09668
0 0.42676 0.82568 0.16797 0.08887
0 0.58984 0.85156 0.125 0.07617
0 0.51855 0.7334 0.08789 0.06445
0 0.74463 0.68896 0.1123 0.05371
0 0.70312 0.61328 0.11523 0.125
0 0.94531 0.6709 0.09375 0.07031
0 0.89551 0.771 0.16406 0.0791
0 0.93506 0.90771 0.12988 0.1084
0 0.65625 0.51904 0.09961 0.05566
0 0.45996 0.60742 0.10352 0.08398
0 0.44336 0.53564 0.18164 0.09082
0 0.62549 0.31348 0.09082 0.09961
0 0.73047 0.29541 0.0957 0.08105
0 0.65234 0.18213 0.11719 0.05371
0 0.92041 0.15723 0.09082 0.07617
0 0.44141 0.14014 0.14844 0.06934
0 0.49609 0.06787 0.19531 0.0752
0 0.30811 0.06689 0.10059 0.1123
0 0.84766 0.06738 0.08984 0.06055
0 0.73926 0.02881 0.05859 0.05762
0 0.44971 0.26318 0.08691 0.08887
