0 0.38428 0.98633 0.11816 0.02734
0 0.17627 0.9585 0.06934 0.05371
0 0.09668 0.9165 0.08789 0.06934
0 0.52539 0.87939 0.0625 0.08691
0 0.44971 0.84229 0.05566 0.05957
0 0.73047 0.86865 0.13867 0.06152
0 0.83105 0.81885 0.11328 0.05957
0 0.84326 0.69922 0.17676 0.10547
0 0.75391 0.77344 0.06055 0.08008
0 0.2959 0.78662 0.0918 0.08301
0 0.36084 0.70605 0.05957 0.09766
0 0.14844 0.55078 0.10352 0.07422
0 0.0249 0.56006 0.0498 0.08301
0 0.19434 0.6499 0.09375 0.07715
0 0.07471 0.75 0.1123 0.10938
0 0.31934 0.6167 0.05859 0.07129
0 0.40771 0.62939 0.05566 0.05957
0 0.48877 0.57764 0.1123 0.05566
0 0.73975 0.55664 0.18066 0.07031
0 0.38916 0.45508 0.06934 0.06055
0 0.45215 0.48096 0.11328 0.05762
0 0.36035 0.52539 0.06055 0.05273
0 0.23389 0.45215 0.08496 0.07031
0 0.12207 0.41553 0.06836 0.0791
0 0.14697 0.33887 0.07715 0.08984
0 0.23877 0.33789 0.07324 0.125
0 0.68262 0.34521 0.08398 0.1084
0 0.66406 0.4834 0.07031 0.06836
0 0.83838 0.45752 0.12012 0.1123
0 0.09277 0.17725 0.09766 0.13379
0 0.26611 0.1123 0.10059 0.15234
0 0.39795 0.15186 0.10254 0.20801
0 0.48877 0.15967 0.10449 0.16113
0 0.52637 0.29688 0.07227 0.09766
0 0.61328 0.26221 0.08594 0.14746
0 0.6875 0.23242 0.07422 0.11523
0 0.70264 0.06494 0.07715 0.12793
0 0.83643 0.15332 0.10449 0.16602
0 0.94336 0.125 0.11328 0.16406
0 0.9668 0.29688 0.06055 0.08984
0 0.95801 0.43896 0.08398 0.05371
0 0.93896 0.61377 0.07324 0.06348
0 0.91113 0.51416 0.07422 0.07129
0 0.58594 0.64258 0.07227 0.05273
0 0.24414 0.56689 0.0625 0.06543
0 0.43506 0.89258 0.05762 0.04883
0 0.63721 0.83447 0.05371 0.05176
0 0.64648 0.88525 0.04297 0.05957
0 0.41016 0.53369 0.08203 0.05762
0 0.40576 0.40674 0.08301 0.05957
0 0.44922 0.34766 0.07422 0.06055
0 0.11279 0.70264 0.06152 0.08496
0 0.71973 0.41309 0.04883 0.0625
0 0.84619 0.5625 0.06543 0.03711
0 0.87256 0.98779 0.10059 0.02441
0 0.99121 0.88184 0.01758 0.0625
