0 0.16309 0.33789 0.08398 0.05859
0 0.08984 0.39502 0.05664 0.06738
0 0.18115 0.39453 0.1123 0.07227
0 0.22363 0.45752 0.0918 0.05176
0 0.23291 0.20996 0.08887 0.09961
0 0.07275 0.12744 0.08496 0.06738
0 0.13379 0.08936 0.08398 0.07129
0 0.23877 0.0791 0.09668 0.0625
0 0.07422 0.70996 0.06836 0.0918
0 0.21631 0.67676 0.08691 0.125
0 0.20801 0.83545 0.07617 0.13184
0 0.21338 0.9502 0.06543 0.0957
0 0.14893 0.8457 0.0752 0.04883
0 0.4209 0.79199 0.08594 0.07617
0 0.60693 0.89355 0.0498 0.05273
0 0.75195 0.86475 0.08594 0.06934
0 0.68408 0.93994 0.0752 0.09082
0 0.93359 0.90771 0.09375 0.11035
0 0.95605 0.7832 0.06055 0.08008
0 0.9668 0.67529 0.06641 0.08691
0 0.96582 0.32666 0.06836 0.11035
0 0.88477 0.28369 0.12109 0.08887
0 0.01318 0.89648 0.02637 0.06445
0 0.06152 0.98193 0.06445 0.03613
0 0.32617 0.91455 0.08789 0.09863
0 0.33594 0.79395 0.05859 0.07617
0 0.96143 0.15576 0.07715 0.10645
0 0.81738 0.05518 0.11719 0.11035
0 0.01367 0.02637 0.02734 0.05273
0 0.14746 0.55322 0.06836 0.0752
0 0.54346 0.50146 0.0459 0.06348
0 0.80908 0.67969 0.06738 0.05469
0 0.79688 0.39795 0.06055 0.04395
