0 0.04443 0.44922 0.08887 0.07812
0 0.07617 0.29785 0.05664 0.07422
0 0.19824 0.32471 0.06836 0.10254
0 0.26172 0.39551 0.08984 0.0918
0 0.19189 0.42139 0.08887 0.05957
0 0.20801 0.52246 0.07812 0.04883
0 0.20264 0.47266 0.09277 0.07227
0 0.23682 0.5752 0.10449 0.07422
0 0.31836 0.46973 0.08594 0.0918
0 0.34521 0.53369 0.07715 0.05762
0 0.41211 0.4082 0.10156 0.12891
0 0.3877 0.26855 0.09766 0.14453
0 0.48242 0.30127 0.06836 0.08496
0 0.271 0.14355 0.09473 0.08008
0 0.14648 0.13574 0.07422 0.06836
0 0.49658 0.07666 0.08691 0.08691
0 0.021 0.03076 0.04199 0.06152
0 0.11084 0.04443 0.06934 0.05957
0 0.16455 0.03662 0.07129 0.07129
0 0.65234 0.14062 0.08203 0.08594
0 0.56934 0.08936 0.07227 0.08301
0 0.81348 0.05371 0.12891 0.07617
0 0.9126 0.08496 0.08105 0.08203
0 0.84814 0.11816 0.09668 0.05664
0 0.86914 0.15625 0.08398 0.05859
0 0.98242 0.31787 0.03516 0.07324
0 0.49805 0.42578 0.0625 0.06641
0 0.56738 0.43213 0.08008 0.06738
0 0.52197 0.48828 0.07324 0.08203
0 0.67334 0.51514 0.11035 0.05762
0 0.67041 0.56299 0.1123 0.05176
0 0.65918 0.62744 0.06055 0.05176
0 0.86816 0.54834 0.07031 0.07324
0 0.86768 0.60254 0.07129 0.06836
0 0.86816 0.46289 0.10352 0.08789
0 0.96289 0.875 0.07031 0.06445
0 0.78857 0.85693 0.0752 0.07324
0 0.29932 0.8335 0.0752 0.07129
0 0.53369 0.85889 0.06543 0.06738
0 0.77881 0.96338 0.08887 0.06738
0 0.72363 0.979 0.12695 0.04199
0 0.61377 0.97559 0.11621 0.04883
0 0.63672 0.90869 0.08008 0.09473
0 0.31543 0.98047 0.07617 0.03906
0 0.31104 0.90967 0.0791 0.0791
0 0.49414 0.79834 0.06641 0.06934
0 0.56689 0.01953 0.08496 0.03906
0 0.3916 0.31787 0.07227 0.04785
0 0.05371 0.02393 0.04297 0.04785
0 0.19434 0.03223 0.05664 0.06445
0 0.27246 0.01562 0.06055 0.03125
0 0.3374 0.01318 0.05371 0.02637
0 0.62988 0.0874 0.05664 0.05566
0 0.98779 0.04883 0.02441 0.05469
0 0.63477 0.88818 0.10352 0.06152
0 0.98438 0.47119 0.03125 0.06738
