0 0.20947 0.37305 0.0459 0.0957
0 0.61377 0.95215 0.08691 0.08984
0 0.6499 0.61279 0.05371 0.09863
0 0.32422 0.57666 0.12695 0.09863
0 0.9624 0.14307 0.04004 0.12988
0 0.74023 0.68506 0.05664 0.08301
0 0.14209 0.25732 0.04785 0.15918
0 0.67334 0.78613 0.03027 0.06641
0 0.0293 0.34717 0.05859 0.09082
0 0.86865 0.54785 0.06738 0.05664
0 0.62646 0.26025 0.05371 0.13379
0 0.08398 0.05957 0.0625 0.08203
0 0.71143 0.69385 0.03809 0.09473
0 0.81543 0.66748 0.03516 0.08496
0 0.67969 0.97266 0.0625 0.05469
0 0.45508 0.52246 0.10547 0.05859
0 0.57715 0.27881 0.10547 0.09668
0 0.32666 0.61572 0.09473 0.09082
0 0.21011 0.33164 0.08232 0.13398
0 0.77539 0.32959 0.0332 0.13574
0 0.60742 0.34131 0.10742 0.03613
0 0.00586 0.05615 0.01172 0.02441
0 0.88965 0.98242 0.07422 0.03516
0 0.77637 0.67676 0.05469 0.05664
0 0.54834 0.03564 0.04199 0.07129
0 0.77148 0.61572 0.04492 0.08301
0 0.68311 0.04297 0.05762 0.06836
0 0.98242 0.98096 0.0293 0.03809
0 0.59277 0.40381 0.02734 0.09082
0 0.72412 0.30615 0.04199 0.05566
0 0.75977 0.6167 0.03125 0.09277
0 0.8291 0.01562 0.0293 0.0293
0 0.69189 0.11719 0.03027 0.06641
0 0.62354 0.3916 0.0498 0.07422
0 0.69482 0.39062 0.06348 0.04102
0 0.28809 0.97705 0.02539 0.0459
0 0.67822 0.28369 0.0752 0.0752
0 0.16162 0.98047 0.04199 0.03906
0 0.56104 0.49316 0.05371 0.04297
0 0.98975 0.48242 0.02051 0.05078
0 0.46826 0.38525 0.17285 0.08496
0 0.49561 0.26318 0.05371 0.10254
0 0.27783 0.98633 0.07715 0.02734
