0 0.93213 0.18799 0.08105 0.10059
0 0.07471 0.24951 0.08887 0.05957
0 0.31543 0.77246 0.07422 0.06836
0 0.94629 0.25586 0.10156 0.05859
0 0.92139 0.58691 0.11816 0.0918
0 0.28711 0.8335 0.11523 0.05957
0 0.69482 0.22803 0.08887 0.06738
0 0.33936 0.19775 0.06934 0.05957
0 0.49072 0.04688 0.08691 0.04688
0 0.83984 0.17627 0.10742 0.05957
0 0.50049 0.72803 0.05371 0.06738
0 0.14697 0.05273 0.10449 0.04492
0 0.0752 0.6748 0.08008 0.0332
0 0.30225 0.41309 0.13184 0.05273
0 0.36816 0.60205 0.0918 0.04785
0 0.73828 0.87793 0.12891 0.05273
0 0.14258 0.24756 0.11719 0.04785
0 0.63281 0.20508 0.08789 0.07227
0 0.0708 0.58105 0.09473 0.03516
0 0.07227 0.63916 0.09766 0.03613
0 0.87158 0.59326 0.06738 0.06152
0 0.23291 0.55859 0.0459 0.05859
0 0.60107 0.08594 0.06934 0.0293
0 0.59668 0.64844 0.05664 0.0293
0 0.34521 0.08545 0.05762 0.04395
0 0.98389 0.69189 0.03223 0.06152
0 0.68066 0.26758 0.07422 0.08984
0 0.29199 0.01172 0.10547 0.02344
0 0.21143 0.29004 0.12793 0.0332
0 0.81348 0.39746 0.0625 0.03906
0 0.64531 0.69307 0.10176 0.04473
0 0.88184 0.90234 0.18164 0.04492
0 0.82715 0.33594 0.11133 0.05859
0 0.0083 0.74902 0.0166 0.02344
0 0.38867 0.34473 0.02344 0.06445
0 0.20557 0.80176 0.10059 0.03906
0 0.25635 0.60742 0.07129 0.02344
0 0.53711 0.7124 0.05469 0.02832
0 0.55762 0.93262 0.13672 0.03906
0 0.74268 0.64355 0.02832 0.05859
0 0.41455 0.33691 0.08105 0.04297
0 0.4375 0.26514 0.07812 0.05371
0 0.46582 0.12451 0.07617 0.03223
0 0.36768 0.03955 0.06934 0.03223
0 0.04395 0.60596 0.08398 0.03027
0 0.97168 0.03564 0.05469 0.03613
0 0.22412 0.32324 0.0459 0.03711
0 0.80127 0.54004 0.06543 0.01953
0 0.80615 0.68701 0.06348 0.03809
0 0.90234 0.72168 0.04297 0.01953
0 0.18896 0.52344 0.05566 0.05273
0 0.43066 0.66455 0.09375 0.02832
0 0.17041 0.82373 0.04004 0.04785
0 0.89795 0.05225 0.09473 0.0498
0 0.02295 0.54199 0.0459 0.0293
0 0.97363 0.97266 0.04883 0.03711
0 0.67168 0.63545 0.08691 0.03711
0 0.73242 0.73877 0.06055 0.04395
0 0.3623 0.65967 0.08594 0.0459
0 0.88037 0.98145 0.07129 0.0332
0 0.50244 0.30322 0.15332 0.06152
0 0.6084 0.62744 0.04102 0.02637
0 0.42676 0.50244 0.04883 0.03223
0 0.47705 0.54688 0.05371 0.04492
0 0.02148 0.4165 0.04297 0.04004
