0 0.09863 0.15625 0.09766 0.09375
0 0.2793 0.09814 0.11328 0.0752
0 0.47705 0.17383 0.08301 0.11719
0 0.49268 0.25439 0.07129 0.06348
0 0.35449 0.2417 0.125 0.06543
0 0.22119 0.28125 0.12012 0.10156
0 0.4585 0.05225 0.06738 0.08691
0 0.66455 0.26514 0.06543 0.06152
0 0.21729 0.43604 0.07715 0.09277
0 0.01318 0.38721 0.02637 0.06348
0 0.02393 0.84912 0.04785 0.07715
0 0.10059 0.70264 0.06055 0.0752
0 0.42725 0.82617 0.0791 0.08398
0 0.33496 0.82666 0.05664 0.07715
0 0.25732 0.82861 0.05762 0.06543
0 0.33984 0.67725 0.0918 0.07129
0 0.24561 0.68896 0.06543 0.06738
0 0.20996 0.97559 0.07422 0.04883
0 0.28906 0.99316 0.07812 0.01367
0 0.56787 0.75537 0.08301 0.07324
0 0.56787 0.8418 0.09473 0.07031
0 0.69873 0.79443 0.11035 0.06738
0 0.67529 0.72119 0.08301 0.06543
0 0.86084 0.79004 0.08496 0.07227
0 0.70703 0.88916 0.07227 0.05957
0 0.61768 0.95898 0.06348 0.07227
0 0.71289 0.99316 0.0918 0.01367
0 0.90283 0.89893 0.05566 0.06348
0 0.98535 0.84961 0.0293 0.11914
0 0.89453 0.19092 0.14453 0.05957
0 0.86084 0.14062 0.07715 0.03711
0 0.79834 0.02197 0.05176 0.04004
0 0.71436 0.08643 0.06152 0.07715
0 0.4751 0.89014 0.06348 0.07324
