0 0.5249 0.28174 0.08496 0.09473
0 0.25684 0.2207 0.16602 0.14062
0 0.38672 0.4248 0.09961 0.06445
0 0.34277 0.20605 0.09375 0.09766
0 0.97998 0.40186 0.04004 0.10059
0 0.46289 0.66504 0.0918 0.0918
0 0.89893 0.01221 0.10059 0.02441
0 0.33984 0.08105 0.04688 0.09375
0 0.92773 0.77441 0.14453 0.0918
0 0.3125 0.08008 0.06055 0.07812
0 0.60596 0.03711 0.12012 0.07422
0 0.17334 0.27344 0.12988 0.11328
0 0.89746 0.94531 0.11523 0.10938
0 0.27979 0.92188 0.1709 0.10938
0 0.91357 0.0791 0.11035 0.07422
0 0.98047 0.81348 0.03906 0.07031
0 0.81445 0.95215 0.06836 0.08789
0 0.18701 0.57812 0.14551 0.11523
0 0.229 0.50342 0.1748 0.10254
0 0.30078 0.44824 0.13086 0.05078
0 0.28174 0.39844 0.09277 0.06836
0 0.34082 0.33887 0.08203 0.07031
0 0.28662 0.34131 0.06543 0.0498
0 0.66162 0.25244 0.06738 0.0791
0 0.58594 0.25049 0.07812 0.09082
0 0.41162 0.12988 0.07129 0.06641
0 0.37695 0.05762 0.04492 0.07617
