0 0.51416 0.14746 0.0791 0.06055
0 0.27197 0.22168 0.04004 0.07617
0 0.59424 0.85693 0.04004 0.1084
0 0.05176 0.11572 0.02539 0.10645
0 0.5625 0.55859 0.07227 0.11328
0 0.29736 0.81494 0.04199 0.1084
0 0.82275 0.23779 0.04199 0.10254
0 0.41309 0.91064 0.03711 0.07324
0 0.01318 0.12207 0.02637 0.05078
0 0.3418 0.8667 0.03906 0.08105
0 0.13818 0.6167 0.08301 0.08887
0 0.97998 0.2749 0.03613 0.10254
0 0.53613 0.93945 0.11328 0.03711
0 0.44287 0.13135 0.05957 0.10645
0 0.83057 0.24414 0.03613 0.10352
0 0.71387 0.95557 0.04688 0.06348
0 0.89453 0.02686 0.0332 0.05176
0 0.31104 0.65234 0.05762 0.04102
0 0.20117 0.37256 0.0332 0.06152
0 0.19678 0.23193 0.0459 0.05957
0 0.71387 0.0791 0.0332 0.07031
0 0.72754 0.29883 0.02734 0.05469
0 0.09863 0.29443 0.17969 0.09473
0 0.06738 0.8877 0.04492 0.06445
0 0.49902 0.03174 0.02539 0.06348
0 0.38281 0.33057 0.03906 0.05176
0 0.96631 0.9668 0.04395 0.0625
0 0.75049 0.33643 0.04004 0.05762
0 0.87939 0.9082 0.04199 0.07031
0 0.2666 0.14209 0.05859 0.04004
0 0.27393 0.54102 0.07715 0.06055
0 0.75635 0.73242 0.10059 0.0918
0 0.72461 0.58838 0.05078 0.07129
0 0.25244 0.01221 0.04395 0.02441
0 0.41895 0.73828 0.04102 0.05273
0 0.57861 0.39258 0.04395 0.05469
0 0.29102 0.24707 0.03125 0.0625
0 0.79492 0.51758 0.03711 0.06641
0 0.70117 0.5498 0.08984 0.05078
0 0.97705 0.0459 0.0459 0.06641
0 0.21436 0.55615 0.02637 0.06738
0 0.61768 0.01465 0.03027 0.0293
0 0.76465 0.2373 0.03906 0.0918
0 0.04688 0.01562 0.03906 0.03125
0 0.55811 0.01465 0.03223 0.0293
0 0.40674 0.0166 0.02832 0.0332
0 0.16699 0.08057 0.04688 0.06152
0 0.57959 0.33057 0.02637 0.06934
0 0.42285 0.60107 0.04492 0.05566
0 0.86816 0.21777 0.05273 0.09961
0 0.34082 0.73633 0.03711 0.06055
0 0.55078 0.84033 0.04102 0.08691
0 0.47412 0.36279 0.0459 0.0459
0 0.16846 0.52637 0.04785 0.06445
0 0.94775 0.88867 0.05566 0.05469
0 0.00928 0.01318 0.01855 0.02637
0 0.90088 0.49854 0.04785 0.02832
0 0.07373 0.70264 0.13184 0.06738
0 0.23096 0.48926 0.10449 0.0918
0 0.45264 0.28369 0.04004 0.04004
0 0.00732 0.6748 0.01465 0.03516
0 0.34619 0.3208 0.02637 0.06738
0 0.76953 0.39307 0.04883 0.04395
0 0.56396 0.33203 0.02246 0.07031
0 0.34521 0.35986 0.02832 0.06543
0 0.74707 0.67773 0.04102 0.0625
0 0.31641 0.68457 0.04883 0.05273
0 0.13818 0.61035 0.05957 0.05078
0 0.45508 0.33203 0.05469 0.05273
0 0.46973 0.40527 0.02734 0.03125
0 0.06641 0.00537 0.02148 0.01074
0 0.0249 0.03613 0.0498 0.03125
0 0.73096 0.18799 0.04395 0.06348
0 0.92236 0.97217 0.03027 0.03613
0 0.94141 0.91846 0.04883 0.05566
0 0.9834 0.89893 0.0332 0.06543
0 0.22998 0.74414 0.04199 0.03516
0 0.42285 0.06543 0.08008 0.04688
0 0.55127 0.96777 0.08301 0.05469
0 0.44678 0.98047 0.06738 0.03906
0 0.0376 0.9834 0.05957 0.0332
0 0.01855 0.61035 0.03711 0.03711
