0 0.22559 0.3335 0.09766 0.08301
0 0.13086 0.14062 0.0918 0.07812
0 0.01611 0.61816 0.03223 0.08789
0 0.27197 0.4585 0.0498 0.06738
0 0.05029 0.2793 0.07129 0.06836
0 0.92676 0.36035 0.07812 0.06055
0 0.12256 0.56885 0.07324 0.08496
0 0.37842 0.65186 0.11816 0.14551
0 0.05176 0.38574 0.08008 0.06836
0 0.20312 0.56201 0.07227 0.06934
0 0.02344 0.76221 0.04688 0.0752
0 0.31348 0.79688 0.12305 0.15039
0 0.16846 0.8833 0.06738 0.09277
0 0.27441 0.93799 0.08008 0.09277
0 0.08545 0.79883 0.10449 0.0957
0 0.03271 0.46631 0.06543 0.06543
0 0.37451 0.54443 0.0752 0.05957
0 0.03857 0.9458 0.07715 0.08301
0 0.43701 0.93945 0.11035 0.10938
0 0.31348 0.4082 0.09766 0.04297
0 0.34424 0.4624 0.08496 0.0752
0 0.97607 0.12988 0.04785 0.06445
0 0.18018 0.17871 0.08105 0.04883
0 0.09668 0.65234 0.07617 0.07227
0 0.15186 0.51172 0.05762 0.06445
0 0.0249 0.30859 0.0498 0.07227
