0 0.04492 0.39893 0.08984 0.11035
0 0.21045 0.33643 0.15723 0.09863
0 0.19482 0.19678 0.11426 0.10645
0 0.45459 0.0874 0.13379 0.10059
0 0.64844 0.2334 0.16211 0.12109
0 0.65576 0.16748 0.16895 0.12598
0 0.03564 0.17188 0.07129 0.09375
0 0.18018 0.83789 0.08887 0.0957
0 0.38574 0.75 0.11328 0.09961
0 0.63672 0.50977 0.10156 0.15234
0 0.8501 0.55615 0.16504 0.11035
0 0.90576 0.31836 0.14941 0.10547
0 0.82422 0.97021 0.14453 0.05957
0 0.27686 0.93408 0.1748 0.12402
0 0.07031 0.0835 0.09766 0.09668
0 0.51074 0.35107 0.10742 0.13184
0 0.0293 0.57715 0.05859 0.07031
0 0.04199 0.73682 0.08398 0.08496
0 0.01855 0.90234 0.03711 0.0957
0 0.47656 0.86084 0.08984 0.0791
0 0.33154 0.86182 0.1084 0.06934
0 0.47607 0.94482 0.11035 0.06543
0 0.65137 0.9834 0.11523 0.0332
0 0.32031 0.47314 0.15234 0.11621
0 0.23145 0.55127 0.125 0.10254
0 0.78369 0.38916 0.1123 0.07324
0 0.9624 0.56152 0.0752 0.09375
0 0.45361 0.59375 0.07324 0.07422
0 0.94971 0.06348 0.10059 0.07812
0 0.87646 0.32178 0.07129 0.14551
0 0.77539 0.20361 0.19727 0.10254
0 0.28711 0.16016 0.07422 0.05664
0 0.104 0.28418 0.12793 0.0957
