0 0.70459 0.5542 0.10645 0.11035
0 0.25342 0.97461 0.1123 0.05078
0 0.90723 0.53125 0.11523 0.12109
0 0.21826 0.49707 0.08301 0.08008
0 0.38281 0.9458 0.0957 0.1084
0 0.24902 0.60352 0.11328 0.12305
0 0.09473 0.28076 0.09961 0.1377
0 0.12451 0.96338 0.11426 0.07324
0 0.62158 0.21191 0.08496 0.10352
0 0.09863 0.82129 0.10742 0.17773
0 0.16406 0.08643 0.14844 0.16895
0 0.08643 0.63184 0.10449 0.12891
0 0.20068 0.27588 0.11816 0.12793
0 0.23682 0.37109 0.07715 0.06641
0 0.05518 0.46289 0.10645 0.14258
0 0.03857 0.69727 0.06738 0.09961
0 0.02686 0.81055 0.0498 0.08789
0 0.03711 0.07568 0.07031 0.14746
