0 0.08936 0.19824 0.06348 0.07812
0 0.23486 0.25342 0.12598 0.09863
0 0.42285 0.21631 0.12305 0.08496
0 0.49316 0.12695 0.12109 0.07227
0 0.44824 0.03027 0.16602 0.06055
0 0.33496 0.0166 0.0957 0.0332
0 0.1958 0.41992 0.12012 0.06641
0 0.11963 0.65088 0.08887 0.05957
0 0.24414 0.83154 0.06055 0.09277
0 0.05615 0.75488 0.1123 0.09375
0 0.02588 0.6665 0.05176 0.06543
0 0.12891 0.69824 0.08398 0.08203
0 0.26953 0.68848 0.08789 0.07227
0 0.37793 0.72021 0.0918 0.10059
0 0.65137 0.87451 0.06836 0.06152
0 0.68701 0.92139 0.08496 0.06934
0 0.72998 0.65625 0.11621 0.07812
0 0.64307 0.68848 0.09082 0.0625
0 0.79248 0.72998 0.09082 0.0791
0 0.95605 0.72363 0.08789 0.07617
0 0.81299 0.59766 0.10254 0.07227
0 0.72461 0.55957 0.08008 0.06055
0 0.36816 0.52344 0.11914 0.06836
0 0.31689 0.55908 0.08105 0.05566
0 0.41943 0.59229 0.06348 0.06348
0 0.51611 0.65918 0.12207 0.06641
0 0.71533 0.49414 0.08105 0.06445
0 0.77637 0.37402 0.09375 0.0918
0 0.69092 0.28564 0.1416 0.08496
0 0.9209 0.37158 0.09961 0.06543
0 0.3042 0.35938 0.1123 0.06055
0 0.70654 0.15674 0.07324 0.06738
0 0.9502 0.20215 0.09961 0.07422
0 0.20264 0.18408 0.05371 0.05566
0 0.35498 0.93604 0.06348 0.06152
0 0.92822 0.86523 0.07129 0.13086
0 0.13379 0.81934 0.04297 0.04883
0 0.58691 0.27148 0.08594 0.05273
