0 0.81738 0.18652 0.05664 0.07617
0 0.14111 0.44775 0.05371 0.09473
0 0.56494 0.16992 0.07129 0.07422
0 0.10547 0.15234 0.05664 0.10547
0 0.62305 0.59961 0.05469 0.08008
0 0.93945 0.12158 0.06641 0.06738
0 0.36377 0.42627 0.07715 0.07129
0 0.43018 0.82812 0.09082 0.07812
0 0.56934 0.50928 0.0332 0.09473
0 0.18164 0.59424 0.07617 0.06348
0 0.37891 0.69189 0.05664 0.07324
0 0.41162 0.19141 0.07715 0.07422
0 0.41162 0.14307 0.06152 0.10254
0 0.59473 0.35693 0.0918 0.12598
0 0.9458 0.29395 0.06543 0.06641
0 0.896 0.46582 0.07324 0.0625
0 0.89014 0.59424 0.07129 0.06152
0 0.7627 0.35352 0.03906 0.11133
0 0.47607 0.63086 0.05957 0.0625
0 0.27783 0.91064 0.06934 0.04395
0 0.60889 0.8208 0.09668 0.06348
0 0.01172 0.85645 0.02344 0.07031
0 0.2373 0.52246 0.05469 0.05078
0 0.0835 0.90918 0.05371 0.08789
0 0.11084 0.98584 0.05176 0.02832
0 0.21484 0.94971 0.12109 0.0498
0 0.61816 0.91357 0.08203 0.03418
0 0.92725 0.01904 0.04004 0.03809
0 0.2373 0.47021 0.04883 0.04785
0 0.77002 0.47607 0.04004 0.08105
0 0.41846 0.43262 0.03809 0.08008
0 0.37012 0.50049 0.04883 0.09473
0 0.56494 0.81982 0.05566 0.05566
0 0.35742 0.8374 0.05469 0.04395
0 0.90186 0.83789 0.05371 0.09766
0 0.60547 0.50488 0.04688 0.05664
0 0.88379 0.01709 0.0332 0.03418
0 0.38867 0.56445 0.05273 0.05078
0 0.97852 0.28516 0.04297 0.0293
0 0.71094 0.54736 0.04102 0.06934
0 0.62695 0.70068 0.04688 0.04004
0 0.66748 0.53418 0.03418 0.06055
0 0.98389 0.51855 0.03223 0.08008
0 0.21729 0.73291 0.05176 0.06348
0 0.86328 0.54346 0.04297 0.06738
0 0.99023 0.60938 0.01953 0.08008
0 0.7207 0.49951 0.03711 0.02637
0 0.76465 0.25439 0.0957 0.11816
0 0.83838 0.56543 0.03223 0.07031
0 0.81787 0.55273 0.02832 0.07422
0 0.07617 0.60156 0.03906 0.03516
