0 0.23438 0.00635 0.08789 0.0127
0 0.17383 0.09717 0.125 0.07324
0 0.25244 0.05322 0.0791 0.08105
0 0.72754 0.08301 0.11328 0.16602
0 0.64307 0.02295 0.06348 0.0459
0 0.3501 0.1709 0.08301 0.14258
0 0.31641 0.2793 0.10742 0.08203
0 0.2207 0.21973 0.13477 0.08594
0 0.03906 0.23877 0.07812 0.13574
0 0.41211 0.41016 0.2168 0.13672
0 0.93994 0.18262 0.09668 0.23438
0 0.93018 0.13135 0.08105 0.19043
0 0.89404 0.34619 0.07324 0.20605
0 0.70117 0.47607 0.16797 0.10645
0 0.72461 0.34668 0.07227 0.08984
0 0.50537 0.60352 0.23926 0.1543
0 0.58691 0.63086 0.15234 0.125
0 0.77148 0.71875 0.11328 0.22656
0 0.90527 0.5918 0.09961 0.13477
0 0.87012 0.50439 0.13672 0.08691
0 0.98145 0.58447 0.03711 0.08887
0 0.28418 0.68848 0.12695 0.21875
0 0.02393 0.5625 0.04785 0.08594
0 0.33545 0.92578 0.20996 0.13281
0 0.16797 0.94385 0.17578 0.08887
0 0.51221 0.89355 0.16699 0.16992
0 0.77344 0.81592 0.23242 0.06738
0 0.71338 0.97021 0.12402 0.05957
0 0.91162 0.96924 0.09277 0.06152
0 0.521 0.08154 0.07324 0.11035
0 0.60938 0.34717 0.19531 0.16699
0 0.72998 0.93311 0.19824 0.1084
0 0.12988 0.46387 0.09375 0.11133
