0 0.02979 0.07764 0.05957 0.06738
0 0.0332 0.13818 0.04688 0.04785
0 0.02881 0.22754 0.05762 0.07227
0 0.02295 0.83252 0.0459 0.06738
0 0.11865 0.85156 0.12988 0.11523
0 0.12646 0.74316 0.1123 0.10547
0 0.20752 0.74365 0.1123 0.08691
0 0.15967 0.58984 0.07129 0.10352
0 0.12744 0.49854 0.10059 0.08496
0 0.34912 0.47412 0.10059 0.07715
0 0.46338 0.54688 0.15137 0.06836
0 0.51074 0.5 0.05859 0.0918
0 0.40088 0.68555 0.05957 0.06055
0 0.43945 0.88965 0.11914 0.08984
0 0.58057 0.93408 0.05762 0.09473
0 0.53125 0.86279 0.04492 0.0459
0 0.47656 0.98145 0.06641 0.03711
0 0.7373 0.91846 0.04688 0.0498
0 0.66357 0.82275 0.11035 0.11035
0 0.82959 0.77539 0.05957 0.08594
0 0.68799 0.64258 0.06543 0.07617
0 0.84766 0.61719 0.06445 0.10352
0 0.73926 0.48779 0.14844 0.08691
0 0.78369 0.5249 0.07324 0.12988
0 0.84473 0.5 0.09766 0.12891
0 0.56445 0.41846 0.08398 0.06738
0 0.58203 0.29004 0.08594 0.06055
0 0.71533 0.27441 0.18066 0.11719
0 0.7085 0.23438 0.09082 0.04492
0 0.85938 0.24805 0.11328 0.09375
0 0.70801 0.14355 0.13672 0.06641
0 0.92676 0.09961 0.06836 0.07422
0 0.75439 0.02783 0.07715 0.05566
0 0.93604 0.57373 0.10449 0.10645
0 0.97656 0.64746 0.04688 0.11719
0 0.65479 0.70264 0.06543 0.05176
0 0.87695 0.76514 0.08203 0.05957
0 0.93799 0.89453 0.05957 0.13281
0 0.35059 0.0376 0.07617 0.0752
0 0.29297 0.02832 0.10938 0.05664
0 0.25293 0.25146 0.09375 0.1084
0 0.43066 0.12354 0.09961 0.09082
0 0.31689 0.35205 0.0459 0.05371
0 0.44482 0.21338 0.06152 0.0498
