0 0.43164 0.76367 0.08594 0.08789
0 0.76709 0.70947 0.08691 0.06543
0 0.77295 0.6123 0.09863 0.07031
0 0.54932 0.61621 0.1123 0.0625
0 0.88623 0.66211 0.08301 0.0957
0 0.55811 0.07129 0.12012 0.08008
0 0.89209 0.17285 0.08105 0.06055
0 0.41016 0.08301 0.07227 0.06055
0 0.55273 0.93359 0.05664 0.12891
0 0.67285 0.72949 0.08594 0.07031
0 0.08887 0.26855 0.05273 0.11719
0 0.60547 0.2749 0.04883 0.07324
0 0.44043 0.84619 0.14453 0.12207
0 0.88574 0.44092 0.09961 0.06348
0 0.2002 0.38818 0.08203 0.06543
0 0.62256 0.2041 0.12012 0.12109
0 0.52148 0.48975 0.06445 0.09473
0 0.49707 0.1875 0.08789 0.08008
0 0.14551 0.06787 0.10352 0.12012
0 0.35449 0.83105 0.07422 0.04297
0 0.48828 0.70752 0.07812 0.03809
0 0.96729 0.96777 0.06348 0.03125
0 0.85059 0.45166 0.0957 0.09082
0 0.04053 0.2085 0.0791 0.08691
0 0.25635 0.16553 0.1709 0.05762
0 0.42188 0.44189 0.18359 0.09082
0 0.11182 0.88135 0.08691 0.0498
0 0.90479 0.76611 0.05371 0.03027
0 0.55908 0.87646 0.18262 0.1377
0 0.3208 0.95947 0.12598 0.08105
0 0.12256 0.15137 0.06543 0.08594
0 0.98486 0.02393 0.03027 0.04785
0 0.96484 0.72998 0.05664 0.04004
0 0.73926 0.28125 0.13281 0.0918
0 0.04102 0.30371 0.08008 0.07227
0 0.62793 0.41455 0.0625 0.09473
0 0.44043 0.04785 0.0918 0.0918
0 0.09766 0.41211 0.06055 0.0293
0 0.39209 0.16406 0.05762 0.06055
0 0.71533 0.6543 0.05762 0.04883
0 0.20117 0.36719 0.21094 0.10547
0 0.42578 0.81152 0.10547 0.05078
0 0.07178 0.97949 0.04785 0.04102
0 0.43945 0.22705 0.1543 0.1084
0 0.5835 0.45947 0.15527 0.0752
0 0.03223 0.81689 0.06055 0.03809
0 0.97217 0.19824 0.05371 0.08008
0 0.4502 0.28711 0.04297 0.08789
0 0.13867 0.2417 0.1582 0.1377
0 0.96631 0.3042 0.06348 0.04199
0 0.97656 0.9165 0.04688 0.03809
0 0.88672 0.93896 0.04102 0.02637
0 0.47266 0.65625 0.21875 0.09766
0 0.35352 0.27881 0.14258 0.14551
0 0.88623 0.7002 0.04785 0.05664
0 0.3418 0.94922 0.15625 0.10156
0 0.94922 0.47021 0.10156 0.13379
0 0.39307 0.22705 0.06348 0.05176
0 0.91846 0.62646 0.0752 0.04004
0 0.58252 0.84375 0.08691 0.04883
0 0.06494 0.59766 0.11426 0.18945
0 0.89258 0.55225 0.06641 0.1084
0 0.8999 0.12109 0.07129 0.04492
0 0.68799 0.75684 0.06934 0.04883
0 0.59131 0.38623 0.0459 0.0498
0 0.39746 0.2251 0.0625 0.06152
0 0.41943 0.9585 0.15332 0.08301
0 0.24609 0.47168 0.06445 0.03711
0 0.36865 0.54492 0.19238 0.07031
0 0.24268 0.04395 0.05566 0.08789
0 0.03076 0.93701 0.05957 0.05176
0 0.79541 0.83643 0.20801 0.08105
0 0.84082 0.89355 0.08008 0.03711
0 0.23291 0.93604 0.16309 0.12793
0 0.69531 0.81494 0.06055 0.04395
0 0.20264 0.04395 0.11426 0.08789
0 0.15283 0.79248 0.08887 0.04395
0 0.11621 0.97363 0.03906 0.05078
