0 0.50879 0.08838 0.07422 0.09473
0 0.75439 0.29004 0.08301 0.14453
0 0.01514 0.39551 0.03027 0.08789
0 0.80127 0.81055 0.05957 0.08789
0 0.38623 0.86328 0.1416 0.05859
0 0.13135 0.10498 0.08496 0.09668
0 0.70215 0.71143 0.07422 0.06348
0 0.50391 0.76123 0.0332 0.11621
0 0.57227 0.50293 0.08398 0.07031
0 0.22314 0.54736 0.12012 0.06152
0 0.92676 0.45166 0.03906 0.08301
0 0.90723 0.53857 0.03711 0.06543
0 0.65674 0.73242 0.0752 0.05078
0 0.92383 0.19482 0.08398 0.05176
0 0.75049 0.5542 0.09082 0.0498
0 0.42188 0.13721 0.0957 0.06152
0 0.12744 0.35449 0.12793 0.10742
0 0.63965 0.42676 0.07422 0.05469
0 0.66699 0.39893 0.04688 0.07129
0 0.01904 0.479 0.03809 0.0498
0 0.04443 0.73486 0.08887 0.03809
0 0.09473 0.36816 0.07812 0.06836
0 0.31689 0.19678 0.06152 0.06152
0 0.12061 0.67578 0.06152 0.07227
0 0.08203 0.91309 0.08789 0.04492
0 0.46191 0.70264 0.08008 0.08105
0 0.4165 0.63281 0.05371 0.08008
0 0.17383 0.625 0.07617 0.03711
0 0.73779 0.85889 0.06152 0.0498
0 0.69092 0.05078 0.07324 0.05273
0 0.13086 0.03613 0.07422 0.0332
0 0.27539 0.86328 0.05664 0.04492
0 0.56006 0.46094 0.09668 0.03516
0 0.37109 0.52344 0.10547 0.03711
0 0.61719 0.36475 0.06641 0.06934
0 0.84619 0.60742 0.08301 0.03516
0 0.45312 0.50293 0.0625 0.02539
0 0.05127 0.46338 0.02441 0.06934
0 0.7627 0.63477 0.04883 0.03125
0 0.49609 0.56445 0.05664 0.04102
0 0.42822 0.21777 0.0459 0.08008
0 0.22656 0.91113 0.09961 0.0332
0 0.37744 0.58301 0.08105 0.03516
0 0.46191 0.97412 0.09375 0.02637
0 0.8501 0.02734 0.08691 0.04492
0 0.42676 0.00732 0.06836 0.01465
0 0.66064 0.66016 0.06152 0.04102
0 0.39307 0.78467 0.11426 0.10645
0 0.04443 0.45801 0.02832 0.06641
0 0.43115 0.08643 0.13184 0.08496
0 0.50586 0.43115 0.04688 0.06934
0 0.30127 0.72412 0.13965 0.08887
0 0.95508 0.64746 0.08008 0.05273
0 0.0249 0.87402 0.0498 0.04102
0 0.45752 0.09717 0.07324 0.06934
0 0.90576 0.64355 0.11621 0.0293
0 0.70264 0.00781 0.08301 0.01562
