0 0.2334 0.18262 0.08008 0.0957
0 0.2041 0.2207 0.06055 0.07617
0 0.15088 0.24951 0.05371 0.08887
0 0.06738 0.24756 0.04883 0.05957
0 0.12842 0.18262 0.04785 0.06641
0 0.50977 0.30029 0.09375 0.0752
0 0.64404 0.25781 0.08301 0.07227
0 0.78613 0.20654 0.0625 0.08301
0 0.83008 0.28076 0.07812 0.10254
0 0.79932 0.35791 0.09473 0.08691
0 0.95996 0.38867 0.08008 0.07812
0 0.75635 0.45605 0.05371 0.07227
0 0.65186 0.38086 0.05176 0.04883
0 0.61084 0.42725 0.06738 0.05762
0 0.66504 0.49756 0.04688 0.07129
0 0.50342 0.49219 0.09277 0.10742
0 0.5249 0.61621 0.08887 0.11719
0 0.3335 0.62256 0.05957 0.09082
0 0.39551 0.65576 0.06836 0.10254
0 0.44092 0.62061 0.05957 0.08691
0 0.38379 0.40186 0.05859 0.05762
0 0.46826 0.36035 0.05566 0.05273
0 0.23682 0.43848 0.08691 0.08008
0 0.31445 0.50684 0.0625 0.06445
0 0.22363 0.62012 0.06836 0.08984
0 0.19678 0.73535 0.06348 0.05469
0 0.24854 0.79102 0.07324 0.07422
0 0.18311 0.80078 0.05371 0.05664
0 0.14502 0.84814 0.05762 0.07715
0 0.03418 0.90137 0.06641 0.07812
0 0.14795 0.93555 0.07324 0.07422
0 0.30957 0.9082 0.10742 0.06641
0 0.3418 0.85205 0.05469 0.05566
0 0.13037 0.36475 0.0791 0.06738
0 0.03271 0.3335 0.06543 0.06738
0 0.63623 0.92188 0.07129 0.0918
0 0.77588 0.59521 0.12402 0.06152
0 0.95752 0.94385 0.07715 0.08691
0 0.46973 0.95898 0.06641 0.06641
0 0.09521 0.67773 0.07324 0.08008
0 0.11377 0.58691 0.05371 0.06641
0 0.97363 0.02539 0.05273 0.04688
0 0.93018 0.75 0.05176 0.07617
0 0.07959 0.32959 0.06348 0.05176
0 0.17627 0.67822 0.05371 0.06348
0 0.73047 0.52637 0.04883 0.05273
0 0.54346 0.18652 0.05176 0.07422
