0 0.00879 0.85742 0.01758 0.06641
0 0.11523 0.83154 0.08398 0.08301
0 0.22607 0.74902 0.12207 0.08594
0 0.14941 0.63037 0.05273 0.06152
0 0.02979 0.97363 0.05957 0.05273
0 0.11523 0.97803 0.10352 0.04395
0 0.6748 0.97803 0.08008 0.04395
0 0.7959 0.97998 0.06836 0.04004
0 0.84863 0.95605 0.05273 0.08789
0 0.92188 0.98047 0.04883 0.03906
0 0.98047 0.8667 0.03906 0.0752
0 0.82471 0.8252 0.06543 0.06445
0 0.73145 0.84131 0.09766 0.08496
0 0.68848 0.70801 0.07227 0.06836
0 0.55371 0.80225 0.0918 0.08105
0 0.30078 0.89014 0.10938 0.08887
0 0.34033 0.65625 0.09277 0.07031
0 0.32715 0.58691 0.07031 0.05469
0 0.24023 0.56982 0.06836 0.07129
0 0.47168 0.55811 0.10156 0.10254
0 0.60254 0.56641 0.07812 0.06836
0 0.63184 0.49756 0.07031 0.07324
0 0.72119 0.52539 0.07715 0.06641
0 0.8584 0.6167 0.05469 0.05957
0 0.98145 0.6792 0.03711 0.06543
0 0.91846 0.63818 0.06738 0.1084
0 0.69434 0.33594 0.11719 0.05859
0 0.6792 0.32812 0.05176 0.10742
0 0.56641 0.3291 0.10742 0.07031
0 0.58008 0.25391 0.08203 0.05859
0 0.94141 0.34521 0.11719 0.12402
0 0.98145 0.2373 0.03711 0.09961
0 0.82227 0.21094 0.08203 0.06836
0 0.66455 0.14355 0.06152 0.05469
0 0.41943 0.42383 0.1084 0.0625
0 0.36963 0.45508 0.1084 0.07031
0 0.2251 0.45703 0.08691 0.07812
0 0.29248 0.33301 0.10449 0.05664
0 0.39893 0.33594 0.10059 0.05078
0 0.28711 0.19189 0.11133 0.06738
0 0.20801 0.10449 0.07617 0.125
0 0.04199 0.25098 0.08398 0.07031
0 0.01416 0.1709 0.02832 0.04883
0 0.23535 0.01807 0.04688 0.03613
0 0.31055 0.021 0.05078 0.04199
0 0.48926 0.05273 0.09766 0.06836
0 0.5166 0.13672 0.09961 0.09375
0 0.84521 0.09717 0.09277 0.07715
0 0.02637 0.5835 0.05273 0.12793
0 0.9707 0.43311 0.05859 0.10059
