0 0.66357 0.33496 0.06152 0.0918
0 0.70996 0.03467 0.08008 0.05957
0 0.85303 0.32178 0.0791 0.10254
0 0.93701 0.43555 0.1084 0.08203
0 0.45947 0.2666 0.12598 0.08008
0 0.30225 0.21338 0.0752 0.08105
0 0.82666 0.14355 0.08691 0.06641
0 0.93359 0.65186 0.06836 0.06934
0 0.87598 0.76807 0.04102 0.07324
0 0.1748 0.30664 0.07812 0.0957
0 0.78174 0.87695 0.07324 0.10938
0 0.70898 0.10449 0.03711 0.0918
0 0.47754 0.34082 0.13477 0.0625
0 0.30957 0.65039 0.06836 0.06445
0 0.08008 0.86328 0.08203 0.08594
0 0.20801 0.38818 0.10742 0.07324
0 0.31152 0.40771 0.07227 0.06152
0 0.16016 0.1958 0.07422 0.05371
0 0.2207 0.43555 0.11719 0.06445
0 0.70459 0.31934 0.07715 0.06055
0 0.40283 0.70605 0.10645 0.05859
0 0.8833 0.06836 0.0791 0.08008
0 0.30078 0.31299 0.05859 0.08691
0 0.04443 0.98242 0.08887 0.03516
0 0.42676 0.84814 0.17383 0.10645
0 0.61182 0.83203 0.08691 0.05664
0 0.83154 0.46582 0.08691 0.07422
0 0.36475 0.98193 0.13379 0.03613
0 0.12793 0.42578 0.05078 0.05859
0 0.25098 0.31641 0.0918 0.05859
0 0.14502 0.98291 0.05371 0.03418
0 0.45947 0.29346 0.08887 0.06543
0 0.78857 0.96582 0.07324 0.05469
0 0.24316 0.98438 0.11133 0.03125
0 0.56152 0.979 0.14062 0.04199
0 0.94629 0.77246 0.05273 0.06445
0 0.30859 0.05518 0.12305 0.04785
0 0.74463 0.89697 0.07129 0.05762
0 0.92627 0.04297 0.05957 0.08203
0 0.33887 0.94531 0.125 0.03711
0 0.69434 0.82861 0.06836 0.12793
0 0.61084 0.88428 0.06738 0.0498
0 0.98877 0.13135 0.02246 0.07129
0 0.08301 0.26318 0.08984 0.1123
0 0.95312 0.90576 0.0918 0.06934
0 0.58887 0.73145 0.15234 0.05859
0 0.521 0.6748 0.1377 0.05469
0 0.47461 0.86963 0.10547 0.0752
0 0.35645 0.91943 0.06836 0.02832
0 0.17676 0.89648 0.15039 0.05078
0 0.03564 0.22949 0.07129 0.0918
0 0.11084 0.41992 0.0498 0.05859
0 0.68799 0.90771 0.09082 0.04004
0 0.41895 0.67432 0.17383 0.10254
0 0.35645 0.76855 0.06836 0.05078
0 0.66699 0.69678 0.10156 0.11035
0 0.09814 0.49365 0.06934 0.04785
0 0.51758 0.95654 0.08789 0.0791
