0 0.04004 0.08496 0.07617 0.16797
0 0.2251 0.23779 0.06738 0.0752
0 0.48779 0.22168 0.07715 0.08203
0 0.45898 0.12695 0.06445 0.24609
0 0.58691 0.09131 0.23047 0.18262
0 0.81641 0.26855 0.15234 0.28516
0 0.91797 0.37744 0.05273 0.11621
0 0.81006 0.4624 0.07324 0.17285
0 0.97021 0.31055 0.05957 0.21875
0 0.21729 0.48096 0.07324 0.16504
0 0.33203 0.52002 0.13477 0.13574
0 0.46338 0.45947 0.08105 0.13379
0 0.57373 0.55029 0.06152 0.05762
0 0.74463 0.64355 0.08496 0.10156
0 0.37549 0.76904 0.14551 0.1123
0 0.49365 0.83154 0.06934 0.12402
0 0.90137 0.76074 0.06445 0.08789
0 0.97314 0.78662 0.05371 0.07324
0 0.90186 0.83496 0.0752 0.08789
0 0.65088 0.93604 0.31738 0.12793
0 0.1582 0.0127 0.05078 0.02539
0 0.51074 0.04053 0.0918 0.08105
0 0.99219 0.36523 0.01562 0.04688
