0 0.6333 0.17578 0.08301 0.10156
0 0.29346 0.93213 0.08301 0.09473
0 0.83057 0.83301 0.09277 0.10742
0 0.66992 0.70459 0.16016 0.18066
0 0.18994 0.43652 0.06934 0.07031
0 0.05078 0.92725 0.10156 0.09473
0 0.32227 0.60693 0.17969 0.12012
0 0.81445 0.65674 0.15039 0.11035
0 0.24951 0.34473 0.13574 0.09961
0 0.39844 0.22607 0.14258 0.17285
0 0.12598 0.08105 0.08203 0.09766
0 0.03516 0.86523 0.07031 0.07422
0 0.11816 0.146 0.12695 0.06738
0 0.38965 0.12939 0.08008 0.19043
0 0.72314 0.41699 0.13184 0.16016
0 0.53418 0.0459 0.25 0.0918
0 0.53223 0.35449 0.14453 0.11914
0 0.8833 0.52197 0.15723 0.05957
0 0.72461 0.04834 0.13477 0.09668
0 0.93115 0.6416 0.1377 0.08008
0 0.3833 0.57422 0.1377 0.05469
0 0.48096 0.44043 0.16309 0.10742
0 0.19092 0.05615 0.08691 0.1123
0 0.68115 0.48828 0.1123 0.22266
0 0.87842 0.48291 0.24316 0.10254
0 0.83594 0.93896 0.21289 0.12207
0 0.67725 0.43457 0.14551 0.16016
0 0.44092 0.78418 0.20215 0.10156
0 0.96338 0.77295 0.07324 0.05762
0 0.80127 0.03027 0.12988 0.06055
0 0.87695 0.48682 0.2207 0.05957
0 0.40088 0.44189 0.12207 0.06543
0 0.67822 0.95898 0.2998 0.08203
0 0.47705 0.35449 0.13574 0.125
0 0.49463 0.95215 0.16504 0.0957
0 0.63721 0.62842 0.14941 0.03809
0 0.79834 0.67578 0.13184 0.0625
0 0.61475 0.49316 0.12988 0.03711
0 0.47119 0.40186 0.10254 0.08496
0 0.63574 0.06201 0.08789 0.09082
0 0.4707 0.79395 0.16211 0.21289
