0 0.02783 0.8125 0.05566 0.05469
0 0.17725 0.95264 0.09863 0.09473
0 0.07422 0.7832 0.11523 0.12891
0 0.02881 0.60742 0.0498 0.0625
0 0.07715 0.51025 0.08008 0.05566
0 0.1333 0.46387 0.06738 0.08008
0 0.1123 0.41504 0.04297 0.10352
0 0.06689 0.37598 0.0459 0.07227
0 0.23633 0.40039 0.05078 0.11719
0 0.28662 0.47168 0.06934 0.08008
0 0.37012 0.5083 0.05664 0.04395
0 0.31934 0.54883 0.07227 0.07422
0 0.25732 0.60938 0.05957 0.05469
0 0.40186 0.63525 0.06543 0.05371
0 0.3501 0.90625 0.04395 0.06836
0 0.03076 0.06152 0.06152 0.12305
0 0.17725 0.12842 0.07129 0.07715
0 0.27881 0.15576 0.1377 0.05762
0 0.28516 0.06494 0.12695 0.08496
0 0.16016 0.29248 0.0957 0.05566
0 0.08252 0.30762 0.05957 0.05273
0 0.65625 0.48535 0.05273 0.04297
0 0.59229 0.35791 0.08105 0.10254
0 0.7373 0.34521 0.06445 0.05566
0 0.74561 0.40967 0.06152 0.04395
0 0.78174 0.4873 0.05762 0.09766
0 0.72119 0.58398 0.04199 0.07422
0 0.67773 0.59766 0.05859 0.04688
0 0.625 0.56641 0.07422 0.11719
0 0.60889 0.64893 0.08496 0.04395
0 0.44482 0.61621 0.06152 0.06055
0 0.48535 0.59229 0.03906 0.07324
0 0.50293 0.58643 0.05859 0.07324
0 0.56152 0.75684 0.04688 0.04492
0 0.89551 0.66992 0.0625 0.06641
0 0.95752 0.72363 0.07324 0.08008
0 0.8667 0.58643 0.05957 0.0791
0 0.82275 0.26318 0.06152 0.09863
0 0.91504 0.24951 0.07617 0.06738
0 0.96875 0.18018 0.0625 0.06543
0 0.65625 0.20312 0.08789 0.07812
0 0.65723 0.27051 0.05273 0.06641
0 0.69092 0.24463 0.04395 0.03613
0 0.75244 0.27783 0.0459 0.05176
0 0.78516 0.1084 0.05469 0.09766
0 0.78711 0.10449 0.10938 0.08008
0 0.87695 0.06299 0.07617 0.06934
0 0.59668 0.02344 0.06445 0.04688
0 0.60352 0.96338 0.09375 0.07324
0 0.73926 0.93018 0.0918 0.09277
0 0.67627 0.88232 0.06934 0.06543
0 0.54004 0.90918 0.07812 0.06641
0 0.90674 0.97705 0.10254 0.0459
