0 0.93213 0.09961 0.0752 0.10742
0 0.44971 0.29932 0.10059 0.05371
0 0.51611 0.72559 0.12598 0.08203
0 0.12354 0.18311 0.10449 0.0791
0 0.19336 0.77588 0.15625 0.07715
0 0.79932 0.96729 0.09277 0.06152
0 0.91406 0.2959 0.08594 0.04688
0 0.31006 0.14893 0.10449 0.07715
0 0.24072 0.46045 0.1748 0.05957
0 0.54736 0.56982 0.09863 0.05176
0 0.06494 0.76074 0.12988 0.09375
0 0.90723 0.58252 0.14648 0.07129
0 0.9917 0.56201 0.0166 0.04785
0 0.25684 0.85303 0.10156 0.09863
0 0.61572 0.5083 0.17676 0.10449
0 0.78076 0.59619 0.10645 0.08887
0 0.49414 0.84814 0.08008 0.0459
0 0.87939 0.08691 0.07129 0.08984
0 0.18359 0.28271 0.17773 0.05762
0 0.51709 0.08691 0.09082 0.05469
0 0.24561 0.22266 0.0459 0.06055
0 0.5835 0.17139 0.07129 0.07129
0 0.32324 0.2627 0.09375 0.04102
0 0.41016 0.04785 0.14453 0.0957
0 0.03467 0.80762 0.06738 0.04297
0 0.38477 0.39648 0.08008 0.08008
0 0.34912 0.68848 0.11816 0.06055
0 0.27148 0.9375 0.10352 0.04492
0 0.69531 0.85547 0.12305 0.06055
0 0.0874 0.98242 0.10449 0.02539
0 0.49561 0.2041 0.10059 0.03125
0 0.55859 0.52246 0.06445 0.03516
0 0.87158 0.22852 0.1709 0.0625
0 0.11768 0.88623 0.07324 0.03418
0 0.21387 0.36768 0.18359 0.0752
0 0.7998 0.27783 0.08984 0.05176
0 0.06152 0.50684 0.06055 0.0625
0 0.9165 0.9873 0.06543 0.02539
0 0.07129 0.8335 0.11133 0.02246
0 0.02051 0.07715 0.04102 0.04297
0 0.83545 0.15088 0.14746 0.08105
0 0.33887 0.08447 0.12695 0.13965
0 0.31689 0.02783 0.09082 0.05176
0 0.19141 0.61572 0.20508 0.04785
0 0.63135 0.7959 0.08301 0.03711
0 0.72607 0.0835 0.0459 0.03418
0 0.32227 0.22949 0.04297 0.03516
0 0.85059 0.51074 0.08398 0.0957
0 0.23486 0.3418 0.11426 0.04883
0 0.43604 0.4126 0.09277 0.10645
0 0.2583 0.41162 0.12012 0.05566
0 0.21191 0.50781 0.07031 0.04297
0 0.21436 0.21484 0.07715 0.04102
0 0.896 0.52686 0.09277 0.05176
0 0.77881 0.13184 0.09863 0.07031
0 0.07275 0.55127 0.12988 0.0498
0 0.36914 0.88232 0.0625 0.05566
0 0.5293 0.95557 0.07031 0.04785
0 0.5918 0.93555 0.09375 0.04297
0 0.59863 0.97314 0.09961 0.05371
