0 0.08643 0.91748 0.09082 0.11035
0 0.75439 0.37402 0.0752 0.07227
0 0.76807 0.28174 0.12207 0.09863
0 0.46777 0.57617 0.08789 0.06055
0 0.12109 0.36182 0.10938 0.06934
0 0.8125 0.74072 0.08789 0.08496
0 0.39453 0.95361 0.11328 0.06543
0 0.38428 0.07959 0.10254 0.09082
0 0.30029 0.1958 0.07324 0.06934
0 0.21045 0.15088 0.08301 0.09473
0 0.84033 0.54883 0.08691 0.10352
0 0.53125 0.58203 0.07227 0.08203
0 0.75 0.62646 0.12305 0.08887
0 0.63721 0.64502 0.07715 0.05371
0 0.7915 0.25732 0.08301 0.05957
0 0.88721 0.37012 0.09277 0.07227
0 0.92627 0.19189 0.10059 0.12402
0 0.17822 0.0542 0.10059 0.05371
0 0.18359 0.64355 0.08203 0.04883
0 0.36914 0.37158 0.0918 0.13574
0 0.93262 0.3584 0.13281 0.07812
0 0.62158 0.06641 0.09473 0.0957
0 0.29834 0.89355 0.06348 0.07422
0 0.0332 0.28955 0.06641 0.11816
0 0.58301 0.69141 0.1543 0.04492
0 0.45361 0.31836 0.13184 0.06055
0 0.41895 0.89014 0.08398 0.08887
0 0.59766 0.55664 0.10547 0.13281
0 0.5542 0.47119 0.13379 0.11621
0 0.8501 0.43164 0.06934 0.05078
0 0.15186 0.92236 0.07715 0.09668
0 0.43457 0.02588 0.05859 0.05176
0 0.78613 0.85254 0.08594 0.08398
0 0.29785 0.33008 0.08789 0.10352
0 0.03125 0.89648 0.0625 0.06836
0 0.86182 0.2085 0.07324 0.09863
0 0.1084 0.25146 0.08203 0.0459
0 0.55273 0.90039 0.1543 0.10938
0 0.30664 0.27832 0.09961 0.06445
0 0.97021 0.62549 0.05957 0.08105
0 0.53613 0.04297 0.11328 0.06055
0 0.38184 0.79443 0.125 0.07715
0 0.87158 0.1748 0.08301 0.12109
0 0.57031 0.29932 0.05664 0.06152
0 0.94189 0.77637 0.06738 0.04688
0 0.91455 0.98047 0.05176 0.03906
0 0.35596 0.20215 0.08105 0.07812
0 0.39795 0.97852 0.0791 0.04102
0 0.26025 0.34229 0.07324 0.0459
0 0.44678 0.25244 0.10645 0.07715
0 0.19336 0.96826 0.08984 0.06348
0 0.66357 0.02295 0.04004 0.0459
0 0.97217 0.01758 0.0459 0.03516
0 0.86475 0.01514 0.04004 0.03027
0 0.04053 0.19385 0.08105 0.08691
0 0.94287 0.57861 0.06543 0.0498
0 0.21777 0.36768 0.07617 0.02637
0 0.43555 0.23877 0.13086 0.10254
0 0.65576 0.98438 0.06543 0.03125
0 0.50879 0.7832 0.20898 0.07422
0 0.23047 0.04834 0.12695 0.09473
