0 0.6499 0.96924 0.09863 0.06152
0 0.5542 0.5127 0.08887 0.05664
0 0.54673 0.70708 0.12764 0.07588
0 0.30566 0.04492 0.11133 0.05664
0 0.07373 0.6748 0.08105 0.05469
0 0.46875 0.05762 0.08203 0.11133
0 0.33496 0.41211 0.125 0.06445
0 0.19824 0.08691 0.16211 0.08203
0 0.49121 0.40918 0.10938 0.06641
0 0.39258 0.68359 0.08789 0.06445
0 0.41748 0.78955 0.10449 0.05566
0 0.19287 0.36084 0.09277 0.04199
0 0.45508 0.52246 0.09961 0.05078
0 0.09229 0.75195 0.14355 0.04883
0 0.20264 0.02832 0.09863 0.05664
0 0.43018 0.12988 0.09668 0.05078
0 0.76318 0.38867 0.07715 0.05273
0 0.47949 0.44287 0.09766 0.03809
0 0.89941 0.70508 0.1543 0.0957
0 0.24023 0.41309 0.12109 0.06445
0 0.26807 0.34131 0.08691 0.05371
0 0.44385 0.67822 0.1123 0.0752
0 0.96826 0.68066 0.06348 0.03516
0 0.74121 0.51855 0.10938 0.04688
0 0.72314 0.19629 0.06934 0.04688
0 0.6875 0.08008 0.05664 0.04102
0 0.29199 0.55469 0.10547 0.03711
0 0.979 0.77148 0.04199 0.06055
0 0.70312 0.47998 0.11914 0.06934
0 0.87695 0.48193 0.09961 0.04395
0 0.25439 0.146 0.09668 0.06152
0 0.104 0.51855 0.14746 0.0332
0 0.94922 0.80615 0.0918 0.04004
0 0.04102 0.13037 0.08008 0.0459
0 0.92139 0.21045 0.06543 0.04395
0 0.06543 0.83496 0.07031 0.05273
0 0.98291 0.86475 0.03418 0.02441
0 0.81543 0.13818 0.10742 0.04199
0 0.1167 0.81348 0.11816 0.04492
0 0.47559 0.85254 0.16406 0.05273
0 0.15527 0.44922 0.12109 0.03711
0 0.05273 0.43164 0.0957 0.05078
0 0.17139 0.13818 0.16699 0.07129
0 0.52637 0.18311 0.06836 0.04199
0 0.3291 0.46826 0.08398 0.04395
0 0.3999 0.39844 0.11621 0.05664
0 0.97705 0.4751 0.0459 0.03809
0 0.26562 0.4917 0.06055 0.03223
0 0.34814 0.02441 0.03613 0.04883
0 0.11963 0.4082 0.16895 0.04688
0 0.04834 0.5249 0.09668 0.03418
0 0.04199 0.88037 0.08398 0.04199
0 0.77002 0.5 0.0752 0.03125
0 0.44189 0.48389 0.12012 0.03418
0 0.06689 0.1748 0.13379 0.04688
0 0.37402 0.52881 0.05859 0.04199
0 0.0293 0.19971 0.05859 0.03223
0 0.92676 0.79346 0.13281 0.05957
0 0.34229 0.51221 0.23926 0.0498
0 0.09424 0.47168 0.10449 0.02734
0 0.08301 0.49121 0.12695 0.04492
0 0.06641 0.46777 0.13281 0.04688
0 0.09326 0.37695 0.1123 0.04883
0 0.08252 0.06689 0.16504 0.12207
0 0.91748 0.68115 0.13379 0.07324
