0 0.50293 0.60059 0.0918 0.05078
0 0.09619 0.58936 0.08887 0.03809
0 0.8418 0.35303 0.08789 0.06348
0 0.16211 0.24268 0.0957 0.06738
0 0.26514 0.44092 0.05371 0.0752
0 0.21973 0.37158 0.08008 0.04199
0 0.96631 0.05273 0.06738 0.05273
0 0.53809 0.2876 0.12305 0.04004
0 0.90137 0.21045 0.11328 0.12012
0 0.45801 0.23584 0.07422 0.06543
0 0.63525 0.07861 0.12402 0.05957
0 0.31494 0.57422 0.08887 0.03711
0 0.97705 0.15332 0.0459 0.08398
0 0.74365 0.43311 0.1123 0.03809
0 0.06934 0.79199 0.09766 0.04688
0 0.88867 0.66064 0.05859 0.0459
0 0.34521 0.63379 0.07715 0.04688
0 0.61914 0.02148 0.06836 0.04102
0 0.15723 0.44141 0.10156 0.04102
0 0.06152 0.85596 0.11914 0.07324
0 0.07617 0.16406 0.09766 0.08594
0 0.68994 0.5 0.15137 0.04883
0 0.2417 0.14502 0.12988 0.0752
0 0.77344 0.93701 0.0918 0.06348
0 0.80322 0.60059 0.06543 0.05469
0 0.46582 0.92432 0.11133 0.04395
0 0.67773 0.15918 0.07617 0.10938
0 0.25146 0.20264 0.14355 0.0791
0 0.32227 0.33008 0.07227 0.10742
0 0.80713 0.7915 0.12598 0.06543
0 0.23193 0.58789 0.08105 0.03906
0 0.93652 0.63184 0.05078 0.05078
0 0.9873 0.3252 0.02539 0.05859
0 0.8374 0.70752 0.1377 0.03027
0 0.06787 0.42725 0.09082 0.05371
0 0.56885 0.50586 0.12598 0.04688
0 0.71143 0.97168 0.04004 0.05273
0 0.72217 0.02002 0.09863 0.04004
0 0.65137 0.67188 0.10938 0.0332
0 0.55322 0.87256 0.09863 0.04785
0 0.32568 0.26318 0.14941 0.0459
0 0.35303 0.88281 0.10449 0.05469
0 0.64062 0.46973 0.2168 0.03906
0 0.604 0.1582 0.13379 0.08398
0 0.3667 0.01855 0.04199 0.03711
0 0.38428 0.9834 0.0459 0.0293
0 0.41406 0.82959 0.13477 0.04004
0 0.63916 0.71143 0.15137 0.07129
0 0.4834 0.6709 0.08789 0.05078
0 0.33301 0.94727 0.05664 0.05859
0 0.06982 0.94824 0.13184 0.0625
0 0.86084 0.31348 0.04004 0.07617
0 0.50391 0.20752 0.10742 0.03809
0 0.08203 0.67969 0.10156 0.06641
0 0.51562 0.12061 0.11719 0.06348
0 0.75391 0.31152 0.0957 0.02734
0 0.13867 0.67236 0.11328 0.04004
0 0.71436 0.78809 0.0752 0.0332
0 0.53662 0.97217 0.16895 0.04004
0 0.53271 0.17236 0.09277 0.03809
0 0.02881 0.99365 0.05566 0.0127
0 0.40234 0.19971 0.0957 0.03809
0 0.65137 0.6377 0.10547 0.03125
0 0.06836 0.4707 0.06836 0.03125
0 0.12402 0.39893 0.08984 0.0459
0 0.50928 0.80176 0.11035 0.0332
0 0.71035 0.84722 0.1502 0.04697
0 0.51416 0.84717 0.06738 0.01855
0 0.30908 0.64893 0.08301 0.04785
0 0.73779 0.83643 0.06934 0.03613
0 0.16846 0.98828 0.11816 0.02344
0 0.06104 0.3833 0.07715 0.03418
0 0.61279 0.5376 0.06348 0.02051
0 0.09277 0.76123 0.14062 0.03418
0 0.01709 0.2002 0.03418 0.06445
0 0.9292 0.14746 0.06738 0.02734
0 0.76318 0.34521 0.04785 0.05957
0 0.27148 0.33984 0.125 0.07617
0 0.78662 0.97656 0.06543 0.0332
0 0.06885 0.46094 0.06738 0.02148
0 0.646 0.85449 0.08105 0.05469
0 0.42578 0.8501 0.13477 0.02441
0 0.16357 0.80371 0.10254 0.03906
0 0.23779 0.79688 0.04004 0.03906
0 0.20068 0.76221 0.09082 0.03418
0 0.06641 0.75293 0.13281 0.03711
0 0.78564 0.26367 0.06543 0.0625
