0 0.1748 0.14111 0.18555 0.12012
0 0.34229 0.12549 0.17676 0.1416
0 0.04932 0.10254 0.08496 0.08984
0 0.19678 0.29932 0.15332 0.0752
0 0.03467 0.30371 0.06934 0.05859
0 0.31348 0.39258 0.04688 0.09766
0 0.354 0.40869 0.05176 0.11035
0 0.48291 0.35938 0.06348 0.08008
0 0.54785 0.28125 0.08984 0.07031
0 0.6123 0.2168 0.06836 0.05664
0 0.43896 0.21289 0.08691 0.08203
0 0.52881 0.15088 0.1416 0.1748
0 0.70947 0.25928 0.07715 0.05566
0 0.61963 0.33691 0.06738 0.08594
0 0.73389 0.31689 0.06348 0.07129
0 0.80127 0.16602 0.08887 0.15234
0 0.83594 0.0293 0.0918 0.05859
0 0.79395 0.04297 0.04492 0.05664
0 0.8999 0.16553 0.12988 0.16309
0 0.82031 0.26611 0.08008 0.06348
0 0.87256 0.34814 0.0791 0.10449
0 0.75928 0.47412 0.08691 0.10645
0 0.82422 0.44727 0.09375 0.13281
0 0.87158 0.5498 0.12598 0.08203
0 0.58789 0.50293 0.07031 0.06445
0 0.56836 0.43652 0.07031 0.05469
0 0.33105 0.57129 0.17383 0.10742
0 0.14844 0.51904 0.10547 0.08691
0 0.04297 0.37939 0.08594 0.07129
0 0.42676 0.48242 0.12109 0.0625
0 0.57129 0.58545 0.13672 0.0752
0 0.60449 0.69727 0.14844 0.07617
0 0.74805 0.64111 0.11523 0.1377
0 0.6377 0.81982 0.0957 0.07324
0 0.43066 0.83936 0.20703 0.09668
0 0.09082 0.83252 0.0957 0.07324
0 0.45459 0.97461 0.13184 0.05078
0 0.6167 0.9292 0.14355 0.07715
0 0.94727 0.85107 0.08203 0.16113
0 0.98926 0.69141 0.02148 0.09766
0 0.05859 0.9126 0.10938 0.08691
0 0.01758 0.53271 0.03516 0.08105
0 0.47021 0.04785 0.08887 0.0957
0 0.2915 0.42188 0.04199 0.06055
0 0.47021 0.69922 0.1123 0.11133
0 0.0293 0.70557 0.05859 0.08301
0 0.64844 0.75342 0.08789 0.09277
0 0.53223 0.49219 0.06836 0.0625
