0 0.03076 0.87549 0.06152 0.05762
0 0.01123 0.17725 0.02246 0.14551
0 0.06396 0.08008 0.06934 0.06641
0 0.06689 0.24121 0.06543 0.06055
0 0.16846 0.1333 0.0791 0.14551
0 0.27002 0.05176 0.07324 0.08789
0 0.34814 0.08838 0.10645 0.09082
0 0.46582 0.19922 0.08984 0.08008
0 0.18701 0.0249 0.09277 0.0498
0 0.59961 0.27832 0.08984 0.09766
0 0.68408 0.14941 0.05762 0.04297
0 0.71973 0.03955 0.08594 0.07129
0 0.47852 0.32666 0.05859 0.06934
0 0.33545 0.41406 0.08496 0.05273
0 0.27686 0.48682 0.05762 0.0498
0 0.3125 0.53027 0.1543 0.15234
0 0.46533 0.47461 0.09863 0.11719
0 0.53857 0.43945 0.04785 0.05273
0 0.62305 0.45117 0.08398 0.08789
0 0.4917 0.57422 0.09473 0.08789
0 0.55713 0.67334 0.08105 0.08301
0 0.72852 0.78857 0.05078 0.06543
0 0.88867 0.83936 0.11523 0.05371
0 0.82178 0.66309 0.05957 0.09375
0 0.8916 0.60596 0.06055 0.08887
0 0.81299 0.48438 0.09668 0.11523
0 0.79541 0.55566 0.05371 0.11719
0 0.94189 0.43701 0.11621 0.08691
0 0.79053 0.38184 0.06934 0.08984
0 0.74121 0.28271 0.05273 0.10449
0 0.93164 0.17383 0.07422 0.10742
0 0.90479 0.02881 0.06152 0.05762
0 0.98486 0.11914 0.03027 0.0625
0 0.05273 0.36865 0.07031 0.05566
0 0.58936 0.68652 0.06543 0.19336
0 0.61523 0.83154 0.11133 0.15332
