0 0.01855 0.36523 0.03711 0.06836
0 0.04248 0.54346 0.08496 0.15723
0 0.07129 0.64551 0.0957 0.06445
0 0.05518 0.84619 0.05762 0.09863
0 0.04053 0.02734 0.08105 0.05469
0 0.55762 0.02734 0.0918 0.05469
0 0.69824 0.15479 0.08789 0.09668
0 0.57812 0.271 0.08594 0.11035
0 0.3999 0.27588 0.16113 0.07324
0 0.32227 0.23291 0.12891 0.08496
0 0.17041 0.23975 0.09473 0.08105
0 0.1582 0.37402 0.125 0.10547
0 0.28271 0.32422 0.09668 0.10156
0 0.35742 0.45801 0.07227 0.0918
0 0.26709 0.42432 0.08301 0.0752
0 0.12256 0.54541 0.12207 0.15918
0 0.2749 0.54932 0.08887 0.06738
0 0.35205 0.56348 0.09473 0.10742
0 0.4375 0.49951 0.11133 0.18848
0 0.52588 0.5376 0.06152 0.11621
0 0.604 0.62256 0.06934 0.08496
0 0.69189 0.59766 0.08496 0.11523
0 0.73779 0.4707 0.08496 0.08984
0 0.96338 0.41699 0.07324 0.07617
0 0.84619 0.59863 0.08496 0.08008
0 0.78662 0.73193 0.11816 0.15723
0 0.91162 0.729 0.14355 0.19824
0 0.43848 0.66504 0.11328 0.09766
0 0.28857 0.63037 0.08496 0.0752
0 0.2832 0.70361 0.0957 0.11426
0 0.16846 0.75146 0.09863 0.1123
0 0.23486 0.77002 0.1709 0.15527
0 0.37988 0.82031 0.10742 0.13281
0 0.19531 0.95068 0.08594 0.09863
0 0.30176 0.96777 0.08594 0.06445
0 0.31445 0.89795 0.0918 0.06934
0 0.78906 0.97021 0.07617 0.05957
