0 0.104 0.91162 0.18652 0.12988
0 0.3208 0.80469 0.11426 0.13281
0 0.17676 0.76172 0.08789 0.16016
0 0.38477 0.70312 0.0957 0.11719
0 0.05664 0.51709 0.08398 0.06738
0 0.14795 0.53906 0.08105 0.08203
0 0.23779 0.58789 0.12402 0.08984
0 0.03857 0.62451 0.07715 0.09863
0 0.03662 0.69629 0.07324 0.14062
0 0.05127 0.38037 0.10254 0.06934
0 0.1875 0.32373 0.10742 0.15137
0 0.06104 0.26807 0.08301 0.0752
0 0.02539 0.11963 0.05078 0.11035
0 0.12354 0.09033 0.15723 0.08887
0 0.28027 0.46387 0.12891 0.08984
0 0.44385 0.54053 0.13184 0.08105
0 0.50977 0.53564 0.19141 0.13184
0 0.47754 0.63574 0.14258 0.08984
0 0.5625 0.42529 0.08203 0.1748
0 0.16455 0.02148 0.10645 0.04297
0 0.86133 0.03467 0.12109 0.06934
0 0.96387 0.03955 0.07227 0.0791
0 0.78174 0.2207 0.09082 0.17578
0 0.66943 0.38818 0.1416 0.11816
0 0.85303 0.40674 0.16699 0.0791
0 0.7959 0.35693 0.12109 0.05957
0 0.72607 0.6543 0.07129 0.08203
0 0.85889 0.6748 0.12598 0.14453
0 0.97021 0.50928 0.05957 0.06348
0 0.97607 0.56787 0.04785 0.06348
0 0.19678 0.85498 0.0752 0.05566
0 0.62451 0.82031 0.19238 0.11523
0 0.20312 0.31445 0.13086 0.16211
