0 0.104 0.12158 0.0791 0.08105
0 0.86084 0.77295 0.05957 0.09082
0 0.58301 0.55908 0.06836 0.07324
0 0.99219 0.51074 0.01562 0.04688
0 0.50146 0.479 0.08691 0.05762
0 0.65332 0.74902 0.09961 0.06641
0 0.04688 0.83447 0.07031 0.06543
0 0.14062 0.37061 0.13477 0.0498
0 0.14404 0.95166 0.14551 0.0459
0 0.92041 0.41748 0.08691 0.04395
0 0.70752 0.15381 0.06152 0.06543
0 0.11963 0.55811 0.14355 0.07129
0 0.96533 0.7959 0.06934 0.08398
0 0.6416 0.77979 0.03906 0.07324
0 0.55322 0.60645 0.05176 0.04492
0 0.40576 0.81543 0.1123 0.05273
0 0.95264 0.04688 0.08496 0.08203
0 0.79834 0.21826 0.06934 0.08301
0 0.1709 0.43018 0.14062 0.0459
0 0.29346 0.79541 0.06543 0.04395
0 0.95117 0.19678 0.0332 0.06738
0 0.35596 0.21484 0.11035 0.09961
0 0.95166 0.09912 0.09668 0.03418
0 0.79004 0.83008 0.04297 0.06641
0 0.22461 0.88184 0.10742 0.04297
0 0.125 0.28418 0.13086 0.07812
0 0.87402 0.91064 0.07422 0.04004
0 0.40088 0.98389 0.0791 0.03223
0 0.05029 0.27197 0.10059 0.0459
0 0.29492 0.66992 0.10156 0.03906
0 0.54346 0.3457 0.07129 0.0332
0 0.68896 0.25342 0.0459 0.05176
0 0.13965 0.46973 0.0957 0.03125
0 0.87451 0.52051 0.10254 0.05469
0 0.50293 0.37939 0.13672 0.02637
0 0.76172 0.78711 0.08398 0.03906
0 0.85303 0.66553 0.11426 0.04395
0 0.0415 0.14746 0.08301 0.05078
0 0.78857 0.61328 0.03223 0.05273
0 0.64453 0.44434 0.11328 0.04883
0 0.36816 0.41455 0.09766 0.03223
0 0.11865 0.63672 0.13184 0.0332
0 0.90967 0.69385 0.06543 0.03418
0 0.36475 0.07764 0.05371 0.03613
0 0.48828 0.78711 0.15234 0.09766
0 0.86084 0.19824 0.05566 0.04492
0 0.54053 0.87158 0.06738 0.04004
0 0.12158 0.31396 0.06738 0.01855
0 0.12842 0.84229 0.07715 0.02246
0 0.23242 0.15137 0.07031 0.03711
0 0.05078 0.375 0.09766 0.0332
0 0.08154 0.43555 0.15332 0.07422
0 0.3877 0.18164 0.0957 0.08398
0 0.53955 0.52832 0.09668 0.02734
0 0.76611 0.65186 0.11035 0.03613
0 0.37939 0.62939 0.06934 0.03613
0 0.86328 0.83594 0.10352 0.08203
0 0.07275 0.81152 0.07715 0.0332
0 0.47607 0.01465 0.05957 0.02734
0 0.97119 0.18359 0.05762 0.0293
0 0.98096 0.31738 0.03809 0.0332
0 0.52979 0.89355 0.06152 0.04492
0 0.16553 0.49902 0.06152 0.01953
0 0.60449 0.98926 0.08008 0.02148
0 0.28809 0.70947 0.125 0.04785
0 0.94385 0.90234 0.05957 0.0293
0 0.2168 0.74805 0.12305 0.03711
0 0.0625 0.23096 0.08008 0.02832
0 0.74805 0.75488 0.04883 0.02344
0 0.07178 0.63232 0.10254 0.06738
0 0.62158 0.41309 0.0752 0.04883
0 0.4834 0.54492 0.06836 0.03711
0 0.70996 0.81445 0.06055 0.03711
0 0.81152 0.74365 0.04883 0.03223
0 0.7959 0.71191 0.07812 0.04297
0 0.33496 0.64697 0.07031 0.02637
0 0.70508 0.85352 0.05078 0.04688
0 0.84863 0.31641 0.04102 0.05469
