0 0.23389 0.39453 0.0752 0.15234
0 0.73633 0.11768 0.08398 0.10059
0 0.24854 0.66016 0.07129 0.11914
0 0.3999 0.07568 0.12207 0.15137
0 0.02344 0.87744 0.04688 0.14355
0 0.23047 0.21924 0.09375 0.18262
0 0.78271 0.73828 0.14355 0.08008
0 0.88086 0.24121 0.0918 0.07812
0 0.81201 0.94727 0.2041 0.10547
0 0.54834 0.07471 0.12012 0.10449
0 0.0874 0.97217 0.09082 0.05566
0 0.72363 0.68262 0.10938 0.07812
0 0.44824 0.12012 0.10547 0.11914
0 0.30811 0.72705 0.05566 0.1123
0 0.09961 0.31885 0.10938 0.17285
0 0.96045 0.75781 0.0791 0.10938
0 0.07129 0.50244 0.14258 0.22559
0 0.53516 0.48096 0.08789 0.19434
0 0.44385 0.44775 0.07324 0.16699
0 0.65088 0.26416 0.07129 0.07324
0 0.3374 0.28369 0.06543 0.12793
0 0.64697 0.1582 0.08496 0.17383
0 0.77539 0.29443 0.08398 0.13184
0 0.04639 0.61768 0.09277 0.1123
0 0.8125 0.81299 0.18555 0.11816
0 0.97412 0.32422 0.05176 0.08398
0 0.06396 0.05615 0.08496 0.11035
0 0.11719 0.89746 0.12305 0.08984
0 0.30225 0.79199 0.07129 0.06641
0 0.31689 0.65039 0.05762 0.07031
0 0.03418 0.22705 0.06836 0.20605
0 0.40918 0.31348 0.07422 0.10547
0 0.32861 0.39893 0.0752 0.07715
0 0.54004 0.12744 0.05469 0.12793
0 0.5625 0.20459 0.06836 0.1123
