0 0.26709 0.83447 0.20996 0.09473
0 0.86084 0.92334 0.15332 0.07715
0 0.25439 0.52197 0.15918 0.06152
0 0.82227 0.40674 0.13477 0.08496
0 0.01367 0.22168 0.02734 0.11523
0 0.08008 0.30127 0.15234 0.10254
0 0.0415 0.47559 0.08105 0.13867
0 0.08984 0.73438 0.10742 0.08203
0 0.146 0.1709 0.09277 0.08008
0 0.8623 0.81787 0.16211 0.1084
0 0.90186 0.52441 0.12988 0.08008
0 0.95166 0.72217 0.09473 0.0752
0 0.05078 0.94043 0.10156 0.09766
0 0.17383 0.69629 0.12695 0.07227
0 0.95215 0.40186 0.0957 0.1084
0 0.05908 0.12842 0.09863 0.09277
0 0.12402 0.61133 0.09961 0.09766
0 0.02344 0.82471 0.04688 0.08496
0 0.0957 0.81738 0.09961 0.06055
0 0.79199 0.99854 0.09961 0.00293
0 0.1333 0.22461 0.12207 0.07617
0 0.94482 0.17969 0.11035 0.08984
0 0.93506 0.04053 0.12402 0.08105
0 0.13379 0.05811 0.10156 0.09082
0 0.10693 0.97607 0.11426 0.04785
