0 0.58691 0.03711 0.05469 0.0625
0 0.5083 0.12988 0.06348 0.07031
0 0.4502 0.29004 0.0625 0.06836
0 0.33301 0.35791 0.07812 0.06543
0 0.22705 0.36182 0.07129 0.07324
0 0.18604 0.3042 0.11621 0.06738
0 0.125 0.43262 0.12695 0.0625
0 0.37549 0.5127 0.06543 0.07422
0 0.19385 0.61621 0.08496 0.04883
0 0.1582 0.66357 0.06836 0.07324
0 0.02539 0.58447 0.04297 0.06348
0 0.03467 0.49463 0.06348 0.05371
0 0.17041 0.74219 0.1123 0.08984
0 0.36621 0.63525 0.06641 0.06934
0 0.43311 0.67285 0.08105 0.05469
0 0.40332 0.73096 0.0625 0.06543
0 0.59521 0.77441 0.06738 0.12109
0 0.5376 0.71338 0.06348 0.05176
0 0.49463 0.74609 0.04785 0.06445
0 0.37158 0.89648 0.1123 0.06836
0 0.51953 0.92285 0.06445 0.08008
0 0.2627 0.9502 0.08008 0.07812
0 0.20215 0.96338 0.04688 0.06543
0 0.85303 0.97217 0.07715 0.05566
0 0.97314 0.91406 0.05371 0.08398
0 0.86182 0.86719 0.09863 0.08398
0 0.729 0.77051 0.05176 0.07812
0 0.81006 0.75928 0.04785 0.0459
0 0.96191 0.61475 0.07617 0.06348
0 0.72754 0.63135 0.07617 0.06348
0 0.9668 0.54053 0.06641 0.07324
0 0.85596 0.4834 0.06348 0.07227
0 0.77148 0.47217 0.10742 0.05957
0 0.7207 0.38379 0.10742 0.05859
0 0.6582 0.44336 0.07227 0.06836
0 0.58057 0.48193 0.12012 0.06348
0 0.56348 0.41895 0.07422 0.06055
0 0.48145 0.51514 0.07422 0.07129
0 0.49512 0.46973 0.07422 0.05469
0 0.64502 0.30908 0.09082 0.09277
0 0.80811 0.29346 0.06348 0.07715
0 0.85498 0.24951 0.06348 0.06934
0 0.69434 0.22803 0.05469 0.06348
0 0.67188 0.1626 0.05664 0.0791
0 0.71875 0.16895 0.04883 0.06836
0 0.81982 0.11719 0.0752 0.06641
0 0.79688 0.03613 0.06641 0.07227
0 0.97119 0.41309 0.05762 0.06445
0 0.95508 0.24756 0.05078 0.05762
0 0.23633 0.05566 0.06641 0.07227
0 0.16309 0.95898 0.07617 0.07031
0 0.67725 0.56738 0.05957 0.04492
0 0.75 0.55566 0.06836 0.04883
0 0.9751 0.97852 0.0498 0.04297
