0 0.22363 0.45605 0.08594 0.13086
0 0.9248 0.33643 0.0918 0.08887
0 0.69629 0.08008 0.09961 0.09375
0 0.69922 0.29346 0.05664 0.09277
0 0.93652 0.12354 0.11523 0.08301
0 0.06104 0.33203 0.12207 0.08984
0 0.24365 0.04639 0.08301 0.07715
0 0.70947 0.38721 0.12598 0.06152
0 0.65332 0.57373 0.09375 0.05566
0 0.98096 0.44287 0.03809 0.06738
0 0.46582 0.59473 0.16016 0.05273
0 0.48291 0.0752 0.04395 0.12109
0 0.84814 0.25977 0.08691 0.05469
0 0.95508 0.0791 0.08008 0.08594
0 0.28564 0.67188 0.06348 0.08203
0 0.53662 0.18164 0.10449 0.05664
0 0.8833 0.22754 0.08301 0.05859
0 0.19482 0.81738 0.10254 0.05469
0 0.53613 0.4917 0.06641 0.06543
0 0.99365 0.06543 0.0127 0.02539
0 0.1875 0.10791 0.10547 0.06348
0 0.37744 0.88965 0.05762 0.05469
0 0.42432 0.76855 0.11816 0.06445
0 0.90869 0.45068 0.05762 0.0498
0 0.53955 0.76367 0.12207 0.04492
0 0.21924 0.71729 0.10645 0.07129
0 0.09814 0.90088 0.11035 0.05762
0 0.2832 0.10986 0.06641 0.05566
0 0.4834 0.52344 0.05469 0.03516
0 0.55957 0.82129 0.05859 0.0332
0 0.08447 0.14062 0.11035 0.05469
0 0.15332 0.43457 0.07812 0.05273
0 0.6543 0.42773 0.10156 0.13281
0 0.76074 0.4707 0.16992 0.07422
0 0.86865 0.75439 0.06152 0.05957
0 0.20654 0.24414 0.12012 0.04688
0 0.43701 0.15137 0.10449 0.05078
0 0.02832 0.20801 0.05664 0.05273
0 0.57471 0.89893 0.06543 0.03809
0 0.05859 0.27539 0.11719 0.05078
0 0.26514 0.15576 0.06738 0.05566
0 0.05518 0.94873 0.11035 0.04785
0 0.18848 0.31934 0.12695 0.05469
0 0.18213 0.79248 0.1123 0.05957
0 0.77002 0.36572 0.06543 0.05371
0 0.41211 0.12109 0.11523 0.05273
0 0.31836 0.20996 0.08008 0.07031
0 0.21777 0.26416 0.11328 0.05566
0 0.34717 0.54199 0.06543 0.04883
0 0.80664 0.92871 0.08984 0.04102
0 0.25098 0.93213 0.0957 0.04785
0 0.0957 0.05029 0.08008 0.06934
0 0.19385 0.13818 0.07129 0.07324
0 0.08008 0.09277 0.16016 0.05273
0 0.88721 0.14014 0.10059 0.10059
0 0.4248 0.55322 0.04688 0.03613
