0 0.05859 0.66846 0.10156 0.22754
0 0.02148 0.47119 0.04297 0.15918
0 0.02393 0.40625 0.04785 0.06641
0 0.13965 0.44971 0.05664 0.05176
0 0.21973 0.55811 0.06836 0.04785
0 0.14502 0.03516 0.09668 0.07031
0 0.10645 0.96289 0.06641 0.04883
0 0.39111 0.91895 0.07324 0.07812
0 0.26611 0.87256 0.1416 0.17676
0 0.18359 0.90967 0.06836 0.06934
0 0.17383 0.93896 0.04102 0.03027
0 0.17969 0.98047 0.0625 0.03906
0 0.31104 0.63379 0.1709 0.07422
0 0.44043 0.69824 0.1543 0.07812
0 0.60449 0.6626 0.17578 0.09863
0 0.62744 0.93457 0.0791 0.08984
0 0.57422 0.51416 0.10352 0.10059
0 0.43994 0.54248 0.1377 0.08887
0 0.65576 0.46289 0.0791 0.0625
0 0.68115 0.42627 0.05762 0.05176
0 0.71436 0.53613 0.0791 0.08203
0 0.30859 0.06006 0.0957 0.11426
0 0.39697 0.08789 0.08496 0.08789
0 0.42969 0.01855 0.07812 0.03711
0 0.51221 0.03516 0.13574 0.07031
0 0.73145 0.16699 0.08594 0.15234
0 0.86572 0.0918 0.11426 0.18359
0 0.87207 0.0791 0.20117 0.07227
0 0.97266 0.01855 0.05469 0.03711
0 0.96094 0.1333 0.07812 0.06934
0 0.79883 0.49219 0.0957 0.13086
0 0.73291 0.48145 0.04199 0.07227
0 0.87988 0.62793 0.08984 0.05664
0 0.76904 0.65918 0.08887 0.06641
0 0.86914 0.7251 0.13867 0.11035
0 0.78223 0.89844 0.14062 0.15039
0 0.95166 0.96484 0.08691 0.07031
0 0.96582 0.75732 0.06836 0.05957
0 0.32568 0.43506 0.06738 0.07715
0 0.25391 0.38184 0.07812 0.09961
0 0.55713 0.11084 0.1084 0.08496
