0 0.08691 0.104 0.07422 0.09668
0 0.43506 0.37598 0.11816 0.06055
0 0.6377 0.1499 0.11133 0.08301
0 0.25879 0.90674 0.0957 0.06152
0 0.83691 0.08984 0.09375 0.05469
0 0.20117 0.79248 0.10938 0.06934
0 0.44043 0.02148 0.11133 0.03906
0 0.33984 0.39111 0.05859 0.06934
0 0.84229 0.15186 0.0752 0.06543
0 0.23779 0.45508 0.09473 0.04883
0 0.72363 0.12549 0.07422 0.0498
0 0.49561 0.60352 0.05566 0.03516
0 0.39355 0.88232 0.09961 0.0498
0 0.09082 0.40137 0.11133 0.07617
0 0.91016 0.14355 0.09375 0.05664
0 0.83301 0.18115 0.09375 0.06543
0 0.97949 0.7998 0.04102 0.14062
0 0.68701 0.21533 0.08887 0.06348
0 0.7876 0.26807 0.06348 0.06738
0 0.76758 0.17139 0.06055 0.04785
0 0.33594 0.04541 0.06836 0.04395
0 0.0376 0.01074 0.07129 0.01953
0 0.6123 0.43213 0.08789 0.05957
0 0.86133 0.70312 0.06836 0.0625
0 0.30273 0.58154 0.08398 0.02246
0 0.91846 0.39307 0.09473 0.04785
0 0.12305 0.85107 0.08398 0.07129
0 0.05469 0.50146 0.10547 0.09277
0 0.73926 0.2002 0.05469 0.03516
0 0.27393 0.36084 0.07715 0.03418
0 0.19678 0.57324 0.16895 0.06445
0 0.92041 0.44238 0.0498 0.05469
0 0.65674 0.78564 0.0791 0.05566
0 0.83838 0.78271 0.07715 0.04395
0 0.86279 0.84717 0.05957 0.05566
0 0.79102 0.49609 0.04883 0.05469
0 0.84033 0.16797 0.08887 0.07617
0 0.04395 0.80518 0.08789 0.06738
0 0.43506 0.65771 0.08105 0.04395
0 0.15039 0.03125 0.09766 0.03711
0 0.18994 0.66846 0.1084 0.04395
0 0.02832 0.09619 0.05469 0.0459
0 0.47949 0.51562 0.09375 0.06445
0 0.04199 0.39551 0.08008 0.05859
0 0.1333 0.71777 0.08691 0.04102
0 0.78955 0.40723 0.0752 0.05469
0 0.99023 0.52344 0.01953 0.02148
0 0.10596 0.5166 0.09668 0.05859
0 0.14355 0.62109 0.08203 0.05078
0 0.53271 0.07324 0.05957 0.04297
0 0.31885 0.6167 0.09277 0.04199
0 0.07031 0.89893 0.11523 0.0459
0 0.47461 0.87207 0.07617 0.04688
0 0.34863 0.65771 0.07422 0.04785
0 0.73975 0.88086 0.06543 0.04883
0 0.729 0.78711 0.10254 0.04492
0 0.42139 0.60693 0.05957 0.02051
0 0.05957 0.44775 0.11914 0.04395
0 0.6875 0.74414 0.06836 0.03516
0 0.68652 0.2627 0.07031 0.0332
0 0.43311 0.84961 0.14355 0.05469
0 0.93164 0.77539 0.05078 0.05078
0 0.89844 0.53076 0.05859 0.03223
0 0.77295 0.12598 0.05371 0.04297
0 0.24854 0.29736 0.09277 0.04395
0 0.15869 0.2417 0.08105 0.03027
0 0.48682 0.75684 0.08496 0.04883
0 0.32568 0.73584 0.10449 0.08105
0 0.36523 0.83057 0.09375 0.0498
0 0.87207 0.50439 0.04297 0.03223
0 0.33594 0.51562 0.09375 0.04492
0 0.41357 0.54443 0.09668 0.05176
0 0.13916 0.27246 0.10059 0.07617
0 0.19287 0.27783 0.0791 0.04199
0 0.77539 0.88037 0.05469 0.04199
0 0.94434 0.90039 0.04102 0.0332
0 0.58252 0.53613 0.10449 0.05859
0 0.68359 0.28174 0.03711 0.02637
