0 0.22412 0.24658 0.08496 0.0752
0 0.07275 0.16895 0.11621 0.08008
0 0.04395 0.26318 0.08008 0.06934
0 0.11865 0.31201 0.05762 0.06738
0 0.40967 0.09766 0.08301 0.10352
0 0.45801 0.04688 0.10938 0.09375
0 0.62988 0.02686 0.13086 0.05371
0 0.68799 0.20898 0.08887 0.05469
0 0.59814 0.16211 0.06152 0.0625
0 0.85352 0.23486 0.07617 0.05566
0 0.82275 0.30518 0.06934 0.05371
0 0.61279 0.3042 0.08496 0.05957
0 0.99023 0.28271 0.01953 0.0752
0 0.92529 0.3042 0.05566 0.07129
0 0.97168 0.10791 0.05664 0.07129
0 0.94678 0.03174 0.05566 0.06348
0 0.81787 0.45996 0.0791 0.07031
0 0.42969 0.43018 0.14062 0.08496
0 0.06689 0.50635 0.09668 0.06738
0 0.50586 0.53516 0.10938 0.08984
0 0.55518 0.67822 0.12988 0.08496
0 0.44043 0.71973 0.10547 0.07812
0 0.7168 0.61328 0.12695 0.1543
0 0.9624 0.58789 0.0752 0.06836
0 0.87646 0.8208 0.1084 0.06543
0 0.81934 0.95898 0.09766 0.05469
0 0.85059 0.89941 0.08984 0.06445
0 0.44775 0.86963 0.08887 0.0791
0 0.28613 0.88818 0.10742 0.10449
0 0.23096 0.7749 0.07129 0.06348
0 0.06982 0.80078 0.13965 0.06641
0 0.36963 0.99219 0.05957 0.01562
0 0.99414 0.9873 0.01172 0.02539
0 0.09473 0.93701 0.08984 0.08691
0 0.51514 0.94873 0.07324 0.05957
0 0.23584 0.39453 0.10449 0.07422
0 0.56299 0.26953 0.07715 0.08984
0 0.75586 0.51855 0.07812 0.03711
0 0.68994 0.78613 0.0791 0.10352
0 0.62549 0.74219 0.06738 0.10547
0 0.22119 0.9209 0.07129 0.05273
