0 0.02881 0.74219 0.05762 0.07031
0 0.15332 0.83838 0.05078 0.04785
0 0.15039 0.90576 0.05078 0.05566
0 0.24121 0.81641 0.08008 0.08594
0 0.23877 0.9502 0.05957 0.08203
0 0.32471 0.94189 0.06543 0.05957
0 0.20312 0.95264 0.05273 0.06152
0 0.27295 0.32764 0.09473 0.08105
0 0.10596 0.20312 0.09863 0.07812
0 0.03369 0.13086 0.06738 0.07227
0 0.44971 0.03662 0.09082 0.07324
0 0.88574 0.05811 0.0918 0.11621
0 0.62744 0.2041 0.09863 0.08594
0 0.43262 0.17188 0.06641 0.06836
0 0.38574 0.2832 0.14062 0.08398
0 0.58691 0.34131 0.09766 0.0791
0 0.73633 0.4165 0.0957 0.08691
0 0.75732 0.29053 0.07715 0.07324
0 0.62158 0.44727 0.13184 0.11328
0 0.41943 0.49219 0.24902 0.11719
0 0.74414 0.52637 0.12109 0.12891
0 0.76074 0.61475 0.08008 0.09668
0 0.46484 0.73633 0.08398 0.10352
0 0.55469 0.80859 0.16797 0.08594
0 0.38867 0.88721 0.11719 0.11621
0 0.6958 0.93555 0.10254 0.06055
0 0.61426 0.97705 0.07031 0.0459
0 0.87646 0.94971 0.10645 0.06348
0 0.96533 0.91064 0.06543 0.11816
0 0.91211 0.74072 0.05859 0.06348
0 0.97705 0.38184 0.0459 0.07812
0 0.98047 0.13574 0.03906 0.07031
