0 0.10986 0.03564 0.12598 0.07129
0 0.021 0.05029 0.04199 0.06934
0 0.16016 0.21191 0.05664 0.07812
0 0.04443 0.22949 0.08496 0.08008
0 0.03125 0.29834 0.0625 0.07129
0 0.44922 0.15479 0.10156 0.05957
0 0.48633 0.08545 0.08008 0.08691
0 0.40723 0.0498 0.0957 0.07422
0 0.3335 0.11572 0.06543 0.07324
0 0.37158 0.19629 0.05176 0.08203
0 0.45654 0.24072 0.0752 0.0752
0 0.45215 0.30029 0.10742 0.06348
0 0.64307 0.24316 0.0752 0.05273
0 0.73535 0.12891 0.0625 0.0625
0 0.67627 0.31982 0.06348 0.05762
0 0.64648 0.45557 0.06445 0.08887
0 0.7373 0.45654 0.07031 0.09668
0 0.58105 0.51514 0.05664 0.11621
0 0.83008 0.27148 0.08008 0.07812
0 0.36426 0.44922 0.10742 0.13086
0 0.26904 0.45068 0.08301 0.08301
0 0.24316 0.52002 0.05664 0.07129
0 0.10498 0.51025 0.0791 0.1084
0 0.16064 0.50879 0.08301 0.08398
0 0.07666 0.56689 0.08105 0.05566
0 0.20264 0.63672 0.08887 0.05664
0 0.40576 0.56299 0.08887 0.08887
0 0.4751 0.57861 0.07129 0.07129
0 0.4209 0.66455 0.0957 0.07715
0 0.02783 0.65137 0.05371 0.08008
0 0.02539 0.7251 0.04883 0.07129
0 0.17627 0.72705 0.08105 0.07715
0 0.354 0.74316 0.07715 0.06641
0 0.5835 0.68799 0.09082 0.06934
0 0.73389 0.63379 0.09863 0.08398
0 0.6748 0.69043 0.05859 0.07031
0 0.71387 0.77246 0.08984 0.07617
0 0.90332 0.56494 0.07422 0.08887
0 0.8418 0.86621 0.07227 0.08594
0 0.8291 0.96387 0.09766 0.07227
0 0.47559 0.97607 0.08789 0.04785
0 0.38916 0.97266 0.06152 0.05469
0 0.56348 0.97266 0.05078 0.05469
0 0.65625 0.97998 0.0625 0.04004
0 0.97168 0.90918 0.05664 0.06445
0 0.93359 0.23291 0.08008 0.09473
0 0.9751 0.06836 0.0498 0.09375
0 0.8125 0.15332 0.08008 0.0918
0 0.15723 0.84668 0.07227 0.06836
0 0.33398 0.77979 0.07227 0.06543
0 0.32031 0.70996 0.07812 0.08008
0 0.39844 0.71143 0.04102 0.04785
0 0.32031 0.65234 0.03516 0.06445
0 0.01807 0.14062 0.03613 0.07812
0 0.25977 0.17334 0.06055 0.05176
0 0.37939 0.13281 0.05566 0.06055
0 0.23193 0.01562 0.05566 0.0293
0 0.33203 0.03516 0.07617 0.07031
0 0.93066 0.25586 0.0957 0.05078
