0 0.01807 0.27588 0.03613 0.07715
0 0.02148 0.79834 0.04297 0.2627
0 0.11914 0.86426 0.05859 0.16406
0 0.24854 0.9707 0.06738 0.05859
0 0.17529 0.81641 0.0498 0.12305
0 0.25635 0.7666 0.04004 0.14648
0 0.27539 0.74854 0.13867 0.16113
0 0.39795 0.7373 0.06152 0.15039
0 0.16992 0.9209 0.05078 0.10352
0 0.03955 0.11426 0.0791 0.08789
0 0.07471 0.02539 0.05371 0.05078
0 0.31738 0.04199 0.14453 0.08398
0 0.33105 0.17334 0.09375 0.0791
0 0.43506 0.1875 0.08105 0.08984
0 0.18555 0.19629 0.15625 0.07031
0 0.6123 0.77881 0.14648 0.15723
0 0.74121 0.49512 0.12695 0.16992
0 0.53174 0.33984 0.07324 0.10742
0 0.47314 0.43213 0.17285 0.08691
0 0.53369 0.24414 0.13184 0.08398
0 0.52734 0.16113 0.09766 0.05664
0 0.6001 0.06201 0.1416 0.11816
0 0.70801 0.22559 0.07227 0.12109
0 0.66943 0.31396 0.06543 0.0459
0 0.64746 0.26025 0.09766 0.0459
0 0.88721 0.23486 0.09082 0.14355
0 0.96289 0.52979 0.07422 0.10449
0 0.95361 0.67773 0.09277 0.16992
0 0.95557 0.89795 0.08887 0.14355
0 0.89648 0.91943 0.10547 0.16113
0 0.65771 0.90869 0.13184 0.05957
0 0.47168 0.97314 0.10938 0.05371
0 0.92822 0.37402 0.09473 0.12695
0 0.97217 0.37402 0.05566 0.13086
0 0.86426 0.08936 0.05664 0.11816
0 0.95068 0.07959 0.09863 0.15918
