0 0.02881 0.19482 0.05762 0.06348
0 0.02344 0.0498 0.04492 0.08789
0 0.10254 0.09277 0.05859 0.07031
0 0.2251 0.20605 0.04395 0.04688
0 0.1875 0.31006 0.10352 0.0791
0 0.18213 0.37549 0.06543 0.06738
0 0.22021 0.43164 0.0791 0.07031
0 0.38379 0.37891 0.0918 0.05664
0 0.38232 0.32471 0.07129 0.05957
0 0.50732 0.22266 0.08105 0.06445
0 0.41943 0.18506 0.06543 0.06543
0 0.59814 0.19531 0.08887 0.08398
0 0.70801 0.25879 0.11719 0.06641
0 0.8916 0.23486 0.10742 0.06738
0 0.86963 0.12744 0.12012 0.06348
0 0.68262 0.02002 0.08008 0.04004
0 0.53906 0.50635 0.07227 0.05762
0 0.729 0.3252 0.08691 0.07617
0 0.83301 0.30225 0.08398 0.05176
0 0.87939 0.38525 0.07129 0.06543
0 0.92383 0.4873 0.12109 0.10547
0 0.93555 0.60254 0.06055 0.05469
0 0.8125 0.6499 0.10156 0.06152
0 0.80566 0.72217 0.07227 0.0752
0 0.90186 0.75537 0.08105 0.05176
0 0.90918 0.86279 0.11328 0.06348
0 0.81494 0.83789 0.07129 0.0625
0 0.64404 0.78906 0.08301 0.09961
0 0.39893 0.71094 0.07129 0.05664
0 0.34082 0.64893 0.07617 0.07324
0 0.40381 0.61475 0.06934 0.05371
0 0.49268 0.61475 0.10254 0.06934
0 0.30713 0.56152 0.10254 0.06641
0 0.11328 0.57861 0.05859 0.06152
0 0.01807 0.64014 0.03613 0.06738
0 0.08789 0.80469 0.08008 0.0625
0 0.04492 0.84961 0.0625 0.07422
0 0.04395 0.92627 0.08789 0.09277
0 0.20166 0.87744 0.07715 0.06738
0 0.15381 0.80762 0.07715 0.06836
0 0.3208 0.85547 0.08691 0.10352
0 0.47656 0.87744 0.0918 0.07715
0 0.39746 0.95947 0.05859 0.07324
0 0.12549 0.97461 0.06738 0.05078
0 0.04688 0.29883 0.07422 0.10352
0 0.86084 0.54688 0.08496 0.06055
0 0.50732 0.77197 0.08105 0.06152
0 0.14502 0.2207 0.05957 0.06836
0 0.46191 0.05908 0.06641 0.05762
0 0.88916 0.80762 0.07324 0.05273
0 0.97363 0.63281 0.04688 0.07617
0 0.68506 0.31396 0.05957 0.06738
0 0.2373 0.65918 0.05469 0.02344
0 0.90381 0.63232 0.05762 0.03613
