0 0.03662 0.02393 0.07324 0.04785
0 0.03271 0.09033 0.06543 0.06934
0 0.21436 0.06006 0.07129 0.05957
0 0.15039 0.08838 0.05469 0.08301
0 0.22314 0.01514 0.10254 0.03027
0 0.62549 0.02637 0.11621 0.05273
0 0.62549 0.09717 0.11621 0.1084
0 0.74902 0.01221 0.09375 0.02441
0 0.86768 0.04688 0.06934 0.09375
0 0.75879 0.22852 0.17578 0.09766
0 0.77441 0.37305 0.0918 0.07812
0 0.63135 0.33594 0.06348 0.06641
0 0.24023 0.2002 0.0625 0.08398
0 0.21973 0.12598 0.10156 0.05273
0 0.06104 0.20312 0.07324 0.09375
0 0.94336 0.47363 0.08203 0.07031
0 0.90137 0.47363 0.0625 0.08984
0 0.8042 0.53516 0.17285 0.10742
0 0.59619 0.5835 0.0791 0.05176
0 0.46729 0.47607 0.12207 0.09668
0 0.10742 0.52539 0.07227 0.0625
0 0.06982 0.62939 0.13965 0.09668
0 0.09424 0.76807 0.12793 0.09863
0 0.5 0.72119 0.13477 0.15137
0 0.68604 0.7959 0.1416 0.15039
0 0.81396 0.89404 0.10449 0.10254
0 0.97559 0.59131 0.04883 0.08301
0 0.12354 0.94336 0.10059 0.11328
0 0.0332 0.97217 0.05664 0.05566
0 0.30176 0.96777 0.08008 0.06445
0 0.87988 0.96387 0.07422 0.07227
