0 0.6416 0.95898 0.11719 0.07227
0 0.61035 0.87012 0.07422 0.07227
0 0.28418 0.94678 0.06836 0.10645
0 0.33105 0.94775 0.0625 0.10449
0 0.22412 0.82373 0.05371 0.05566
0 0.12988 0.84473 0.06055 0.05469
0 0.40234 0.76514 0.07422 0.0752
0 0.90332 0.87842 0.06445 0.10059
0 0.93945 0.79297 0.06445 0.08203
0 0.87842 0.76758 0.07129 0.08984
0 0.97656 0.84326 0.04688 0.05566
0 0.92334 0.69971 0.07324 0.06934
0 0.33789 0.6665 0.08008 0.09277
0 0.19873 0.62646 0.0752 0.09473
0 0.02637 0.84082 0.05273 0.07422
0 0.40186 0.396 0.07715 0.1416
0 0.41943 0.2998 0.06934 0.08008
0 0.54785 0.24951 0.11328 0.12793
0 0.59375 0.14111 0.05273 0.06348
0 0.53857 0.13721 0.06543 0.06152
0 0.41699 0.10693 0.0625 0.06543
0 0.22021 0.13184 0.13574 0.09766
0 0.96924 0.26855 0.06152 0.06836
0 0.87354 0.21582 0.20605 0.10742
0 0.97949 0.11963 0.04102 0.12012
0 0.00879 0.12988 0.01758 0.11523
0 0.46045 0.26953 0.04199 0.05273
0 0.30957 0.21143 0.04297 0.04395
0 0.58789 0.78076 0.05078 0.04785
