0 0.01221 0.52246 0.02441 0.08203
0 0.06787 0.59033 0.07324 0.07324
0 0.12988 0.70068 0.07031 0.07715
0 0.2915 0.56641 0.08691 0.07617
0 0.40039 0.6709 0.10352 0.0625
0 0.4375 0.73486 0.06055 0.08301
0 0.14551 0.84277 0.06836 0.08008
0 0.19727 0.90723 0.08594 0.06445
0 0.25781 0.78564 0.0625 0.07129
0 0.46875 0.8374 0.09766 0.06348
0 0.48828 0.89551 0.07617 0.06836
0 0.59131 0.8335 0.09668 0.0791
0 0.54883 0.64893 0.08984 0.08301
0 0.54541 0.97754 0.12402 0.04492
0 0.71582 0.89697 0.06836 0.07129
0 0.03271 0.14502 0.06543 0.09473
0 0.0625 0.05908 0.08398 0.08105
0 0.14307 0.04102 0.09082 0.06445
0 0.13281 0.18213 0.06836 0.07715
0 0.20215 0.23291 0.07422 0.05371
0 0.12598 0.31445 0.07422 0.06836
0 0.33447 0.3374 0.05371 0.07715
0 0.38525 0.33545 0.0498 0.06348
0 0.34814 0.2085 0.08301 0.06348
0 0.44727 0.06055 0.0918 0.06641
0 0.86475 0.81299 0.05371 0.06543
0 0.80469 0.77295 0.07227 0.05957
0 0.75488 0.81543 0.05078 0.05859
0 0.96729 0.68213 0.06543 0.06543
0 0.79102 0.56348 0.08594 0.08594
0 0.67725 0.55273 0.08301 0.08984
0 0.69629 0.42871 0.08203 0.08789
0 0.95068 0.41455 0.09863 0.09082
0 0.69043 0.05078 0.0625 0.0918
0 0.71973 0.10107 0.06641 0.06543
0 0.6333 0.08545 0.05566 0.08301
0 0.56348 0.07373 0.10938 0.05957
0 0.85791 0.34473 0.04004 0.04883
0 0.78125 0.26221 0.05273 0.0752
0 0.43164 0.11377 0.08984 0.05762
0 0.45166 0.23877 0.06934 0.06348
0 0.18115 0.01074 0.08496 0.02148
0 0.34912 0.00635 0.05762 0.0127
0 0.23779 0.75488 0.06934 0.04688
0 0.18213 0.83301 0.0459 0.04297
0 0.82324 0.35107 0.04297 0.05566
0 0.6792 0.48145 0.05957 0.04492
0 0.12744 0.64551 0.06738 0.05664
0 0.57568 0.75635 0.0752 0.06152
