0 0.15234 0.04688 0.06445 0.09375
0 0.021 0.29102 0.04199 0.12695
0 0.15283 0.24951 0.07129 0.13184
0 0.04346 0.92529 0.06738 0.0791
0 0.11768 0.73389 0.08105 0.11816
0 0.04199 0.65283 0.05859 0.06543
0 0.01074 0.53662 0.02148 0.09082
0 0.11182 0.58887 0.08105 0.07227
0 0.23389 0.47705 0.04199 0.04199
0 0.43604 0.42285 0.06738 0.06445
0 0.48242 0.68555 0.05469 0.17188
0 0.29199 0.66797 0.06641 0.06445
0 0.38623 0.71484 0.06152 0.07031
0 0.33984 0.85107 0.07031 0.07324
0 0.4292 0.88037 0.12012 0.09277
0 0.68652 0.81494 0.03906 0.06934
0 0.60693 0.41553 0.06934 0.06543
0 0.43115 0.33447 0.12207 0.06934
0 0.27344 0.30713 0.07031 0.09082
0 0.24854 0.38428 0.06152 0.0791
0 0.40479 0.24365 0.05762 0.14551
0 0.35889 0.06494 0.05566 0.09668
0 0.5127 0.05908 0.08398 0.06152
0 0.64502 0.00928 0.0791 0.01855
0 0.77686 0.03906 0.06152 0.07812
0 0.75537 0.17627 0.0498 0.06543
0 0.71484 0.229 0.16016 0.12012
0 0.74658 0.33008 0.09277 0.08398
0 0.98145 0.11426 0.03711 0.11133
0 0.91162 0.01123 0.06543 0.02246
0 0.88672 0.44971 0.07031 0.08105
0 0.81055 0.64648 0.07812 0.0625
0 0.89307 0.68164 0.07129 0.13086
0 0.98242 0.6416 0.03516 0.12305
0 0.34521 0.54248 0.07324 0.06348
0 0.33594 0.23975 0.11328 0.07324
