0 0.05762 0.03467 0.11523 0.06934
0 0.04688 0.7749 0.09375 0.10645
0 0.0166 0.32715 0.0332 0.05859
0 0.06982 0.30762 0.05957 0.05859
0 0.06641 0.4126 0.13281 0.08496
0 0.18555 0.33643 0.07227 0.07324
0 0.19824 0.20166 0.08398 0.0791
0 0.03271 0.95068 0.06543 0.09863
0 0.16016 0.91943 0.14062 0.06543
0 0.3374 0.87744 0.08105 0.08105
0 0.43115 0.82715 0.08105 0.11719
0 0.51123 0.80273 0.07324 0.14453
0 0.66016 0.8335 0.08984 0.08496
0 0.5127 0.65625 0.13477 0.07031
0 0.37451 0.50781 0.21387 0.09766
0 0.49951 0.43115 0.12207 0.08105
0 0.38916 0.36475 0.07129 0.06934
0 0.2832 0.33203 0.09961 0.14062
0 0.41016 0.23438 0.07812 0.07227
0 0.51367 0.23242 0.09961 0.08203
0 0.70557 0.44531 0.06543 0.10938
0 0.771 0.78906 0.07129 0.09375
0 0.66699 0.92285 0.0625 0.05859
0 0.91797 0.96045 0.13086 0.0791
0 0.94922 0.85693 0.10156 0.09863
0 0.93066 0.75098 0.07617 0.08398
0 0.83594 0.57715 0.14844 0.23047
0 0.97217 0.50195 0.05566 0.06836
0 0.84131 0.32812 0.24121 0.07617
0 0.75781 0.21924 0.08398 0.06738
0 0.72461 0.09619 0.07227 0.10059
0 0.8418 0.10449 0.15234 0.07031
0 0.66113 0.01758 0.22656 0.03516
0 0.41357 0.04004 0.17871 0.08008
0 0.28369 0.13721 0.15137 0.12207
0 0.98193 0.69922 0.03613 0.15234
0 0.97705 0.13184 0.0459 0.07617
