0 0.94678 0.74902 0.10254 0.06641
0 0.78418 0.64697 0.03516 0.09473
0 0.27783 0.0293 0.1084 0.05859
0 0.75098 0.11377 0.11133 0.05957
0 0.9751 0.37256 0.0498 0.09863
0 0.79785 0.1665 0.11328 0.06152
0 0.67188 0.0332 0.06445 0.06641
0 0.33447 0.68652 0.06543 0.05859
0 0.66602 0.18457 0.09375 0.0957
0 0.81689 0.4585 0.11816 0.10254
0 0.84521 0.28857 0.18457 0.05566
0 0.61963 0.27686 0.13965 0.08496
0 0.74316 0.43018 0.10156 0.09668
0 0.21582 0.64844 0.07617 0.04102
0 0.51123 0.75586 0.05566 0.09766
0 0.10352 0.12549 0.09961 0.04199
0 0.17383 0.76953 0.15039 0.05469
0 0.03955 0.52197 0.0791 0.06934
0 0.82959 0.07471 0.08105 0.04395
0 0.23779 0.479 0.08691 0.0498
0 0.39893 0.55566 0.08887 0.04688
0 0.43896 0.24951 0.06738 0.19629
0 0.4209 0.29736 0.06641 0.14746
0 0.34326 0.52344 0.15918 0.0332
0 0.11816 0.44043 0.10352 0.0332
0 0.38281 0.39014 0.18555 0.0791
0 0.1416 0.98291 0.14648 0.03418
0 0.50488 0.85986 0.1543 0.08105
0 0.97021 0.46191 0.05957 0.04297
0 0.04395 0.44971 0.08398 0.09473
0 0.98633 0.90283 0.02734 0.05176
0 0.66943 0.72949 0.15527 0.06445
0 0.57324 0.97705 0.0293 0.0459
0 0.04785 0.60547 0.07812 0.04102
0 0.27344 0.97559 0.08984 0.04492
0 0.49951 0.60791 0.12207 0.03809
0 0.88867 0.58789 0.09375 0.0293
0 0.73779 0.94971 0.14941 0.09668
0 0.29834 0.17725 0.19629 0.14551
0 0.71094 0.84521 0.05273 0.07715
0 0.96045 0.16113 0.0791 0.03711
0 0.91504 0.24316 0.10352 0.0293
0 0.63867 0.68506 0.0625 0.04004
0 0.37012 0.42969 0.10938 0.0332
0 0.15283 0.07861 0.1416 0.03418
0 0.98779 0.9624 0.02441 0.05566
0 0.08301 0.0376 0.04102 0.0752
0 0.95654 0.89502 0.08691 0.02051
0 0.74219 0.88379 0.03125 0.08789
0 0.66895 0.36377 0.12305 0.03223
0 0.56348 0.50977 0.12305 0.09961
0 0.8916 0.04297 0.11133 0.03516
0 0.79785 0.0332 0.07227 0.02539
0 0.21045 0.53076 0.06934 0.02832
0 0.94824 0.27246 0.04883 0.0332
0 0.44678 0.12939 0.11816 0.06934
0 0.97314 0.42139 0.05371 0.02246
0 0.24414 0.84961 0.08984 0.03125
0 0.58984 0.21045 0.05859 0.06152
0 0.66895 0.35059 0.13086 0.05859
0 0.89893 0.021 0.0791 0.04199
0 0.33154 0.85645 0.12988 0.04297
0 0.53516 0.52832 0.06641 0.07617
0 0.12158 0.64648 0.10449 0.0332
0 0.63569 0.12114 0.10459 0.03174
0 0.74609 0.77246 0.05664 0.02148
0 0.86035 0.84863 0.14062 0.10742
0 0.33398 0.18359 0.1543 0.07422
0 0.51562 0.1709 0.16211 0.03906
0 0.30908 0.2915 0.12598 0.06543
0 0.03955 0.68604 0.07715 0.05371
0 0.55469 0.74854 0.06445 0.13965
0 0.48926 0.81104 0.09375 0.04785
0 0.19531 0.74414 0.10742 0.04688
0 0.84717 0.23584 0.04395 0.04199
0 0.10986 0.53027 0.12207 0.05469
0 0.34424 0.07178 0.08496 0.04199
