0 0.9502 0.10449 0.09961 0.1875
0 0.97119 0.35645 0.05762 0.12891
0 0.97998 0.74268 0.04004 0.12012
0 0.81348 0.80371 0.08984 0.12695
0 0.31885 0.39014 0.19629 0.1748
0 0.49658 0.1001 0.16895 0.11621
0 0.48682 0.78369 0.22363 0.12012
0 0.6123 0.01709 0.09766 0.03418
0 0.52002 0.01221 0.07715 0.02441
0 0.34229 0.04639 0.16309 0.09277
0 0.17236 0.11523 0.10449 0.07031
0 0.18213 0.06445 0.0752 0.04102
0 0.05859 0.02881 0.11719 0.05762
0 0.16699 0.22656 0.08008 0.08984
0 0.05078 0.19873 0.10156 0.11816
0 0.07764 0.47217 0.13379 0.06348
0 0.07129 0.52686 0.14258 0.05176
0 0.29004 0.54004 0.13281 0.08008
0 0.10498 0.64893 0.14355 0.08691
0 0.15723 0.71191 0.12109 0.06445
0 0.35107 0.67969 0.12598 0.12891
0 0.23145 0.84521 0.16797 0.21582
0 0.10645 0.94922 0.12305 0.10156
0 0.59912 0.86377 0.1123 0.08887
0 0.4751 0.9541 0.09277 0.0918
0 0.72314 0.60693 0.07715 0.08301
0 0.96191 0.48047 0.07617 0.09375
0 0.82324 0.68262 0.11719 0.0918
0 0.15039 0.82324 0.06641 0.08008
0 0.8999 0.75244 0.08105 0.06934
0 0.90967 0.90576 0.12207 0.0791
0 0.85205 0.9751 0.11035 0.0498
0 0.37012 0.84033 0.24219 0.19434
0 0.91162 0.10498 0.11035 0.11426
