0 0.35449 0.04395 0.0918 0.08789
0 0.47559 0.32129 0.09375 0.12891
0 0.93408 0.42334 0.05762 0.09863
0 0.56494 0.64941 0.09668 0.05273
0 0.46094 0.43506 0.06445 0.12988
0 0.14258 0.44287 0.11719 0.11035
0 0.63916 0.72998 0.15332 0.08496
0 0.60498 0.48535 0.05566 0.13672
0 0.50928 0.21631 0.13379 0.07129
0 0.97559 0.84619 0.04688 0.09473
0 0.7749 0.11475 0.08105 0.12598
0 0.97119 0.24756 0.05371 0.06738
0 0.7251 0.23438 0.07715 0.0957
0 0.46631 0.52197 0.05566 0.04785
0 0.73682 0.92969 0.06152 0.14062
0 0.92822 0.74463 0.0791 0.13574
0 0.85596 0.04199 0.04395 0.08398
0 0.4458 0.05957 0.07715 0.11914
0 0.24463 0.59424 0.06934 0.06348
0 0.7915 0.94092 0.0498 0.11426
0 0.4209 0.52295 0.04492 0.09473
0 0.38916 0.36768 0.09473 0.09277
0 0.44434 0.9126 0.08789 0.0498
0 0.34521 0.4917 0.03223 0.08496
0 0.2168 0.41748 0.05664 0.05957
0 0.38623 0.79883 0.04785 0.08984
0 0.19141 0.18164 0.18945 0.13672
0 0.18359 0.66943 0.07812 0.06738
0 0.53809 0.9292 0.0957 0.06934
0 0.82129 0.61719 0.0293 0.08008
0 0.6084 0.81348 0.07031 0.07031
0 0.52832 0.75781 0.09766 0.25
0 0.22852 0.54004 0.11719 0.04492
0 0.61621 0.9707 0.10547 0.05859
0 0.09863 0.53027 0.18555 0.08008
0 0.44482 0.84521 0.09863 0.09082
0 0.83398 0.81299 0.16211 0.06934
0 0.8208 0.35449 0.12012 0.16797
0 0.92871 0.63867 0.14258 0.25
0 0.24805 0.35645 0.15625 0.09375
0 0.04004 0.68848 0.08008 0.05664
0 0.18604 0.57227 0.04004 0.08594
0 0.76709 0.13672 0.18652 0.11914
0 0.33105 0.36816 0.02539 0.07812
0 0.30225 0.22852 0.04785 0.09375
0 0.58301 0.35742 0.11328 0.10742
0 0.02734 0.43115 0.05469 0.0498
0 0.16602 0.9458 0.11914 0.1084
0 0.52881 0.07471 0.09473 0.05371
0 0.35059 0.45215 0.17773 0.14258
0 0.07764 0.55811 0.0498 0.0459
0 0.55371 0.43066 0.0918 0.21094
0 0.74951 0.33545 0.04199 0.12793
0 0.30859 0.28613 0.07617 0.06055
0 0.87744 0.6084 0.04395 0.0918
