0 0.49756 0.22363 0.08887 0.10547
0 0.55615 0.1416 0.08301 0.12695
0 0.3252 0.19678 0.125 0.0791
0 0.18066 0.21436 0.10742 0.0752
0 0.22461 0.04736 0.0957 0.06543
0 0.14502 0.39453 0.08691 0.125
0 0.03418 0.54004 0.06836 0.07227
0 0.43408 0.43164 0.10449 0.10156
0 0.51367 0.53369 0.12109 0.08105
0 0.57764 0.37354 0.07129 0.09082
0 0.62549 0.46094 0.09473 0.09961
0 0.68018 0.32715 0.06152 0.16406
0 0.74658 0.29395 0.06152 0.13867
0 0.92871 0.2832 0.0957 0.08984
0 0.87109 0.15967 0.14258 0.08301
0 0.79834 0.0498 0.06348 0.08789
0 0.99023 0.2041 0.01953 0.07812
0 0.2749 0.72266 0.08496 0.06836
0 0.04785 0.63721 0.0918 0.0752
0 0.55811 0.78418 0.08301 0.0957
0 0.70215 0.78516 0.08984 0.06641
0 0.83301 0.52295 0.15234 0.16504
0 0.93213 0.60254 0.05762 0.10938
0 0.8877 0.3916 0.10742 0.10156
0 0.97656 0.43311 0.04688 0.19824
0 0.17578 0.88965 0.08984 0.16211
0 0.12451 0.89307 0.0498 0.07129
0 0.04492 0.9502 0.08984 0.06445
0 0.44141 0.96533 0.13867 0.06934
0 0.51172 0.96045 0.10938 0.0791
0 0.68506 0.94873 0.06348 0.04395
0 0.80029 0.92627 0.05957 0.08105
0 0.73926 0.95557 0.12891 0.08887
0 0.0625 0.28271 0.125 0.05566
0 0.13232 0.59521 0.13379 0.05957
0 0.3252 0.10449 0.08203 0.07617
0 0.75732 0.35059 0.07129 0.12109
0 0.95703 0.81885 0.08594 0.08496
0 0.06201 0.04883 0.04785 0.08008
