0 0.8208 0.38672 0.05566 0.08398
0 0.01318 0.06787 0.02637 0.09863
0 0.27881 0.82324 0.0498 0.08398
0 0.94678 0.80273 0.05762 0.08984
0 0.95557 0.26562 0.08887 0.08594
0 0.09814 0.0835 0.03418 0.08887
0 0.09326 0.34912 0.07324 0.08301
0 0.75098 0.77148 0.04688 0.10156
0 0.52588 0.0293 0.04785 0.05859
0 0.41895 0.04785 0.04102 0.08789
0 0.3291 0.74316 0.04102 0.08984
0 0.74463 0.28271 0.06738 0.05176
0 0.12549 0.9165 0.12207 0.11621
0 0.72705 0.59131 0.07324 0.06543
0 0.68555 0.78027 0.09961 0.12891
0 0.67432 0.37598 0.10449 0.0625
0 0.50098 0.28271 0.03711 0.10449
0 0.90283 0.94482 0.05176 0.09668
0 0.55176 0.61523 0.07227 0.0625
0 0.01367 0.43262 0.02734 0.05859
0 0.59521 0.97168 0.05371 0.05664
0 0.03516 0.66846 0.05469 0.05176
0 0.20117 0.61084 0.0625 0.06738
0 0.16553 0.48779 0.02441 0.06934
0 0.96973 0.4458 0.05469 0.12793
0 0.81689 0.04004 0.06348 0.04102
0 0.46631 0.49365 0.04199 0.06738
0 0.61865 0.02051 0.03809 0.04102
0 0.49097 0.11294 0.12354 0.03721
0 0.03613 0.07275 0.06445 0.04395
0 0.23486 0.25146 0.05762 0.05566
0 0.12939 0.17969 0.06348 0.04883
0 0.80615 0.14648 0.02441 0.06641
0 0.68555 0.28516 0.06055 0.08008
0 0.36914 0.03564 0.03906 0.06543
0 0.15674 0.70215 0.0459 0.06055
0 0.21387 0.97607 0.04102 0.04199
0 0.26104 0.66318 0.10684 0.05859
0 0.22217 0.04541 0.08691 0.05957
0 0.10498 0.6748 0.05566 0.04883
0 0.52295 0.72217 0.0498 0.04004
0 0.61914 0.19287 0.05859 0.04004
0 0.9585 0.32178 0.02637 0.05957
0 0.82666 0.54004 0.04395 0.0293
0 0.08789 0.20068 0.0918 0.04785
0 0.57422 0.97363 0.03516 0.05273
0 0.52441 0.93262 0.03906 0.03906
0 0.98779 0.14453 0.02441 0.06641
0 0.55322 0.51367 0.03027 0.04102
0 0.25732 0.979 0.03613 0.04199
0 0.58838 0.3667 0.05566 0.04004
0 0.46533 0.93359 0.0498 0.05078
0 0.42969 0.57715 0.06055 0.0332
0 0.49561 0.97607 0.08301 0.04004
0 0.43008 0.21934 0.04102 0.05176
0 0.82031 0.30908 0.0625 0.05371
0 0.43311 0.42969 0.06543 0.04883
0 0.65039 0.45996 0.06641 0.05273
0 0.49561 0.54248 0.05566 0.03223
0 0.99219 0.0415 0.01562 0.05566
0 0.72803 0.93066 0.05762 0.07422
0 0.80029 0.98633 0.05371 0.02734
0 0.68994 0.97559 0.06152 0.04688
0 0.67432 0.88477 0.02637 0.04883
0 0.90576 0.854 0.06348 0.13574
0 0.66016 0.84766 0.03711 0.03906
0 0.40234 0.76904 0.04297 0.03809
0 0.08057 0.01318 0.05371 0.02637
0 0.77588 0.58057 0.06152 0.05176
0 0.4126 0.95703 0.04004 0.04102
0 0.60742 0.40039 0.02734 0.0332
