0 0.08301 0.87646 0.07812 0.05371
0 0.20312 0.95068 0.07031 0.06543
0 0.01562 0.73682 0.03125 0.04395
0 0.02197 0.64307 0.04395 0.09473
0 0.01221 0.54395 0.02441 0.08398
0 0.02295 0.24219 0.0459 0.07812
0 0.06738 0.29639 0.0625 0.07129
0 0.32666 0.14404 0.07715 0.06152
0 0.37012 0.33691 0.07617 0.11133
0 0.26465 0.48389 0.0625 0.05762
0 0.71582 0.48975 0.07227 0.13379
0 0.66064 0.50879 0.05566 0.04883
0 0.60547 0.56982 0.08398 0.11035
0 0.68994 0.61768 0.08496 0.0752
0 0.70264 0.66553 0.08691 0.06152
0 0.69482 0.70654 0.09277 0.08301
0 0.64209 0.83057 0.11426 0.08105
0 0.59961 0.88672 0.0957 0.0625
0 0.27197 0.74316 0.05957 0.05664
0 0.32568 0.83008 0.05957 0.05078
0 0.36963 0.77002 0.1084 0.06348
0 0.46484 0.76562 0.06445 0.07031
0 0.38086 0.82324 0.04883 0.04492
0 0.39795 0.66846 0.07129 0.08691
0 0.48486 0.67041 0.06348 0.07129
0 0.85498 0.7959 0.06934 0.07227
0 0.73291 0.93896 0.06543 0.07129
0 0.92822 0.85889 0.13184 0.06934
0 0.93457 0.68359 0.08398 0.05664
0 0.97314 0.62988 0.05371 0.05664
0 0.51025 0.12549 0.07324 0.10059
0 0.65479 0.15967 0.07324 0.09277
0 0.79639 0.16016 0.08691 0.08984
0 0.85449 0.03906 0.08789 0.07617
0 0.97461 0.02734 0.03906 0.05469
