0 0.27344 0.0542 0.14844 0.1084
0 0.07959 0.19922 0.10449 0.11719
0 0.38672 0.02881 0.0625 0.05762
0 0.62354 0.01758 0.09082 0.03516
0 0.4751 0.04297 0.06543 0.08008
0 0.51123 0.11963 0.06543 0.06738
0 0.64648 0.11768 0.15234 0.10059
0 0.80273 0.0293 0.08203 0.05859
0 0.64795 0.21631 0.12793 0.07715
0 0.84131 0.20166 0.07324 0.05957
0 0.77002 0.37891 0.09082 0.10938
0 0.96045 0.15381 0.0791 0.06934
0 0.90869 0.40771 0.11035 0.13379
0 0.8418 0.51367 0.11523 0.16016
0 0.71484 0.48291 0.15625 0.16113
0 0.25586 0.42383 0.2793 0.22266
0 0.07471 0.44336 0.09668 0.07617
0 0.08789 0.60498 0.08984 0.06348
0 0.34131 0.81396 0.06934 0.06543
0 0.1626 0.94336 0.0791 0.07031
0 0.27051 0.96289 0.08008 0.07422
0 0.93506 0.61377 0.12012 0.13965
