0 0.91211 0.97754 0.07422 0.04492
0 0.77832 0.30176 0.08984 0.07422
0 0.96875 0.76465 0.05664 0.07422
0 0.66162 0.31104 0.09473 0.06543
0 0.62842 0.25537 0.10059 0.07324
0 0.31641 0.83008 0.07422 0.05664
0 0.89307 0.20996 0.05957 0.17383
0 0.39014 0.6582 0.15527 0.08984
0 0.25146 0.65283 0.11621 0.13184
0 0.94971 0.14014 0.0791 0.28027
0 0.43311 0.02295 0.08691 0.0459
0 0.32471 0.0752 0.10254 0.15039
0 0.20361 0.05762 0.06738 0.04688
0 0.13281 0.01709 0.07227 0.03418
0 0.28955 0.47168 0.09668 0.06055
0 0.16309 0.96729 0.0918 0.06543
0 0.04736 0.9624 0.09473 0.0752
0 0.79199 0.51074 0.09375 0.10352
0 0.79248 0.58789 0.0791 0.0918
0 0.88379 0.52979 0.06641 0.05762
0 0.93408 0.64795 0.08105 0.0752
0 0.75146 0.69482 0.05957 0.0498
0 0.88574 0.73682 0.07422 0.08496
0 0.78027 0.85303 0.0918 0.10059
0 0.86719 0.86084 0.07031 0.06934
0 0.82812 0.9541 0.06836 0.0918
0 0.90088 0.22168 0.13574 0.16797
0 0.83447 0.34375 0.08496 0.07422
0 0.03906 0.77393 0.04688 0.03223
0 0.05664 0.7959 0.03711 0.07812
