0 0.90527 0.05664 0.07617 0.11328
0 0.73633 0.10791 0.23047 0.16699
0 0.5625 0.0542 0.1582 0.1084
0 0.9834 0.05908 0.0332 0.11816
0 0.03369 0.08203 0.06738 0.13867
0 0.21191 0.2373 0.14062 0.16016
0 0.44141 0.2373 0.16211 0.10938
0 0.29199 0.38721 0.24219 0.15723
0 0.72412 0.26416 0.07715 0.07129
0 0.74463 0.33105 0.0752 0.07812
0 0.75537 0.43213 0.19238 0.16504
0 0.94385 0.37842 0.09277 0.10449
0 0.90967 0.59033 0.0752 0.08105
0 0.81885 0.6792 0.09277 0.09473
0 0.79395 0.76416 0.10742 0.08301
0 0.81104 0.83789 0.15723 0.08789
0 0.51465 0.68945 0.16211 0.31445
0 0.29883 0.65186 0.08984 0.08105
0 0.14941 0.86865 0.10352 0.06543
0 0.16748 0.78418 0.19043 0.11133
0 0.04004 0.48193 0.08008 0.08887
0 0.68115 0.90088 0.0752 0.06152
0 0.26025 0.14209 0.16895 0.09668
0 0.36035 0.97168 0.11914 0.05664
0 0.39355 0.33887 0.17969 0.07422
0 0.11572 0.08252 0.12207 0.06934
0 0.06006 0.6416 0.12012 0.08008
0 0.88965 0.48828 0.17969 0.13086
