0 0.03809 0.28223 0.07617 0.21094
0 0.12354 0.17334 0.08691 0.0791
0 0.16309 0.25244 0.07617 0.06738
0 0.24854 0.24951 0.0791 0.1084
0 0.47119 0.05908 0.08301 0.11816
0 0.39844 0.07666 0.06055 0.08105
0 0.19775 0.44482 0.16895 0.19043
0 0.38965 0.55713 0.13086 0.12988
0 0.06445 0.62744 0.11523 0.09082
0 0.34668 0.69287 0.10938 0.0752
0 0.18115 0.79248 0.08301 0.06738
0 0.51611 0.97021 0.1709 0.05957
0 0.28125 0.91797 0.08594 0.07422
0 0.52637 0.86621 0.13867 0.09766
0 0.54932 0.62646 0.1123 0.17676
0 0.67383 0.56787 0.09766 0.16699
0 0.85645 0.50391 0.11719 0.11328
0 0.86279 0.38428 0.1084 0.11621
0 0.62842 0.29248 0.10059 0.18262
0 0.55029 0.36865 0.0752 0.14941
0 0.83008 0.12988 0.10352 0.10352
0 0.97363 0.10254 0.05273 0.12891
0 0.9873 0.25537 0.02539 0.08887
0 0.97559 0.73193 0.04883 0.09277
0 0.83643 0.74854 0.07715 0.0791
0 0.67139 0.80908 0.07129 0.09277
0 0.81885 0.91504 0.07715 0.07227
0 0.88916 0.97168 0.07129 0.05664
0 0.7207 0.02832 0.10742 0.05664
0 0.44482 0.27734 0.10254 0.14453
