0 0.0083 0.50439 0.0166 0.0752
0 0.01123 0.40283 0.02246 0.07129
0 0.10498 0.14209 0.09668 0.07324
0 0.08252 0.2373 0.08887 0.08984
0 0.21045 0.27295 0.0791 0.06543
0 0.25879 0.32227 0.0918 0.07227
0 0.21582 0.41309 0.10547 0.07617
0 0.08936 0.52246 0.0791 0.12695
0 0.40918 0.47559 0.10352 0.09766
0 0.47949 0.54004 0.11719 0.12305
0 0.58057 0.40918 0.08887 0.0918
0 0.64502 0.40332 0.09473 0.08398
0 0.51221 0.25049 0.0791 0.06738
0 0.59375 0.22998 0.08789 0.06934
0 0.52295 0.15088 0.08887 0.0752
0 0.40527 0.13916 0.10352 0.05566
0 0.24805 0.11377 0.125 0.06348
0 0.31104 0.19189 0.07715 0.08105
0 0.71387 0.62061 0.13672 0.08496
0 0.72656 0.71436 0.11133 0.08301
0 0.90527 0.81494 0.10352 0.09277
0 0.65186 0.96045 0.1084 0.0791
0 0.96338 0.96143 0.07324 0.06543
0 0.86475 0.41357 0.1084 0.08301
0 0.90234 0.23291 0.08984 0.07129
0 0.93701 0.13721 0.11035 0.06738
0 0.72607 0.13037 0.06543 0.06934
0 0.60596 0.0459 0.09082 0.0918
0 0.96143 0.59863 0.07715 0.07031
0 0.30908 0.8374 0.08105 0.0752
0 0.02197 0.88135 0.04395 0.05957
0 0.02588 0.93652 0.05176 0.11133
0 0.03564 0.33496 0.07129 0.07422
0 0.02197 0.25244 0.04395 0.05762
