0 0.10596 0.34229 0.10059 0.06543
0 0.05615 0.05322 0.08105 0.08301
0 0.21045 0.00684 0.0752 0.01367
0 0.2666 0.02344 0.06055 0.04688
0 0.33691 0.07178 0.06641 0.10645
0 0.39111 0.13037 0.09473 0.08887
0 0.46973 0.13037 0.08594 0.08301
0 0.64746 0.22656 0.07812 0.08008
0 0.66895 0.31543 0.08594 0.09766
0 0.94238 0.31592 0.11523 0.0791
0 0.76953 0.04785 0.07812 0.08789
0 0.8418 0.08545 0.07227 0.06348
0 0.27148 0.55859 0.08008 0.08008
0 0.39014 0.53027 0.08887 0.10938
0 0.58838 0.57275 0.05762 0.09082
0 0.63477 0.55615 0.05273 0.06934
0 0.7876 0.46582 0.11426 0.06445
0 0.70654 0.51953 0.0791 0.06055
0 0.69189 0.57373 0.06152 0.08691
0 0.77588 0.61719 0.07715 0.07031
0 0.7876 0.67822 0.07324 0.06934
0 0.70947 0.77881 0.06152 0.07129
0 0.88721 0.87354 0.06934 0.08691
0 0.48242 0.59131 0.12695 0.0791
0 0.60791 0.65723 0.08105 0.07227
0 0.44287 0.6582 0.0791 0.08984
0 0.9668 0.4248 0.06641 0.08789
0 0.60303 0.87939 0.07715 0.09082
0 0.65088 0.92773 0.06738 0.05859
0 0.79199 0.92529 0.05664 0.08105
0 0.29932 0.95947 0.06738 0.08105
0 0.80322 0.98193 0.05371 0.03613
0 0.021 0.62402 0.04199 0.06641
0 0.08008 0.69189 0.16016 0.0752
0 0.98096 0.27051 0.03809 0.04297
0 0.86865 0.95947 0.11816 0.06152
