0 0.07861 0.82861 0.09277 0.06934
0 0.18701 0.78955 0.0791 0.08887
0 0.19775 0.85938 0.05176 0.04883
0 0.04395 0.62598 0.05469 0.0625
0 0.03906 0.1582 0.05664 0.07422
0 0.0293 0.02979 0.05859 0.05176
0 0.09863 0.05127 0.08398 0.08105
0 0.14551 0.10791 0.06445 0.07324
0 0.19385 0.08105 0.07129 0.06445
0 0.07861 0.26074 0.05176 0.0625
0 0.21729 0.3374 0.07324 0.0752
0 0.42236 0.2749 0.14551 0.07324
0 0.28027 0.41211 0.06055 0.06445
0 0.29053 0.47119 0.05957 0.05176
0 0.33154 0.42285 0.04785 0.05078
0 0.38525 0.43799 0.07129 0.0752
0 0.45508 0.32373 0.0625 0.0459
0 0.62451 0.2832 0.06738 0.06641
0 0.6167 0.33789 0.07715 0.05469
0 0.54004 0.47168 0.08398 0.07031
0 0.60498 0.52051 0.09473 0.06445
0 0.66895 0.48926 0.07812 0.08008
0 0.74463 0.46143 0.07715 0.06348
0 0.76611 0.53857 0.07715 0.08105
0 0.51074 0.60889 0.10547 0.09082
0 0.46045 0.69043 0.05762 0.09961
0 0.51221 0.72021 0.05566 0.0752
0 0.24609 0.62012 0.0625 0.08398
0 0.29492 0.63184 0.05859 0.08008
0 0.32959 0.70801 0.06152 0.07227
0 0.30566 0.91943 0.07812 0.05957
0 0.38135 0.88525 0.06934 0.07129
0 0.40234 0.93359 0.0957 0.05664
0 0.35938 0.97998 0.06445 0.04004
0 0.6499 0.88037 0.0752 0.09473
0 0.5918 0.80029 0.05664 0.07129
0 0.53857 0.7915 0.06738 0.08105
0 0.66699 0.76416 0.08398 0.09473
0 0.76416 0.76855 0.0791 0.07031
0 0.8999 0.87744 0.10254 0.0752
0 0.89062 0.80029 0.07227 0.06738
0 0.95264 0.80859 0.06348 0.05469
0 0.94922 0.73291 0.0957 0.06934
0 0.87061 0.56396 0.05176 0.06543
0 0.91992 0.57617 0.04883 0.05664
0 0.84326 0.44434 0.05176 0.05273
0 0.8667 0.38086 0.0752 0.05469
0 0.5918 0.37891 0.06836 0.05078
0 0.91504 0.20215 0.10742 0.07617
0 0.48096 0.13379 0.06543 0.07617
0 0.6333 0.18848 0.06348 0.05469
0 0.64502 0.11719 0.08105 0.05078
0 0.61719 0.0625 0.11914 0.05078
0 0.9292 0.11816 0.08301 0.05859
0 0.86133 0.0415 0.06445 0.06934
0 0.93799 0.05859 0.05762 0.04492
0 0.42969 0.02539 0.06836 0.04492
0 0.35449 0.0376 0.05273 0.05957
0 0.38135 0.09863 0.1084 0.0625
0 0.90088 0.01465 0.06152 0.0293
