0 0.29443 0.30518 0.06738 0.08887
0 0.17773 0.25244 0.125 0.08691
0 0.16113 0.33447 0.12305 0.06543
0 0.04395 0.10352 0.08789 0.08398
0 0.74121 0.08301 0.26758 0.14844
0 0.86768 0.18359 0.14746 0.08398
0 0.88477 0.38867 0.11719 0.08594
0 0.5293 0.48047 0.125 0.08008
0 0.37061 0.47412 0.19238 0.08496
0 0.18848 0.53027 0.10938 0.11914
0 0.0293 0.67969 0.05859 0.09766
0 0.30127 0.70361 0.2002 0.10059
0 0.53516 0.68799 0.10938 0.18457
0 0.47168 0.77148 0.08594 0.15234
0 0.69092 0.80469 0.08691 0.22461
0 0.79834 0.82568 0.05566 0.16699
0 0.76074 0.9668 0.2793 0.06641
0 0.22363 0.92188 0.09766 0.08203
0 0.10986 0.92822 0.06348 0.08105
0 0.91846 0.2832 0.0752 0.07812
0 0.95703 0.9585 0.08594 0.06543
0 0.32666 0.97217 0.06934 0.05566
0 0.4707 0.31006 0.08789 0.04785
