0 0.01514 0.76123 0.03027 0.08105
0 0.03369 0.60059 0.06738 0.15625
0 0.12891 0.56201 0.11328 0.1748
0 0.23877 0.70264 0.0752 0.07129
0 0.25342 0.86865 0.05762 0.08496
0 0.12354 0.95117 0.06738 0.0918
0 0.05469 0.9668 0.04883 0.06641
0 0.46777 0.83398 0.11719 0.09961
0 0.54053 0.75732 0.08691 0.07715
0 0.5708 0.63721 0.07324 0.06738
0 0.70312 0.70166 0.08789 0.07324
0 0.72656 0.91602 0.12695 0.08203
0 0.68018 0.84961 0.07324 0.0625
0 0.83252 0.85986 0.09277 0.0752
0 0.81885 0.69873 0.08887 0.06738
0 0.81104 0.75537 0.06152 0.06934
0 0.71826 0.51611 0.0752 0.07129
0 0.78369 0.4209 0.08105 0.0918
0 0.91211 0.45947 0.11328 0.08887
0 0.5708 0.34766 0.16504 0.10352
0 0.97021 0.79541 0.05371 0.06934
0 0.30615 0.30908 0.11816 0.08105
0 0.10498 0.26709 0.07324 0.09668
0 0.15625 0.35938 0.05859 0.08789
0 0.27637 0.21289 0.12305 0.06836
0 0.43262 0.22461 0.14648 0.06836
0 0.66309 0.25537 0.13086 0.06543
0 0.81445 0.20996 0.11133 0.07422
0 0.86035 0.10693 0.13672 0.07324
0 0.92432 0.03809 0.08496 0.07617
0 0.7168 0.01221 0.10352 0.02441
0 0.2168 0.02393 0.0918 0.04785
0 0.04639 0.00732 0.06738 0.01465
0 0.34863 0.06592 0.10156 0.09082
0 0.6084 0.96924 0.08984 0.06152
0 0.76074 0.9585 0.07227 0.08301
0 0.31152 0.91162 0.0918 0.1084
0 0.90381 0.33984 0.15918 0.06445
