0 0.96973 0.82471 0.05859 0.08496
0 0.9585 0.23193 0.05566 0.09473
0 0.57422 0.16992 0.05664 0.0957
0 0.80078 0.22412 0.04883 0.08105
0 0.51953 0.55371 0.07422 0.07812
0 0.33398 0.4707 0.05859 0.07812
0 0.44971 0.3374 0.08105 0.06543
0 0.01904 0.38867 0.03809 0.05273
0 0.15283 0.17334 0.07129 0.08691
0 0.05859 0.96533 0.05469 0.06934
0 0.90283 0.0249 0.0459 0.04785
0 0.04736 0.31885 0.06152 0.05176
0 0.68896 0.30176 0.06934 0.05469
0 0.72705 0.86572 0.05566 0.07324
0 0.30225 0.83936 0.05371 0.06934
0 0.72021 0.28125 0.04395 0.08008
0 0.95947 0.53711 0.0791 0.06445
0 0.0874 0.50342 0.08301 0.03809
0 0.34814 0.61035 0.05957 0.05859
0 0.90771 0.78418 0.05371 0.07422
0 0.81543 0.51807 0.03711 0.06152
0 0.4082 0.56738 0.06445 0.05273
0 0.15088 0.93604 0.06348 0.06543
0 0.25293 0.5791 0.08203 0.08008
0 0.63623 0.18506 0.05957 0.04785
0 0.80176 0.02148 0.07812 0.04297
0 0.92969 0.29639 0.07031 0.03613
0 0.10645 0.64209 0.08789 0.05176
0 0.2168 0.02197 0.06055 0.03418
0 0.19336 0.34668 0.11133 0.04688
0 0.43311 0.71973 0.10449 0.06641
0 0.46094 0.84814 0.06055 0.0459
0 0.0542 0.5752 0.06152 0.04883
0 0.62744 0.54736 0.06738 0.04785
0 0.29834 0.9248 0.0752 0.04102
0 0.25293 0.95654 0.06055 0.05176
0 0.34717 0.02344 0.09082 0.04688
0 0.67627 0.55273 0.05957 0.03711
0 0.33789 0.29053 0.07031 0.03809
0 0.104 0.19092 0.06543 0.03809
0 0.36572 0.96973 0.10645 0.05273
0 0.73145 0.20215 0.04297 0.07812
0 0.61084 0.7041 0.0498 0.0332
0 0.92236 0.54199 0.04004 0.07422
0 0.87256 0.875 0.05566 0.05078
0 0.11865 0.31396 0.05176 0.03418
0 0.81885 0.09521 0.05176 0.04785
0 0.49756 0.33594 0.02832 0.05078
0 0.71045 0.92773 0.06934 0.05859
0 0.76465 0.52148 0.06641 0.04102
0 0.43701 0.14111 0.09863 0.0459
0 0.34766 0.70752 0.05273 0.0459
0 0.87695 0.62646 0.05078 0.04004
0 0.40771 0.15283 0.07715 0.04004
0 0.78906 0.34766 0.08398 0.05273
0 0.04346 0.68896 0.07324 0.0459
0 0.82471 0.89453 0.03418 0.05859
0 0.31689 0.61475 0.06348 0.0498
0 0.0376 0.83545 0.05176 0.05371
0 0.35547 0.05078 0.04883 0.05273
0 0.84131 0.93262 0.05176 0.04492
0 0.83301 0.65186 0.04492 0.05176
0 0.03467 0.11279 0.06543 0.05371
0 0.9375 0.63916 0.05469 0.04199
0 0.36768 0.3335 0.07715 0.04395
0 0.34033 0.65674 0.06934 0.0459
0 0.29004 0.78271 0.08008 0.04785
0 0.74121 0.08008 0.05469 0.04883
0 0.71094 0.6333 0.04688 0.04004
0 0.25195 0.9873 0.0332 0.02539
0 0.42285 0.77539 0.05859 0.04883
0 0.82471 0.29248 0.05957 0.03809
0 0.18408 0.28955 0.06152 0.0498
0 0.96094 0.35352 0.04297 0.06055
0 0.63037 0.62939 0.04785 0.03613
0 0.69678 0.67139 0.04004 0.03418
0 0.02881 0.75977 0.05762 0.04492
0 0.86963 0.30469 0.05371 0.05078
0 0.59619 0.6626 0.06738 0.05957
0 0.67871 0.76172 0.05664 0.05664
0 0.49268 0.97754 0.05371 0.04102
0 0.12793 0.96826 0.05859 0.0498
0 0.20068 0.61914 0.05762 0.05469
0 0.59229 0.6123 0.04199 0.06641
0 0.90674 0.90332 0.03809 0.05469
0 0.81396 0.38281 0.0498 0.03516
0 0.41113 0.85254 0.05859 0.05078
0 0.06689 0.93896 0.06348 0.0752
