0 0.80078 0.06543 0.06055 0.0918
0 0.19971 0.30127 0.08496 0.0791
0 0.4458 0.03369 0.08105 0.06543
0 0.98389 0.18164 0.03223 0.07812
0 0.07666 0.56738 0.09277 0.05273
0 0.63916 0.44385 0.09863 0.07715
0 0.77783 0.54883 0.06543 0.10156
0 0.47607 0.37061 0.10254 0.05762
0 0.40381 0.38184 0.09473 0.05078
0 0.55859 0.09863 0.10547 0.06836
0 0.69727 0.35938 0.08008 0.05078
0 0.25049 0.15283 0.08691 0.06152
0 0.9873 0.58887 0.02539 0.06445
0 0.86621 0.1875 0.13281 0.06641
0 0.06787 0.62354 0.10254 0.05371
0 0.57324 0.69775 0.09766 0.04395
0 0.49268 0.59521 0.06934 0.05371
0 0.5376 0.51025 0.18652 0.08691
0 0.82422 0.40088 0.06445 0.04785
0 0.07031 0.27295 0.11133 0.04199
0 0.30127 0.32959 0.08887 0.07129
0 0.40576 0.31543 0.06934 0.05664
0 0.71826 0.70557 0.06348 0.05762
0 0.96436 0.41797 0.06738 0.04297
0 0.46826 0.70605 0.09668 0.05078
0 0.04932 0.08887 0.06543 0.05078
0 0.10889 0.0376 0.08496 0.07129
0 0.29785 0.03613 0.0957 0.05664
0 0.34619 0.51074 0.0752 0.05469
0 0.91113 0.68896 0.05469 0.05566
0 0.93896 0.65381 0.08105 0.06543
0 0.12402 0.70215 0.07812 0.05859
0 0.16895 0.0293 0.10938 0.0332
0 0.57227 0.9209 0.10352 0.05664
0 0.90625 0.26367 0.07422 0.05664
0 0.354 0.42871 0.06934 0.05859
0 0.56348 0.55762 0.05664 0.06055
0 0.60205 0.97363 0.06738 0.04688
0 0.94238 0.01904 0.06641 0.03809
0 0.89746 0.10986 0.08594 0.03613
0 0.52881 0.70996 0.08301 0.08398
0 0.55225 0.9707 0.06738 0.04883
0 0.07812 0.33008 0.10352 0.10352
0 0.36768 0.98584 0.05566 0.02832
0 0.65869 0.81152 0.0791 0.05078
0 0.13721 0.46143 0.1416 0.05957
0 0.11133 0.73682 0.08789 0.02637
0 0.96143 0.73535 0.07715 0.05859
0 0.3501 0.32178 0.06934 0.04395
0 0.03662 0.47412 0.06934 0.03418
0 0.37891 0.02637 0.07031 0.05078
0 0.39453 0.56055 0.06641 0.03711
0 0.05078 0.0625 0.07812 0.08789
0 0.97461 0.79736 0.05078 0.03809
0 0.10205 0.50586 0.15527 0.05469
0 0.35303 0.55762 0.06934 0.04102
0 0.03564 0.35498 0.07129 0.05957
0 0.9751 0.80811 0.0498 0.03809
0 0.03369 0.86523 0.06738 0.04688
0 0.64941 0.01025 0.0625 0.02051
0 0.91699 0.81641 0.10547 0.04102
0 0.29785 0.67334 0.11719 0.05176
0 0.85254 0.84375 0.0625 0.06445
0 0.03467 0.95264 0.06934 0.04199
0 0.69678 0.97607 0.06348 0.04199
0 0.24219 0.00928 0.04492 0.01855
0 0.09717 0.6748 0.09082 0.07812
0 0.54102 0.80371 0.08398 0.05078
0 0.87207 0.63135 0.08008 0.05762
0 0.96094 0.62158 0.03516 0.04785
0 0.61133 0.68213 0.0918 0.04395
0 0.38232 0.43506 0.05566 0.04395
0 0.12256 0.36914 0.09473 0.07031
0 0.13428 0.40381 0.05371 0.04004
0 0.69824 0.78418 0.09375 0.03516
0 0.62451 0.85645 0.05957 0.05078
0 0.49219 0.18945 0.08984 0.05078
