0 0.39746 0.33203 0.05469 0.06445
0 0.45654 0.38574 0.08301 0.16211
0 0.38916 0.46582 0.09668 0.13477
0 0.65674 0.39258 0.18262 0.07031
0 0.58643 0.29492 0.05566 0.04688
0 0.62451 0.26172 0.08496 0.08398
0 0.71924 0.25488 0.11816 0.10156
0 0.80762 0.32471 0.06641 0.07129
0 0.81689 0.17871 0.12012 0.08789
0 0.77051 0.10693 0.09766 0.1377
0 0.90576 0.23682 0.10254 0.15137
0 0.93701 0.15479 0.08105 0.11035
0 0.9873 0.03223 0.02539 0.06445
0 0.52686 0.18262 0.08887 0.07227
0 0.49316 0.19482 0.15234 0.0752
0 0.34375 0.18359 0.08008 0.05273
0 0.36523 0.05908 0.12891 0.10254
0 0.24268 0.05273 0.11426 0.10547
0 0.04736 0.07764 0.09473 0.12598
0 0.01514 0.1792 0.03027 0.06934
0 0.06055 0.20508 0.08789 0.08203
0 0.04004 0.27002 0.08008 0.06543
0 0.13281 0.18115 0.0918 0.05762
0 0.16504 0.25098 0.10742 0.07812
0 0.2168 0.15771 0.07227 0.05957
0 0.26709 0.20801 0.07324 0.08594
0 0.74609 0.6167 0.11133 0.11426
0 0.60156 0.73193 0.0918 0.08496
0 0.21094 0.80664 0.10156 0.11133
0 0.14014 0.79248 0.06348 0.08301
0 0.1084 0.88135 0.08203 0.06152
0 0.0498 0.92822 0.09375 0.06738
0 0.11572 0.94482 0.07324 0.05566
0 0.16943 0.97266 0.08691 0.05469
0 0.17383 0.90771 0.07227 0.06543
0 0.31982 0.94727 0.06934 0.08008
0 0.36279 0.91406 0.08301 0.07031
0 0.51025 0.91846 0.06543 0.09668
0 0.54639 0.81787 0.08496 0.06934
0 0.58984 0.8291 0.04492 0.0625
0 0.63232 0.88281 0.0752 0.06445
0 0.55713 0.87598 0.06152 0.06836
0 0.73291 0.91162 0.08105 0.07324
0 0.77002 0.80176 0.07129 0.08594
0 0.9834 0.74561 0.0332 0.09277
0 0.76367 0.98633 0.05664 0.02734
0 0.86035 0.90723 0.04492 0.0625
0 0.6084 0.9917 0.10352 0.0166
0 0.98486 0.33887 0.03027 0.05273
