0 0.61572 0.58447 0.08301 0.09473
0 0.68701 0.2417 0.18457 0.0752
0 0.52344 0.97607 0.07227 0.04785
0 0.44824 0.90186 0.11719 0.12012
0 0.32568 0.7002 0.09082 0.06641
0 0.5918 0.72949 0.07031 0.0957
0 0.11084 0.12988 0.15332 0.13477
0 0.45215 0.08838 0.08984 0.12207
0 0.78613 0.17432 0.07227 0.05957
0 0.35059 0.97119 0.07227 0.05762
0 0.24951 0.19092 0.16504 0.14746
0 0.76074 0.62451 0.11328 0.09082
0 0.11035 0.96484 0.14258 0.07031
0 0.64844 0.91553 0.16797 0.14746
0 0.72168 0.78955 0.08984 0.10059
0 0.33057 0.26221 0.07715 0.08496
0 0.08594 0.73291 0.11719 0.06738
0 0.68457 0.35059 0.08984 0.12305
0 0.67236 0.76807 0.06543 0.08301
0 0.30957 0.41357 0.11523 0.17285
0 0.88086 0.76416 0.19727 0.16504
0 0.50977 0.51367 0.21484 0.09766
0 0.94727 0.41309 0.10547 0.16211
0 0.54297 0.66846 0.07227 0.06738
0 0.8208 0.95117 0.13184 0.09766
0 0.81982 0.63818 0.08496 0.07715
0 0.90479 0.69727 0.06543 0.08008
0 0.44824 0.21924 0.12695 0.15527
0 0.85303 0.07471 0.1377 0.06543
0 0.43945 0.58545 0.18945 0.1123
0 0.59326 0.33447 0.08301 0.06934
0 0.12207 0.65723 0.08984 0.10547
0 0.12207 0.2749 0.14062 0.1123
0 0.19434 0.96582 0.06445 0.05273
0 0.97852 0.94971 0.04297 0.0498
0 0.04736 0.40137 0.08105 0.08594
0 0.76709 0.10938 0.11035 0.07031
0 0.08447 0.60352 0.0752 0.13281
0 0.74365 0.30859 0.05762 0.05273
0 0.24219 0.07471 0.04297 0.03613
0 0.76953 0.95215 0.09961 0.0957
0 0.57666 0.18799 0.08496 0.10254
0 0.42676 0.48926 0.125 0.08008
0 0.02686 0.63281 0.0498 0.0625
0 0.0332 0.02441 0.0625 0.04492
0 0.7793 0.06836 0.08008 0.07227
0 0.12842 0.57324 0.09277 0.06836
0 0.52197 0.04834 0.11426 0.08691
0 0.93848 0.03613 0.12305 0.07227
0 0.75195 0.41602 0.08203 0.11719
0 0.02344 0.55566 0.04297 0.07812
0 0.68311 0.88477 0.08691 0.10547
0 0.4624 0.96484 0.0498 0.07031
0 0.10352 0.93945 0.09766 0.08984
