0 0.24219 0.38965 0.10547 0.10938
0 0.70361 0.57324 0.09277 0.0918
0 0.26709 0.47949 0.15527 0.10547
0 0.10742 0.41943 0.08008 0.14551
0 0.38184 0.66602 0.21484 0.16211
0 0.396 0.03369 0.17285 0.06738
0 0.47949 0.44971 0.07031 0.10449
0 0.43506 0.11914 0.05762 0.08008
0 0.08447 0.11523 0.08496 0.10547
0 0.76074 0.06982 0.07227 0.13965
0 0.22461 0.67432 0.16016 0.16504
0 0.04443 0.58887 0.08887 0.08984
0 0.71436 0.79053 0.12012 0.1377
0 0.85205 0.88672 0.18066 0.08008
0 0.49316 0.77588 0.07227 0.09277
0 0.52051 0.10986 0.06641 0.08105
0 0.71191 0.00732 0.0957 0.01465
0 0.63623 0.03857 0.19238 0.06934
0 0.34863 0.3667 0.15234 0.09473
0 0.61572 0.89795 0.09668 0.06738
0 0.37305 0.53369 0.17773 0.06738
0 0.9043 0.60107 0.19141 0.08301
0 0.52686 0.33301 0.08496 0.09766
0 0.46436 0.95264 0.21191 0.09473
0 0.84326 0.79492 0.06738 0.20508
0 0.06934 0.73193 0.125 0.11426
0 0.77832 0.18945 0.16797 0.1543
0 0.17236 0.89355 0.11035 0.16211
0 0.88965 0.19336 0.10938 0.12695
0 0.79102 0.35254 0.16797 0.13672
0 0.92578 0.67969 0.14258 0.08008
0 0.62842 0.7373 0.09277 0.19531
0 0.9082 0.34082 0.13672 0.0625
0 0.84961 0.05713 0.06055 0.06934
0 0.4209 0.39551 0.07227 0.07227
0 0.75439 0.15723 0.18457 0.07031
0 0.69336 0.44043 0.09766 0.07227
0 0.94727 0.31299 0.10547 0.09277
0 0.0498 0.021 0.09961 0.04199
0 0.61475 0.771 0.09473 0.1377
0 0.81299 0.97363 0.07715 0.05273
0 0.96729 0.06934 0.06543 0.05469
0 0.96826 0.12695 0.04199 0.11523
0 0.60352 0.34863 0.08789 0.05273
0 0.11182 0.68701 0.0498 0.0498
0 0.36572 0.71826 0.1123 0.05762
0 0.28711 0.69971 0.05469 0.18457
0 0.88721 0.77588 0.06543 0.14746
0 0.74707 0.97705 0.05078 0.0459
0 0.21094 0.66309 0.0625 0.13281
0 0.52734 0.02393 0.06836 0.04785
0 0.78809 0.39795 0.17383 0.08105
