0 0.06201 0.4082 0.12012 0.11719
0 0.73486 0.771 0.12988 0.1123
0 0.20947 0.10059 0.09473 0.13281
0 0.71094 0.53418 0.0957 0.10547
0 0.10059 0.76367 0.07422 0.08203
0 0.38574 0.28125 0.07227 0.13477
0 0.59814 0.4834 0.09277 0.0625
0 0.37451 0.82422 0.12012 0.07031
0 0.18457 0.64551 0.0957 0.14258
0 0.51318 0.39941 0.14746 0.10547
0 0.07959 0.6709 0.06934 0.0625
0 0.3208 0.71338 0.06738 0.18262
0 0.87695 0.83057 0.08984 0.1377
0 0.03076 0.13623 0.06152 0.11426
0 0.33936 0.21729 0.0752 0.0752
0 0.7207 0.33789 0.13281 0.0625
0 0.46094 0.68945 0.08789 0.10547
0 0.2207 0.0249 0.08203 0.0498
0 0.49463 0.01855 0.05957 0.03711
0 0.37451 0.04932 0.06934 0.06543
0 0.05078 0.87939 0.10156 0.11035
0 0.80176 0.37207 0.16992 0.16016
0 0.45068 0.59912 0.13184 0.08496
0 0.12305 0.09961 0.0625 0.06055
0 0.70947 0.92334 0.15527 0.14746
0 0.1084 0.57324 0.07812 0.13672
0 0.39209 0.72314 0.09473 0.18262
0 0.60205 0.57959 0.12012 0.09082
0 0.93311 0.47461 0.1123 0.14453
0 0.24658 0.95215 0.08496 0.0957
0 0.83691 0.45557 0.125 0.10254
0 0.43115 0.05566 0.06738 0.08789
0 0.25684 0.6748 0.04492 0.08008
0 0.95654 0.18945 0.08691 0.0918
0 0.16699 0.01611 0.05469 0.03223
0 0.94336 0.79443 0.09766 0.09473
0 0.42236 0.61328 0.08496 0.08789
0 0.65088 0.93359 0.08691 0.13281
0 0.09082 0.51074 0.0625 0.0918
0 0.81592 0.41846 0.16699 0.15723
0 0.1084 0.95703 0.07812 0.08008
0 0.36475 0.9707 0.08496 0.05273
0 0.96094 0.06787 0.07812 0.05762
0 0.06299 0.44824 0.1123 0.05664
0 0.17969 0.61328 0.07031 0.0625
0 0.9624 0.70459 0.0752 0.0752
0 0.96094 0.79346 0.07812 0.10254
0 0.91553 0.97852 0.07715 0.04297
0 0.67578 0.94336 0.08203 0.11328
