0 0.05566 0.02197 0.05664 0.04395
0 0.01611 0.13379 0.03223 0.04492
0 0.03906 0.28076 0.07812 0.04199
0 0.10205 0.34717 0.07324 0.04199
0 0.03857 0.40088 0.05371 0.06348
0 0.16992 0.17334 0.04688 0.04004
0 0.17969 0.09521 0.08203 0.07324
0 0.26904 0.15576 0.07129 0.05566
0 0.36182 0.14014 0.04395 0.04785
0 0.40576 0.32324 0.07715 0.04688
0 0.30078 0.39502 0.04883 0.06543
0 0.48975 0.18506 0.0752 0.03223
0 0.58057 0.16895 0.02441 0.01953
0 0.57227 0.20361 0.05859 0.04004
0 0.64893 0.24072 0.06348 0.0459
0 0.5835 0.34277 0.03613 0.05078
0 0.68555 0.3125 0.05273 0.04883
0 0.72754 0.33789 0.05469 0.05273
0 0.604 0.43359 0.09277 0.05078
0 0.7085 0.08105 0.05566 0.05078
0 0.96094 0.08057 0.06055 0.0459
0 0.88574 0.26172 0.03516 0.02344
0 0.98877 0.27441 0.02246 0.04688
0 0.98193 0.27979 0.03613 0.04785
0 0.93408 0.29541 0.0498 0.04785
0 0.94531 0.42383 0.04297 0.03711
0 0.95117 0.70654 0.04492 0.06934
0 0.98096 0.84424 0.03809 0.08496
0 0.90186 0.90381 0.0498 0.09277
0 0.83057 0.9292 0.03418 0.05957
0 0.75 0.9248 0.08008 0.0625
0 0.64453 0.95117 0.11523 0.04688
0 0.72656 0.76221 0.05078 0.02637
0 0.79492 0.72314 0.04688 0.03613
0 0.81934 0.66602 0.0293 0.04297
0 0.59521 0.84961 0.04785 0.06836
0 0.63086 0.64941 0.04492 0.04883
0 0.53662 0.68945 0.04785 0.04102
0 0.49121 0.61572 0.0625 0.04004
0 0.42871 0.6709 0.02734 0.03711
0 0.36719 0.7168 0.04688 0.02734
0 0.35791 0.7373 0.0498 0.03516
0 0.25098 0.60449 0.05664 0.10938
0 0.30371 0.86523 0.08984 0.06836
0 0.36768 0.95947 0.05957 0.06543
0 0.33984 0.96045 0.05078 0.04785
0 0.52832 0.79492 0.03711 0.0332
0 0.40527 0.78271 0.08789 0.04004
0 0.70752 0.25098 0.0459 0.03516
0 0.85986 0.77686 0.04395 0.04785
