0 0.21875 0.12598 0.07422 0.08398
0 0.85303 0.70557 0.1123 0.09668
0 0.12451 0.18604 0.06934 0.09277
0 0.28711 0.72217 0.14453 0.10449
0 0.10107 0.48584 0.10645 0.07324
0 0.70459 0.23047 0.06934 0.07227
0 0.2832 0.47314 0.11914 0.08105
0 0.12207 0.58447 0.08984 0.08496
0 0.05713 0.71582 0.06543 0.07227
0 0.29199 0.8584 0.13281 0.08789
0 0.88037 0.9707 0.11035 0.05859
0 0.06348 0.90186 0.09766 0.08496
0 0.22852 0.65479 0.08203 0.08496
0 0.73584 0.06348 0.08301 0.07227
0 0.82275 0.17188 0.08691 0.08594
0 0.78662 0.01562 0.06543 0.03125
0 0.70459 0.00244 0.0752 0.00488
0 0.7207 0.54688 0.08203 0.10547
0 0.82471 0.61719 0.08496 0.06445
