0 0.00586 0.97949 0.01172 0.04102
0 0.01416 0.5542 0.02832 0.07715
0 0.1875 0.29395 0.08203 0.07812
0 0.17041 0.46826 0.10059 0.10059
0 0.19727 0.68652 0.10156 0.07227
0 0.1499 0.83154 0.06543 0.09668
0 0.17383 0.77295 0.08203 0.0791
0 0.02637 0.24951 0.05273 0.06934
0 0.02295 0.09766 0.0459 0.0625
0 0.17773 0.17529 0.07422 0.07324
0 0.06152 0.19482 0.06836 0.05957
0 0.37891 0.62988 0.14453 0.08203
0 0.63379 0.50439 0.12891 0.06738
0 0.45361 0.11816 0.08887 0.07617
0 0.25732 0.14893 0.07715 0.07324
0 0.51758 0.06006 0.06055 0.05176
0 0.69434 0.04297 0.10742 0.07031
0 0.7749 0.10156 0.05957 0.04297
0 0.92236 0.04785 0.09277 0.06641
0 0.85547 0.43604 0.07031 0.08496
0 0.9668 0.58203 0.06641 0.07227
0 0.80371 0.6958 0.16406 0.0752
0 0.52393 0.81006 0.08496 0.05762
0 0.33057 0.83008 0.14355 0.08984
0 0.78125 0.81396 0.11133 0.07324
0 0.73926 0.97461 0.13672 0.05078
0 0.2417 0.979 0.05371 0.04199
0 0.9458 0.98389 0.0791 0.03223
0 0.9668 0.91553 0.06641 0.06348
