0 0.98096 0.07471 0.03809 0.05371
0 0.92041 0.06494 0.05371 0.08691
0 0.81104 0.05615 0.0752 0.1123
0 0.72705 0.04883 0.06348 0.09766
0 0.74609 0.1582 0.0625 0.07422
0 0.8291 0.14844 0.0625 0.07422
0 0.55957 0.19971 0.07031 0.07324
0 0.53613 0.11328 0.07812 0.06445
0 0.38672 0.02539 0.07617 0.05078
0 0.06494 0.0708 0.12207 0.07129
0 0.24805 0.28955 0.08594 0.10059
0 0.19531 0.34033 0.10938 0.08301
0 0.42676 0.29639 0.08594 0.06348
0 0.51221 0.38965 0.05957 0.06445
0 0.42285 0.41504 0.08594 0.11523
0 0.48877 0.4668 0.05176 0.04883
0 0.3335 0.43115 0.0752 0.06543
0 0.22314 0.43359 0.10254 0.05664
0 0.33105 0.49609 0.11719 0.07422
0 0.11963 0.44092 0.06543 0.0498
0 0.10791 0.48828 0.04785 0.06641
0 0.05469 0.5249 0.10938 0.0498
0 0.14014 0.58203 0.08496 0.10547
0 0.03076 0.57031 0.06152 0.05469
0 0.20605 0.61914 0.07812 0.06641
0 0.30859 0.58496 0.08008 0.07031
0 0.42578 0.57471 0.0957 0.0459
0 0.48926 0.66211 0.08008 0.05469
0 0.63672 0.55908 0.06055 0.04395
0 0.60596 0.45166 0.05762 0.05957
0 0.61719 0.39648 0.05078 0.04688
0 0.67139 0.42529 0.0498 0.05566
0 0.6665 0.37354 0.06152 0.04004
0 0.65283 0.32666 0.0498 0.04785
0 0.82373 0.44678 0.04395 0.05566
0 0.73535 0.52344 0.04883 0.06055
0 0.77588 0.53271 0.04785 0.0498
0 0.89209 0.55322 0.05566 0.05566
0 0.88916 0.63818 0.07324 0.07129
0 0.95264 0.64697 0.05762 0.06934
0 0.79395 0.62012 0.05859 0.05664
0 0.7373 0.6123 0.07227 0.07227
0 0.75439 0.70947 0.0498 0.06934
0 0.60547 0.66357 0.08008 0.0498
0 0.55811 0.73682 0.05176 0.06738
0 0.61182 0.75586 0.07324 0.05859
0 0.48486 0.74658 0.08887 0.07324
0 0.34521 0.80225 0.07324 0.09277
0 0.20703 0.66504 0.09375 0.0625
0 0.29053 0.66699 0.06152 0.05664
0 0.09668 0.7417 0.07031 0.05566
0 0.39648 0.90332 0.05078 0.04688
0 0.27637 0.97266 0.08008 0.04102
0 0.62402 0.90283 0.08008 0.06738
0 0.74658 0.91113 0.04785 0.0625
0 0.10352 0.85547 0.06836 0.04688
0 0.01953 0.79834 0.03906 0.05957
0 0.10059 0.92383 0.08789 0.05859
0 0.19189 0.9248 0.07715 0.05664
0 0.15332 0.97754 0.08789 0.04492
0 0.03467 0.98145 0.06934 0.03711
0 0.84082 0.91016 0.06055 0.07422
0 0.4873 0.59961 0.04102 0.05469
0 0.08496 0.27734 0.03516 0.0332
