0 0.02051 0.63916 0.04102 0.09277
0 0.11914 0.75684 0.07031 0.07812
0 0.06348 0.93213 0.07812 0.10254
0 0.3374 0.9458 0.10059 0.06738
0 0.39844 0.98438 0.05859 0.03125
0 0.44336 0.8667 0.12109 0.09082
0 0.84668 0.98584 0.06055 0.02832
0 0.97803 0.86621 0.04395 0.0625
0 0.82568 0.80176 0.14941 0.07812
0 0.66455 0.69385 0.14551 0.0791
0 0.42529 0.66846 0.0791 0.05762
0 0.53271 0.47754 0.0752 0.08203
0 0.78857 0.59277 0.09668 0.14258
0 0.98438 0.66553 0.03125 0.05371
0 0.95752 0.43506 0.08496 0.12012
0 0.85547 0.29248 0.11133 0.0752
0 0.74219 0.36914 0.12695 0.07812
0 0.23096 0.47705 0.09473 0.15332
0 0.22754 0.26855 0.08203 0.06445
0 0.14893 0.18896 0.0752 0.0752
0 0.33691 0.21338 0.07812 0.07129
0 0.43066 0.16943 0.0957 0.13379
0 0.56201 0.10791 0.09277 0.0752
0 0.6123 0.08594 0.08203 0.10547
0 0.64746 0.104 0.08789 0.0752
0 0.61084 0.17969 0.08496 0.07227
0 0.9165 0.18848 0.16699 0.07227
0 0.71436 0.02686 0.08496 0.05371
0 0.74658 0.39795 0.07129 0.0498
0 0.87158 0.36084 0.05371 0.04004
