0 0.68604 0.33838 0.05566 0.10645
0 0.00977 0.12158 0.01953 0.10254
0 0.06245 0.32217 0.10928 0.07402
0 0.17822 0.12109 0.06152 0.09375
0 0.65479 0.77246 0.06738 0.08789
0 0.11133 0.54492 0.07227 0.06641
0 0.79834 0.18896 0.06348 0.06738
0 0.91748 0.51074 0.07324 0.07812
0 0.72607 0.50098 0.09863 0.05078
0 0.20117 0.4917 0.06641 0.07715
0 0.96045 0.896 0.0791 0.07324
0 0.92822 0.04785 0.04395 0.08789
0 0.77441 0.10547 0.04102 0.09961
0 0.58936 0.4165 0.05176 0.09082
0 0.03857 0.88623 0.07715 0.05762
0 0.00928 0.24951 0.01855 0.07129
0 0.7334 0.96191 0.0625 0.07617
0 0.23975 0.43701 0.06934 0.06348
0 0.04395 0.83447 0.08789 0.03809
0 0.8335 0.44775 0.05957 0.12793
0 0.01514 0.03027 0.03027 0.05664
0 0.86621 0.6377 0.06641 0.04883
0 0.23047 0.83887 0.05859 0.04688
0 0.83691 0.53271 0.04883 0.05566
0 0.03613 0.19482 0.03125 0.06738
0 0.29492 0.25781 0.06836 0.05078
0 0.21484 0.9292 0.08398 0.06152
0 0.97168 0.13281 0.05664 0.06641
0 0.87549 0.01855 0.03223 0.03711
0 0.03418 0.92676 0.06836 0.02734
0 0.14893 0.49902 0.06348 0.05469
0 0.17188 0.37744 0.02539 0.09473
0 0.94287 0.22607 0.04199 0.06738
0 0.24365 0.01953 0.04004 0.03906
0 0.21289 0.53564 0.06641 0.04199
0 0.24463 0.39062 0.02637 0.07617
0 0.14307 0.39307 0.06934 0.05566
0 0.26133 0.24243 0.06758 0.1333
0 0.34717 0.44971 0.04004 0.06543
0 0.01465 0.95703 0.0293 0.08594
0 0.57915 0.96416 0.15361 0.07168
0 0.80859 0.7832 0.05078 0.04297
0 0.32764 0.97949 0.07715 0.03711
0 0.70703 0.54346 0.07812 0.04785
0 0.95801 0.63281 0.04297 0.04492
0 0.46484 0.98486 0.03711 0.03027
0 0.42041 0.94092 0.04395 0.03223
0 0.76904 0.89551 0.16113 0.05078
0 0.2998 0.22461 0.04688 0.05078
0 0.31201 0.98193 0.05762 0.03613
0 0.19824 0.44092 0.08008 0.0459
0 0.20605 0.24072 0.03711 0.05566
