0 0.84424 0.2085 0.12988 0.08301
0 0.28076 0.2334 0.12207 0.07812
0 0.37354 0.30078 0.07715 0.07227
0 0.61426 0.6709 0.09961 0.08789
0 0.64062 0.46338 0.11719 0.07715
0 0.12695 0.02734 0.09961 0.05469
0 0.73242 0.42334 0.0957 0.10449
0 0.83203 0.10645 0.11523 0.09766
0 0.13477 0.80078 0.11523 0.10156
0 0.55469 0.29492 0.10547 0.08008
0 0.67432 0.73926 0.08496 0.08984
0 0.87061 0.02588 0.16309 0.05176
0 0.56445 0.51172 0.08984 0.08008
0 0.15918 0.60986 0.10938 0.0791
0 0.02344 0.78955 0.04688 0.0752
0 0.5874 0.79004 0.08301 0.08008
0 0.00244 0.51953 0.00488 0.08008
0 0.12451 0.92139 0.07715 0.09863
0 0.2124 0.48438 0.09082 0.0625
0 0.65479 0.06689 0.08496 0.06543
0 0.4834 0.65967 0.0918 0.09473
0 0.35107 0.08691 0.09277 0.07031
0 0.38965 0.41455 0.125 0.12988
0 0.74121 0.68457 0.11914 0.05273
0 0.13086 0.52197 0.07031 0.10449
0 0.53857 0.02734 0.1123 0.05469
0 0.67578 0.1792 0.07227 0.0752
0 0.74463 0.59082 0.13965 0.07812
0 0.23438 0.42041 0.07812 0.06348
0 0.64111 0.35596 0.10254 0.08691
0 0.66699 0.53857 0.07422 0.06738
0 0.4624 0.12207 0.08496 0.05469
0 0.42725 0.21729 0.09473 0.0752
0 0.46826 0.8457 0.10449 0.10547
0 0.8584 0.6748 0.12891 0.10742
0 0.58984 0.12695 0.08008 0.06055
0 0.37695 0.55957 0.0957 0.07031
0 0.55225 0.56445 0.12012 0.08008
0 0.03564 0.57373 0.07129 0.11426
0 0.03564 0.96045 0.05957 0.0791
0 0.66455 0.96484 0.0791 0.07031
0 0.91846 0.59717 0.14746 0.0752
0 0.44141 0.97266 0.08203 0.05469
0 0.14551 0.43506 0.09375 0.0752
0 0.02783 0.41357 0.05566 0.09668
