0 0.07764 0.96631 0.09082 0.06543
0 0.28809 0.98682 0.05469 0.02637
0 0.01855 0.82861 0.03711 0.06738
0 0.09619 0.85986 0.0498 0.06152
0 0.24951 0.77881 0.09863 0.0752
0 0.25928 0.87451 0.12402 0.05762
0 0.20508 0.67578 0.08203 0.0625
0 0.03223 0.66895 0.06445 0.0625
0 0.12012 0.62549 0.08398 0.06934
0 0.04834 0.55859 0.09668 0.07031
0 0.00586 0.49756 0.01172 0.05176
0 0.09766 0.42383 0.06445 0.07422
0 0.24951 0.49854 0.05371 0.05566
0 0.32178 0.47998 0.05566 0.0459
0 0.33008 0.56689 0.07422 0.06543
0 0.17676 0.30664 0.06055 0.06641
0 0.09912 0.27686 0.05566 0.06543
0 0.02979 0.18506 0.05957 0.07129
0 0.20996 0.22998 0.05469 0.05762
0 0.30127 0.18457 0.05762 0.06055
0 0.09229 0.11328 0.08496 0.08008
0 0.12158 0.03906 0.07129 0.07227
0 0.01953 0.02734 0.03906 0.05469
0 0.31982 0.03564 0.08105 0.07129
0 0.33691 0.26221 0.05859 0.05371
0 0.31885 0.36963 0.06738 0.06934
0 0.40332 0.35205 0.06055 0.0791
0 0.42578 0.12158 0.17383 0.09668
0 0.41309 0.02002 0.07031 0.04004
0 0.67334 0.0332 0.12012 0.06055
0 0.6543 0.14111 0.11133 0.1123
0 0.86914 0.17529 0.08789 0.10449
0 0.88672 0.08789 0.0918 0.06836
0 0.94238 0.22119 0.07031 0.0791
0 0.81152 0.32129 0.11914 0.11328
0 0.82275 0.42334 0.09473 0.06543
0 0.63135 0.44629 0.11816 0.0625
0 0.52246 0.34619 0.08984 0.06152
0 0.57568 0.27002 0.09473 0.06543
0 0.70752 0.27637 0.05566 0.05859
0 0.50684 0.59033 0.09961 0.07324
0 0.47168 0.66553 0.12109 0.05762
0 0.6123 0.6958 0.06445 0.08887
0 0.77197 0.63135 0.0791 0.07129
0 0.75537 0.73291 0.11816 0.06934
0 0.75635 0.80127 0.12207 0.06543
0 0.39453 0.81689 0.06836 0.08887
0 0.42188 0.88965 0.08594 0.05664
0 0.58252 0.87158 0.10645 0.09277
0 0.67578 0.93408 0.14453 0.08301
0 0.96387 0.92383 0.07227 0.06445
0 0.98682 0.30127 0.02637 0.04395
