0 0.02881 0.66699 0.05762 0.0918
0 0.07422 0.81641 0.06055 0.05469
0 0.14258 0.82666 0.07422 0.06543
0 0.12744 0.88477 0.05566 0.05469
0 0.05615 0.88672 0.05957 0.05664
0 0.23486 0.83545 0.11035 0.07324
0 0.36279 0.67773 0.07715 0.08203
0 0.49121 0.83936 0.08008 0.07129
0 0.03027 0.32666 0.06055 0.07715
0 0.04541 0.25195 0.08496 0.07227
0 0.19336 0.35352 0.07031 0.06836
0 0.13232 0.28809 0.06543 0.12109
0 0.20166 0.26611 0.0752 0.07324
0 0.25635 0.21973 0.07324 0.10352
0 0.31006 0.2334 0.07129 0.07617
0 0.37988 0.23779 0.08008 0.08301
0 0.30566 0.14307 0.06445 0.09668
0 0.29688 0.09229 0.06641 0.06543
0 0.17383 0.46045 0.07617 0.07324
0 0.34375 0.4624 0.08008 0.07129
0 0.55078 0.33691 0.07812 0.06445
0 0.8208 0.85498 0.07324 0.09277
0 0.79102 0.94678 0.06445 0.07129
0 0.66113 0.89111 0.08594 0.05371
0 0.66064 0.95801 0.07129 0.05859
0 0.7417 0.79492 0.07324 0.05469
0 0.91846 0.79297 0.06152 0.06445
0 0.64502 0.56592 0.09082 0.0752
0 0.73633 0.46826 0.08594 0.07324
0 0.87695 0.40576 0.10352 0.06934
0 0.97607 0.38184 0.04785 0.07422
0 0.93066 0.35596 0.08203 0.06543
0 0.9541 0.46143 0.06641 0.07324
0 0.979 0.2583 0.04199 0.07129
0 0.76514 0.28955 0.0752 0.09668
0 0.84082 0.26416 0.07031 0.08105
0 0.83789 0.146 0.07617 0.08691
0 0.66797 0.20703 0.06055 0.0957
0 0.75537 0.20215 0.08691 0.0625
0 0.93066 0.03125 0.09766 0.05664
0 0.77637 0.16309 0.04297 0.06641
0 0.14307 0.21582 0.08887 0.08008
0 0.86768 0.89844 0.07324 0.07812
0 0.74121 0.85449 0.07422 0.07812
0 0.07471 0.31836 0.06152 0.07617
0 0.72803 0.52832 0.07324 0.06641
0 0.63818 0.18164 0.05957 0.0625
0 0.79443 0.01807 0.08887 0.03613
0 0.86963 0.01611 0.05762 0.03223
