0 0.89697 0.83008 0.08691 0.09766
0 0.8877 0.74023 0.08398 0.08984
0 0.75732 0.68115 0.07715 0.07324
0 0.7207 0.82715 0.07031 0.11719
0 0.66553 0.81494 0.0498 0.09863
0 0.38086 0.72168 0.07812 0.14648
0 0.29785 0.94629 0.11719 0.10742
0 0.2124 0.88379 0.04785 0.08398
0 0.09473 0.76025 0.07422 0.06348
0 0.58691 0.71631 0.07812 0.09277
0 0.6748 0.60107 0.08008 0.06543
0 0.7876 0.58838 0.08887 0.0752
0 0.76562 0.52881 0.05664 0.06348
0 0.67871 0.49707 0.07227 0.08984
0 0.70947 0.22266 0.09668 0.0957
0 0.85156 0.29199 0.08203 0.09375
0 0.91016 0.29443 0.08984 0.11035
0 0.9668 0.06836 0.06641 0.10156
0 0.60547 0.09229 0.06445 0.09082
0 0.52686 0.16602 0.0752 0.10742
0 0.47852 0.30273 0.0625 0.0957
0 0.50781 0.34717 0.10938 0.07715
0 0.45166 0.41504 0.13184 0.06641
0 0.40674 0.48682 0.09863 0.06934
0 0.33105 0.49658 0.11719 0.08105
0 0.06934 0.36475 0.0957 0.0791
0 0.23682 0.24561 0.06543 0.09668
0 0.32861 0.11377 0.15332 0.07715
0 0.34814 0.17041 0.0752 0.08105
0 0.27148 0.03027 0.08984 0.06055
0 0.24414 0.07275 0.10352 0.07129
0 0.05957 0.15576 0.11914 0.06934
0 0.07959 0.47559 0.07129 0.06836
0 0.03857 0.57031 0.07715 0.10547
0 0.90576 0.09961 0.06348 0.0625
0 0.68555 0.34424 0.08984 0.12988
0 0.62598 0.40381 0.05469 0.06934
0 0.33252 0.32129 0.06348 0.06641
0 0.23633 0.36963 0.07031 0.08496
0 0.16211 0.17236 0.08203 0.06934
0 0.84277 0.92871 0.07422 0.07031
0 0.53271 0.37891 0.07129 0.0625
0 0.62744 0.9585 0.10254 0.08105
0 0.83496 0.229 0.0625 0.07129
0 0.76025 0.43652 0.06152 0.07617
