0 0.95215 0.47314 0.08984 0.07715
0 0.43604 0.51855 0.07715 0.08789
0 0.63184 0.14697 0.08984 0.0752
0 0.4917 0.15723 0.0752 0.07031
0 0.69922 0.9458 0.08203 0.10645
0 0.05078 0.06104 0.07227 0.07715
0 0.30078 0.14453 0.08203 0.08008
0 0.76953 0.87109 0.08594 0.09766
0 0.47803 0.31836 0.1123 0.0918
0 0.89941 0.40186 0.08984 0.0752
0 0.70801 0.21582 0.08789 0.0625
0 0.76074 0.15332 0.08789 0.06836
0 0.62305 0.51172 0.09766 0.08008
0 0.95996 0.14697 0.08008 0.0752
0 0.87451 0.93164 0.08496 0.08008
0 0.56201 0.91162 0.0791 0.08496
0 0.29834 0.45605 0.06738 0.13281
0 0.15576 0.19189 0.12793 0.09473
0 0.31836 0.76318 0.07227 0.1123
0 0.95605 0.8208 0.08789 0.07715
0 0.56982 0.06836 0.0752 0.07227
0 0.24951 0.32471 0.06934 0.0752
0 0.68164 0.33838 0.08008 0.08301
0 0.71484 0.75586 0.08984 0.0918
0 0.73584 0.63086 0.06738 0.10742
0 0.18848 0.02588 0.07227 0.05176
0 0.74414 0.03955 0.08984 0.06934
0 0.61768 0.75635 0.07129 0.08301
0 0.96094 0.2373 0.07812 0.07031
0 0.39062 0.01904 0.07617 0.03809
0 0.54443 0.67578 0.0752 0.09766
0 0.05811 0.57666 0.08691 0.08496
0 0.80566 0.00098 0.1582 0.00195
0 0.82178 0.64453 0.08496 0.07422
0 0.17822 0.4292 0.07324 0.0752
0 0.38037 0.12061 0.06738 0.05762
0 0.37451 0.45459 0.0752 0.08496
0 0.85352 0.01953 0.07227 0.03906
0 0.78809 0.33936 0.12305 0.0752
0 0.25684 0.7832 0.06055 0.11328
0 0.5918 0.26562 0.08008 0.07812
0 0.89551 0.77197 0.09766 0.09082
0 0.75195 0.37939 0.08008 0.06934
0 0.0459 0.25977 0.08789 0.08984
0 0.03467 0.43799 0.06543 0.09277
0 0.59619 0.80225 0.05176 0.06934
0 0.66357 0.60449 0.05566 0.08203
