0 0.79688 0.17041 0.0918 0.09473
0 0.70898 0.11084 0.07617 0.0791
0 0.61475 0.13281 0.09277 0.05469
0 0.46826 0.21289 0.0752 0.06445
0 0.51123 0.375 0.08691 0.05078
0 0.60596 0.45801 0.06543 0.05469
0 0.7124 0.46289 0.06348 0.06641
0 0.79736 0.44824 0.08301 0.05859
0 0.71924 0.38672 0.08105 0.06641
0 0.9707 0.53223 0.05859 0.08008
0 0.88574 0.5791 0.06641 0.10547
0 0.96387 0.69287 0.07227 0.09277
0 0.91211 0.70361 0.08008 0.09473
0 0.6748 0.68018 0.08594 0.06348
0 0.96631 0.80078 0.06738 0.06836
0 0.97754 0.86084 0.04492 0.09668
0 0.38574 0.67529 0.09375 0.05957
0 0.33105 0.50928 0.07422 0.06543
0 0.19482 0.34375 0.08887 0.11914
0 0.27295 0.56055 0.09473 0.05469
0 0.20703 0.56543 0.06641 0.05273
0 0.27686 0.70459 0.08105 0.09082
0 0.35205 0.78564 0.06152 0.0459
0 0.12549 0.78174 0.11816 0.05371
0 0.08936 0.64844 0.0752 0.08398
0 0.1333 0.57471 0.0752 0.06152
0 0.14258 0.50488 0.08398 0.05469
0 0.06592 0.38672 0.06934 0.08008
0 0.09229 0.25439 0.06738 0.07324
0 0.20654 0.02197 0.12793 0.04395
0 0.06689 0.06738 0.06934 0.07031
0 0.02197 0.20459 0.04395 0.07324
0 0.03223 0.86377 0.06445 0.05762
0 0.15625 0.91553 0.11133 0.08887
0 0.33203 0.97461 0.08008 0.05078
0 0.25684 0.82666 0.08203 0.1123
0 0.40088 0.95361 0.0498 0.0752
0 0.65723 0.94238 0.0918 0.05469
0 0.76416 0.95508 0.0752 0.06445
0 0.99072 0.00391 0.01855 0.00781
0 0.94971 0.02295 0.0752 0.0459
0 0.90039 0.06201 0.05078 0.05762
0 0.94678 0.13037 0.08301 0.06934
0 0.50684 0.04102 0.08789 0.04688
0 0.76367 0.81543 0.06836 0.05273
0 0.7998 0.65869 0.04688 0.04785
0 0.85693 0.42432 0.05762 0.0752
0 0.22607 0.12305 0.05762 0.05078
