0 0.20361 0.4707 0.10254 0.07812
0 0.0249 0.38477 0.0498 0.08984
0 0.8208 0.50684 0.07715 0.06445
0 0.76318 0.42822 0.07324 0.08301
0 0.10352 0.53711 0.07227 0.06445
0 0.02979 0.88477 0.05957 0.07031
0 0.81006 0.0835 0.0791 0.11816
0 0.08984 0.81201 0.08984 0.11035
0 0.25098 0.93066 0.08789 0.0625
0 0.03516 0.56934 0.06836 0.09961
0 0.00098 0.97363 0.00195 0.05273
0 0.95361 0.87939 0.09277 0.0459
0 0.92822 0.35107 0.08691 0.06738
0 0.04102 0.27588 0.08203 0.13184
0 0.22705 0.60205 0.10449 0.09082
0 0.96973 0.45801 0.06055 0.0625
0 0.85352 0.66064 0.09766 0.07715
0 0.05859 0.12842 0.07227 0.08301
0 0.05469 0.73584 0.10938 0.06738
0 0.08838 0.95361 0.06738 0.06738
0 0.02246 0.20947 0.04492 0.0752
0 0.96484 0.39111 0.07031 0.06738
0 0.20068 0.63965 0.1123 0.07031
0 0.87646 0.71533 0.06152 0.05762
0 0.96484 0.13867 0.07031 0.09766
