0 0.69092 0.43701 0.09668 0.05566
0 0.20117 0.63818 0.13867 0.05371
0 0.8208 0.479 0.11621 0.13184
0 0.10059 0.13281 0.11719 0.06445
0 0.47021 0.18359 0.13379 0.05664
0 0.70361 0.19824 0.08496 0.06641
0 0.04443 0.20898 0.08887 0.04492
0 0.76416 0.3374 0.08887 0.04395
0 0.94775 0.5127 0.10449 0.06445
0 0.88721 0.6123 0.12012 0.04883
0 0.42529 0.271 0.08691 0.04395
0 0.56543 0.43311 0.11328 0.04785
0 0.31299 0.21191 0.1123 0.05469
0 0.06982 0.84814 0.13574 0.0498
0 0.48633 0.84863 0.12891 0.05078
0 0.82568 0.55811 0.11621 0.03418
0 0.76709 0.18701 0.12402 0.04395
0 0.479 0.52197 0.08105 0.03418
0 0.73193 0.52686 0.09863 0.03613
0 0.7041 0.68994 0.13477 0.03223
0 0.24902 0.16992 0.0957 0.04492
0 0.78125 0.92236 0.13867 0.06152
0 0.37842 0.68311 0.1377 0.0459
0 0.83154 0.27441 0.08887 0.0293
0 0.39111 0.19775 0.1377 0.04004
0 0.33643 0.3125 0.08691 0.0332
0 0.04004 0.01807 0.07617 0.03418
0 0.61475 0.22803 0.08887 0.09082
0 0.47559 0.90381 0.12305 0.04785
0 0.84668 0.16211 0.16406 0.09375
0 0.2583 0.29932 0.09277 0.0459
0 0.93701 0.56006 0.12598 0.04395
0 0.04688 0.95605 0.0918 0.06055
0 0.62891 0.54199 0.14453 0.0957
0 0.63281 0.87598 0.15234 0.04492
0 0.77832 0.84717 0.10938 0.04004
0 0.04102 0.99023 0.08008 0.01953
0 0.75195 0.38721 0.08789 0.04004
0 0.59131 0.3667 0.12012 0.02246
0 0.73877 0.9458 0.10254 0.02832
0 0.77295 0.57812 0.06934 0.03711
0 0.19775 0.52344 0.15332 0.02734
0 0.85938 0.24609 0.15625 0.02344
0 0.04004 0.26758 0.07812 0.04102
0 0.48584 0.21973 0.07715 0.05078
0 0.77979 0.61572 0.10645 0.03418
0 0.02881 0.62012 0.05566 0.03516
0 0.30029 0.58105 0.16504 0.03711
0 0.49023 0.94336 0.16602 0.05078
0 0.39844 0.60449 0.13477 0.04883
0 0.82373 0.63623 0.12598 0.03809
0 0.02637 0.56104 0.05273 0.04004
0 0.29492 0.50342 0.08984 0.06152
0 0.51562 0.60449 0.15625 0.05469
0 0.32471 0.54932 0.16504 0.02832
0 0.41016 0.54248 0.0957 0.03223
0 0.91113 0.98486 0.12109 0.03027
0 0.06006 0.41162 0.10059 0.04004
0 0.63867 0.96631 0.10156 0.03418
0 0.77246 0.82178 0.10156 0.04785
0 0.76123 0.01758 0.09082 0.0332
0 0.02051 0.29834 0.04102 0.03223
0 0.67725 0.01416 0.0791 0.02441
0 0.30518 0.92822 0.2002 0.03418
0 0.05176 0.51953 0.0957 0.03516
0 0.25 0.24805 0.18164 0.09961
0 0.0791 0.9043 0.15234 0.0918
0 0.19336 0.56738 0.14648 0.05273
0 0.10645 0.50488 0.19727 0.125
0 0.29541 0.90381 0.2002 0.07129
0 0.1582 0.92139 0.19531 0.09473
0 0.04492 0.00781 0.06641 0.01562
0 0.19824 0.46143 0.19922 0.06543
0 0.52148 0.15576 0.20703 0.09863
0 0.53516 0.1377 0.17969 0.08594
