0 0.95117 0.57227 0.09766 0.11133
0 0.97412 0.45215 0.05176 0.0918
0 0.98584 0.31396 0.02832 0.14551
0 0.86572 0.06592 0.10645 0.11816
0 0.62451 0.41748 0.09277 0.13574
0 0.81738 0.53174 0.10352 0.1416
0 0.77295 0.71045 0.1377 0.11621
0 0.20459 0.29785 0.13379 0.09961
0 0.0625 0.50586 0.0918 0.10352
0 0.09814 0.54541 0.09668 0.08105
0 0.28223 0.65234 0.14453 0.10547
0 0.48047 0.75977 0.17383 0.15625
0 0.23145 0.97803 0.0957 0.04395
0 0.33984 0.92822 0.13672 0.14355
0 0.04639 0.79541 0.08105 0.1123
0 0.02295 0.08057 0.0459 0.09863
0 0.14746 0.01904 0.07617 0.03809
0 0.27246 0.3877 0.15039 0.08594
0 0.28564 0.2915 0.08691 0.06934
0 0.39209 0.26611 0.07715 0.0752
0 0.47412 0.19189 0.08496 0.06348
0 0.44434 0.05908 0.125 0.11816
0 0.65186 0.31592 0.06543 0.08105
0 0.48145 0.4668 0.11523 0.10742
0 0.62598 0.97461 0.07422 0.05078
0 0.88232 0.8125 0.10254 0.08594
0 0.83691 0.95654 0.05859 0.06152
0 0.97803 0.79053 0.04395 0.10449
0 0.8418 0.15527 0.07617 0.10742
0 0.13721 0.31006 0.09277 0.08496
