0 0.28125 0.02734 0.07227 0.05469
0 0.16992 0.11621 0.05859 0.06445
0 0.13135 0.36816 0.08887 0.07227
0 0.0249 0.58105 0.0498 0.08398
0 0.05078 0.73486 0.07227 0.0752
0 0.08398 0.82568 0.07227 0.08496
0 0.21729 0.79639 0.09863 0.05566
0 0.13672 0.90625 0.07617 0.07812
0 0.17529 0.95605 0.06543 0.05273
0 0.12793 0.48535 0.08008 0.05859
0 0.25781 0.33789 0.0625 0.0625
0 0.40137 0.33594 0.05664 0.08008
0 0.38965 0.57129 0.0957 0.05859
0 0.36523 0.47949 0.0957 0.07617
0 0.46484 0.63965 0.07422 0.11914
0 0.36963 0.70947 0.06934 0.07129
0 0.46777 0.73486 0.08398 0.08301
0 0.57373 0.67139 0.07715 0.08691
0 0.36279 0.07178 0.06934 0.08691
0 0.44287 0.12646 0.04785 0.07715
0 0.5498 0.18945 0.06641 0.11133
0 0.4126 0.26904 0.06543 0.05176
0 0.71582 0.27881 0.07031 0.0791
0 0.79492 0.24365 0.09375 0.08691
0 0.57959 0.01562 0.08887 0.03125
0 0.60742 0.0459 0.06641 0.0918
0 0.7334 0.0166 0.12305 0.0332
0 0.92627 0.33252 0.07129 0.07715
0 0.91016 0.28125 0.07422 0.07227
0 0.78711 0.45166 0.09375 0.06738
0 0.896 0.50537 0.06934 0.06348
0 0.95898 0.55615 0.08203 0.0791
0 0.90479 0.65137 0.06348 0.08984
0 0.78564 0.66699 0.07715 0.06445
0 0.91309 0.79199 0.11328 0.10938
0 0.96631 0.88623 0.06738 0.05566
0 0.79541 0.93115 0.0791 0.08301
0 0.59277 0.84082 0.0918 0.07812
0 0.43652 0.87695 0.05469 0.08984
0 0.54932 0.89502 0.04004 0.04785
0 0.47803 0.50195 0.06738 0.04688
0 0.82764 0.97168 0.08496 0.05664
0 0.89307 0.0459 0.08105 0.08008
0 0.7832 0.07324 0.07031 0.0625
0 0.56543 0.29785 0.05859 0.07617
0 0.59033 0.61475 0.0791 0.05371
0 0.59863 0.79248 0.06445 0.06152
0 0.98145 0.71094 0.03711 0.07031
0 0.68262 0.14502 0.06445 0.05566
0 0.8877 0.10596 0.05273 0.02832
0 0.38379 0.69141 0.06055 0.10352
