0 0.95947 0.40967 0.06738 0.0791
0 0.14307 0.1499 0.08105 0.11426
0 0.44629 0.55322 0.04297 0.09082
0 0.15283 0.85693 0.09277 0.08496
0 0.03711 0.92725 0.05078 0.09863
0 0.25244 0.12207 0.05957 0.07227
0 0.0249 0.20654 0.0498 0.08105
0 0.21973 0.27539 0.0957 0.07227
0 0.40723 0.22363 0.07617 0.06445
0 0.11914 0.59619 0.07031 0.05762
0 0.31592 0.31104 0.05762 0.06934
0 0.23584 0.65869 0.08105 0.0498
0 0.9082 0.44531 0.04102 0.07812
0 0.60791 0.1792 0.04395 0.10254
0 0.875 0.16309 0.06055 0.07422
0 0.02441 0.49365 0.04883 0.05762
0 0.89014 0.85693 0.05566 0.06738
0 0.74023 0.84961 0.10352 0.05078
0 0.93262 0.13623 0.08398 0.09473
0 0.08057 0.51123 0.07129 0.10645
0 0.97021 0.57715 0.05957 0.04688
0 0.51953 0.98486 0.05273 0.02637
0 0.55322 0.69531 0.05371 0.11523
0 0.01904 0.0376 0.03809 0.04785
0 0.09131 0.7998 0.06152 0.04297
0 0.78223 0.06934 0.05859 0.04102
0 0.09717 0.01416 0.03613 0.02637
0 0.48779 0.40283 0.07324 0.03027
0 0.78223 0.30664 0.06445 0.05078
0 0.50879 0.11084 0.08594 0.04199
0 0.38721 0.07471 0.07324 0.04395
0 0.64258 0.77197 0.08008 0.05566
0 0.21045 0.57178 0.05371 0.03223
0 0.94287 0.92676 0.0459 0.06641
0 0.62354 0.97949 0.04199 0.02734
0 0.77393 0.24121 0.05371 0.05469
0 0.09766 0.92041 0.08789 0.03418
0 0.62842 0.68457 0.06348 0.04297
0 0.40234 0.60596 0.05859 0.01855
0 0.89502 0.62158 0.03027 0.0791
0 0.76074 0.6665 0.0293 0.06152
0 0.42773 0.91357 0.0918 0.03809
0 0.8125 0.91162 0.0625 0.05176
0 0.91748 0.51318 0.03613 0.05762
0 0.51807 0.44482 0.09473 0.04004
0 0.22314 0.80713 0.05176 0.04004
0 0.93994 0.96338 0.05957 0.03418
0 0.37354 0.01221 0.03809 0.02441
0 0.61572 0.09668 0.04785 0.05273
0 0.44922 0.06836 0.04102 0.04883
0 0.90625 0.6665 0.04883 0.08691
0 0.33057 0.17627 0.04395 0.0459
0 0.70312 0.72998 0.05664 0.05762
0 0.54834 0.35547 0.0498 0.05078
0 0.19287 0.63672 0.05957 0.0625
0 0.83301 0.40479 0.04102 0.03223
0 0.73486 0.32715 0.04004 0.04492
0 0.68408 0.49072 0.09277 0.05566
0 0.32764 0.06201 0.0791 0.05762
0 0.35938 0.81104 0.10742 0.04785
0 0.25488 0.979 0.12891 0.04199
0 0.63672 0.72559 0.07031 0.03711
0 0.98145 0.73486 0.03711 0.08691
