0 0.05518 0.48877 0.0752 0.1377
0 0.63086 0.03955 0.07812 0.0791
0 0.67773 0.16016 0.09961 0.0625
0 0.50732 0.16113 0.05176 0.05469
0 0.36377 0.22705 0.06543 0.06348
0 0.48145 0.28271 0.07617 0.07324
0 0.62012 0.33545 0.11523 0.09668
0 0.91113 0.31982 0.08789 0.06934
0 0.91162 0.19727 0.08691 0.08594
0 0.14893 0.15576 0.0752 0.06152
0 0.22119 0.35742 0.06152 0.05859
0 0.09717 0.33887 0.0752 0.08984
0 0.2417 0.28809 0.10254 0.09375
0 0.14307 0.51514 0.12793 0.06152
0 0.16699 0.43408 0.10938 0.0791
0 0.30322 0.46338 0.06934 0.06738
0 0.47363 0.4707 0.05078 0.05273
0 0.46777 0.52979 0.08984 0.13184
0 0.60303 0.58105 0.07129 0.09766
0 0.76758 0.46094 0.06641 0.08398
0 0.90723 0.51172 0.14258 0.07227
0 0.93066 0.40088 0.10156 0.09277
0 0.21094 0.68457 0.06641 0.12109
0 0.30176 0.71191 0.125 0.14844
0 0.33643 0.78662 0.11426 0.1377
0 0.41504 0.86328 0.08008 0.09961
0 0.4624 0.89258 0.06152 0.10547
0 0.53174 0.82959 0.0791 0.12988
0 0.62744 0.84521 0.0791 0.11621
0 0.771 0.81396 0.08301 0.09473
0 0.84668 0.96631 0.08008 0.06738
0 0.86133 0.95459 0.08398 0.09082
0 0.96875 0.87012 0.0625 0.10352
0 0.90234 0.88232 0.07812 0.11035
0 0.18945 0.81592 0.10938 0.10254
0 0.02295 0.93604 0.0459 0.11035
0 0.03027 0.82764 0.06055 0.06543
0 0.71924 0.98193 0.08691 0.03418
0 0.84521 0.75293 0.06152 0.06836
0 0.79688 0.58496 0.08203 0.05469
0 0.75488 0.0918 0.05859 0.04297
0 0.44189 0.0332 0.06738 0.06641
0 0.06152 0.30078 0.11523 0.06836
0 0.21094 0.40918 0.10156 0.09375
0 0.17383 0.96875 0.07617 0.05664
0 0.95947 0.51465 0.06738 0.07227
0 0.37256 0.54639 0.08496 0.05957
0 0.04883 0.56201 0.07422 0.05176
0 0.3584 0.94482 0.07031 0.05566
