0 0.16064 0.02197 0.10059 0.04395
0 0.06689 0.03662 0.05957 0.07324
0 0.01709 0.35889 0.03418 0.16504
0 0.19922 0.34375 0.0625 0.11133
0 0.26904 0.34375 0.07715 0.09961
0 0.07422 0.60156 0.14844 0.09375
0 0.29395 0.76514 0.125 0.1123
0 0.16211 0.70312 0.08203 0.06445
0 0.02148 0.81006 0.04297 0.09863
0 0.25049 0.90918 0.12988 0.09766
0 0.14062 0.81348 0.05469 0.04688
0 0.35205 0.96387 0.06348 0.07227
0 0.41895 0.99365 0.04688 0.0127
0 0.67969 0.97461 0.10352 0.05078
0 0.93164 0.9668 0.13672 0.06641
0 0.8125 0.93066 0.10742 0.12695
0 0.73975 0.84814 0.13379 0.06152
0 0.62988 0.80762 0.07812 0.07812
0 0.70654 0.63477 0.07129 0.0957
0 0.8833 0.5752 0.0791 0.11328
0 0.8623 0.71631 0.0625 0.13379
0 0.93359 0.68604 0.0957 0.06934
0 0.96582 0.75537 0.06836 0.08887
0 0.95752 0.875 0.06934 0.11719
0 0.979 0.53467 0.04199 0.1377
0 0.96289 0.39258 0.06641 0.08984
0 0.67383 0.22705 0.06836 0.14746
0 0.39453 0.16992 0.12109 0.0625
0 0.43896 0.34961 0.05762 0.18555
0 0.4541 0.58252 0.07227 0.19043
0 0.41406 0.65039 0.08203 0.16211
0 0.34619 0.06445 0.12598 0.04297
0 0.38281 0.01855 0.06445 0.03711
0 0.97803 0.17041 0.04395 0.12793
0 0.91406 0.16162 0.05664 0.11816
