0 0.83447 0.76318 0.09473 0.10254
0 0.8252 0.43213 0.13281 0.0791
0 0.39844 0.12354 0.12695 0.1123
0 0.83398 0.65625 0.10938 0.08203
0 0.69482 0.93359 0.08496 0.06641
0 0.39844 0.34473 0.12305 0.11523
0 0.91455 0.24854 0.13965 0.1123
0 0.71436 0.50342 0.08496 0.08691
0 0.54346 0.95215 0.09277 0.0957
0 0.81055 0.07129 0.08984 0.08203
0 0.95215 0.14941 0.0957 0.14062
0 0.61377 0.31055 0.08496 0.14062
0 0.65332 0.04688 0.08203 0.08984
0 0.04053 0.63184 0.07715 0.14453
0 0.9585 0.84082 0.08301 0.08203
0 0.72949 0.58057 0.07422 0.07715
0 0.08105 0.97119 0.09766 0.05762
0 0.22803 0.97607 0.10449 0.04785
0 0.51367 0.4707 0.06641 0.06836
0 0.1543 0.03564 0.14453 0.06738
0 0.05225 0.87598 0.06543 0.08203
0 0.04932 0.42822 0.08496 0.12793
0 0.77539 0.05811 0.10742 0.1123
0 0.95459 0.26953 0.09082 0.11523
