0 0.81641 0.71045 0.125 0.08301
0 0.50537 0.81494 0.09668 0.05176
0 0.03857 0.36426 0.07715 0.11523
0 0.68213 0.92334 0.15527 0.08496
0 0.06055 0.89258 0.07031 0.09961
0 0.56982 0.64453 0.12988 0.13086
0 0.05908 0.06494 0.05762 0.05566
0 0.08594 0.2583 0.07227 0.05762
0 0.48291 0.96533 0.1123 0.06934
0 0.08594 0.25684 0.07812 0.06055
0 0.03467 0.17822 0.0498 0.08691
0 0.03467 0.54053 0.06934 0.10254
0 0.57568 0.08691 0.09277 0.0957
0 0.65283 0.67822 0.08887 0.06543
0 0.5708 0.03223 0.1123 0.06055
0 0.98486 0.06592 0.03027 0.10254
0 0.0293 0.03613 0.05273 0.0625
