0 0.03125 0.14795 0.0625 0.08301
0 0.11963 0.30664 0.12402 0.09375
0 0.20898 0.4043 0.08203 0.16797
0 0.22266 0.25684 0.05469 0.06055
0 0.37012 0.31689 0.05664 0.06348
0 0.44922 0.08203 0.10547 0.08984
0 0.55566 0.19727 0.06055 0.11719
0 0.63477 0.18311 0.06641 0.09863
0 0.65771 0.23584 0.05957 0.04785
0 0.69336 0.09229 0.07227 0.1123
0 0.13135 0.05176 0.0791 0.09961
0 0.13672 0.1377 0.06836 0.04297
0 0.86377 0.05859 0.08105 0.11719
0 0.8501 0.14941 0.06738 0.05273
0 0.76514 0.20752 0.09473 0.0791
0 0.81299 0.2627 0.06543 0.04688
0 0.86035 0.34229 0.06641 0.06738
0 0.70996 0.31885 0.05469 0.05176
0 0.95459 0.18896 0.06152 0.05566
0 0.9707 0.12158 0.05859 0.07715
0 0.01562 0.85156 0.03125 0.07031
0 0.02344 0.79102 0.04688 0.06445
0 0.1543 0.79785 0.08398 0.10938
0 0.15283 0.8584 0.09277 0.08008
0 0.16357 0.66895 0.07324 0.04102
0 0.27197 0.57715 0.04785 0.08008
0 0.32275 0.59912 0.06738 0.08496
0 0.3291 0.66309 0.05859 0.05078
0 0.45361 0.63428 0.13379 0.07129
0 0.47998 0.68652 0.09277 0.05469
0 0.35693 0.70459 0.06543 0.05176
0 0.31592 0.71484 0.04395 0.05078
0 0.35889 0.74951 0.05566 0.05566
0 0.45947 0.83838 0.0791 0.09473
0 0.35547 0.79834 0.07031 0.05957
0 0.32227 0.82178 0.04883 0.06934
0 0.28076 0.87354 0.0752 0.18848
0 0.22168 0.93408 0.05664 0.06543
0 0.49219 0.98389 0.08008 0.03223
0 0.46436 0.91504 0.0752 0.07227
0 0.56592 0.84863 0.11035 0.0625
0 0.5459 0.88672 0.10938 0.07227
0 0.93604 0.92773 0.09863 0.0625
0 0.90723 0.8584 0.05859 0.04688
0 0.56836 0.75244 0.05859 0.07715
0 0.66895 0.73828 0.09375 0.07227
0 0.71191 0.67676 0.04688 0.04297
0 0.72021 0.60205 0.06348 0.06738
0 0.77295 0.6333 0.05957 0.05566
0 0.87451 0.69287 0.04395 0.06543
0 0.79883 0.75049 0.05859 0.04004
0 0.74414 0.7417 0.05078 0.05566
0 0.74316 0.81201 0.08008 0.04199
0 0.96191 0.68896 0.07617 0.05176
0 0.78027 0.68896 0.04492 0.04395
0 0.78174 0.91553 0.04199 0.04395
0 0.74902 0.77832 0.06641 0.05273
0 0.65723 0.20361 0.08789 0.05762
