0 0.14941 0.13965 0.08203 0.11914
0 0.09766 0.07715 0.17578 0.1543
0 0.58252 0.04199 0.0752 0.08398
0 0.3877 0.27783 0.04688 0.06348
0 0.08691 0.37305 0.07812 0.07227
0 0.05859 0.69092 0.09961 0.09277
0 0.21484 0.68506 0.07227 0.09473
0 0.27979 0.72461 0.06934 0.06836
0 0.5459 0.61572 0.18945 0.09082
0 0.34473 0.5249 0.11328 0.11035
0 0.34277 0.37207 0.0957 0.05469
0 0.37256 0.42285 0.1748 0.06836
0 0.75293 0.36768 0.06641 0.10645
0 0.85889 0.37109 0.10449 0.19531
0 0.97363 0.18994 0.05273 0.09473
0 0.93506 0.05469 0.11816 0.10938
0 0.94678 0.92725 0.09668 0.14551
0 0.74756 0.85059 0.1084 0.18945
0 0.58643 0.86523 0.08496 0.17188
0 0.65527 0.69824 0.16406 0.10547
0 0.17676 0.82617 0.05664 0.10547
0 0.23242 0.81592 0.0625 0.05176
0 0.08545 0.95605 0.08691 0.08789
0 0.0332 0.83594 0.06641 0.08203
0 0.19141 0.97363 0.10742 0.05273
0 0.38037 0.8877 0.04395 0.04688
0 0.22949 0.85156 0.06055 0.05664
0 0.28516 0.8877 0.05273 0.05664
0 0.74121 0.29541 0.05273 0.09863
