0 0.48438 0.06934 0.05469 0.11328
0 0.2583 0.04443 0.06738 0.08887
0 0.06201 0.55176 0.12402 0.07227
0 0.03125 0.44238 0.0625 0.10352
0 0.15039 0.87988 0.10156 0.10938
0 0.33984 0.49219 0.07617 0.0918
0 0.75635 0.86475 0.06738 0.06738
0 0.83496 0.06934 0.05469 0.09961
0 0.68945 0.3374 0.08398 0.05176
0 0.09082 0.27979 0.06445 0.07715
0 0.72998 0.19092 0.06152 0.0752
0 0.37988 0.68555 0.06836 0.06836
0 0.91699 0.42871 0.04492 0.08789
0 0.35205 0.04736 0.07129 0.09277
0 0.52246 0.75146 0.07227 0.05371
0 0.53223 0.02783 0.03906 0.05566
0 0.0791 0.07666 0.07227 0.07129
0 0.96533 0.48291 0.05762 0.0791
0 0.87061 0.3916 0.05957 0.10156
0 0.08398 0.14795 0.07812 0.05957
0 0.60498 0.3623 0.04785 0.11133
0 0.81201 0.84277 0.07129 0.05273
0 0.55176 0.08643 0.05078 0.08301
0 0.57422 0.20068 0.04492 0.06348
0 0.53809 0.47754 0.03125 0.08594
0 0.46338 0.17676 0.09082 0.08594
0 0.14355 0.38135 0.05859 0.12793
0 0.32568 0.65625 0.05762 0.08203
0 0.83789 0.75439 0.05078 0.07715
0 0.49561 0.50684 0.05566 0.06641
0 0.96289 0.28857 0.07031 0.14941
0 0.83252 0.41943 0.05176 0.08496
0 0.98486 0.6709 0.03027 0.0918
0 0.38379 0.44971 0.05078 0.0791
0 0.03857 0.04932 0.05176 0.07324
0 0.55566 0.39307 0.08789 0.1123
0 0.58887 0.75439 0.05078 0.08301
0 0.40479 0.80322 0.05371 0.07715
0 0.97119 0.17627 0.05176 0.0498
0 0.39355 0.12207 0.0625 0.05078
0 0.50488 0.93701 0.06445 0.03223
0 0.14844 0.40527 0.09375 0.09961
0 0.02783 0.85498 0.05566 0.03418
0 0.60596 0.41016 0.05566 0.08008
0 0.46479 0.75356 0.07666 0.06104
0 0.70361 0.72412 0.09082 0.09277
0 0.06299 0.80322 0.05762 0.0498
0 0.78174 0.71191 0.04004 0.05859
0 0.14648 0.30127 0.03711 0.04004
0 0.30566 0.02246 0.03125 0.04492
0 0.19385 0.18213 0.05957 0.0459
0 0.56836 0.83105 0.08594 0.03906
0 0.82178 0.34814 0.05762 0.06543
0 0.35645 0.75439 0.04688 0.04395
0 0.88086 0.78271 0.05078 0.0498
0 0.63818 0.90088 0.06348 0.05176
0 0.33545 0.96289 0.10254 0.07422
0 0.22559 0.18848 0.07617 0.07422
0 0.22949 0.1709 0.10742 0.10938
