0 0.93359 0.08008 0.13281 0.16016
0 0.80713 0.03564 0.08496 0.07129
0 0.63135 0.03467 0.15918 0.06934
0 0.48438 0.0625 0.09375 0.08789
0 0.64307 0.12842 0.09863 0.08887
0 0.3125 0.0752 0.125 0.13086
0 0.14111 0.08398 0.10254 0.11914
0 0.05859 0.08496 0.11719 0.11328
0 0.07471 0.16016 0.08887 0.08203
0 0.14844 0.24414 0.10938 0.0957
0 0.07617 0.3252 0.08984 0.10352
0 0.35596 0.25146 0.1377 0.10059
0 0.48975 0.39844 0.1123 0.16211
0 0.38232 0.40967 0.10645 0.08496
0 0.57959 0.27588 0.10449 0.11035
0 0.7876 0.30957 0.1377 0.07227
0 0.80078 0.39404 0.12305 0.11621
0 0.69824 0.45459 0.0957 0.0791
0 0.6543 0.51807 0.09961 0.15527
0 0.45459 0.56689 0.10059 0.1084
0 0.33789 0.54834 0.08789 0.09082
0 0.10449 0.49072 0.0918 0.07324
0 0.96875 0.57617 0.0625 0.07812
0 0.88379 0.62646 0.0918 0.13965
0 0.66504 0.66504 0.08789 0.125
0 0.19385 0.68359 0.08691 0.0918
0 0.2207 0.9292 0.0957 0.1416
0 0.18555 0.97949 0.11133 0.04102
0 0.44727 0.96484 0.09766 0.07031
0 0.36035 0.93164 0.0918 0.08203
0 0.60156 0.91748 0.11523 0.09863
0 0.625 0.83057 0.05469 0.06934
0 0.95312 0.88428 0.09375 0.07715
0 0.93799 0.97119 0.08301 0.05762
0 0.54053 0.98877 0.12207 0.02246
0 0.7583 0.92822 0.08691 0.11816
0 0.33057 0.33154 0.05566 0.07324
