0 0.22705 0.97656 0.06543 0.04688
0 0.02197 0.98877 0.04395 0.02246
0 0.11621 0.85205 0.08008 0.0498
0 0.1167 0.89111 0.03418 0.03809
0 0.19434 0.8833 0.0625 0.07715
0 0.27051 0.90771 0.0625 0.07129
0 0.3667 0.9248 0.04785 0.05469
0 0.36328 0.84131 0.05859 0.05371
0 0.2876 0.80859 0.07129 0.05859
0 0.28857 0.70068 0.05762 0.0791
0 0.13916 0.74658 0.0498 0.0459
0 0.07227 0.77539 0.07422 0.05859
0 0.03467 0.60986 0.06934 0.05762
0 0.08008 0.52393 0.05664 0.06348
0 0.13818 0.58838 0.08691 0.08105
0 0.2251 0.6123 0.06152 0.0625
0 0.28809 0.51904 0.07227 0.06152
0 0.01709 0.25098 0.03418 0.06055
0 0.02002 0.16846 0.04004 0.0752
0 0.09082 0.07812 0.07422 0.06641
0 0.10059 0.02148 0.07422 0.04297
0 0.27295 0.01807 0.05176 0.03613
0 0.26465 0.08887 0.06836 0.08789
0 0.32568 0.09277 0.06348 0.06641
0 0.26709 0.1792 0.06152 0.06934
0 0.32178 0.24561 0.05957 0.07129
0 0.55859 0.11475 0.07031 0.06738
0 0.63721 0.0918 0.09473 0.07227
0 0.88135 0.03467 0.05176 0.06543
0 0.96582 0.07617 0.05273 0.08203
0 0.9917 0.17773 0.0166 0.06836
0 0.99463 0.2251 0.01074 0.04395
0 0.86426 0.29834 0.05664 0.08105
0 0.6958 0.29004 0.06348 0.08008
0 0.61816 0.26367 0.07617 0.05078
0 0.50781 0.24561 0.0957 0.07715
0 0.5459 0.20508 0.07031 0.07227
0 0.64062 0.36865 0.0625 0.05762
0 0.76367 0.37842 0.05078 0.05371
0 0.82666 0.62939 0.10449 0.08887
0 0.97314 0.65088 0.05371 0.0791
0 0.97998 0.53027 0.04004 0.10742
0 0.99023 0.43164 0.01953 0.08789
0 0.6167 0.81787 0.06152 0.05957
0 0.47754 0.71924 0.06445 0.06348
0 0.5752 0.97559 0.08984 0.04883
0 0.94727 0.94727 0.06055 0.06055
0 0.99072 0.96191 0.01855 0.05469
0 0.98535 0.86816 0.0293 0.06055
0 0.05762 0.70605 0.06445 0.06055
