0 0.69385 0.0874 0.09082 0.09277
0 0.97705 0.61572 0.0459 0.09863
0 0.58252 0.21875 0.1084 0.08398
0 0.87549 0.15234 0.07715 0.07617
0 0.62646 0.78906 0.06543 0.08398
0 0.71191 0.4707 0.04688 0.07812
0 0.80859 0.47363 0.05859 0.07031
0 0.14795 0.55615 0.12402 0.08887
0 0.95459 0.49512 0.08496 0.11523
0 0.10059 0.67871 0.12891 0.07812
0 0.96436 0.24658 0.06738 0.05762
0 0.74121 0.24854 0.0625 0.07324
0 0.05957 0.27002 0.11719 0.0752
0 0.38086 0.08936 0.11133 0.11035
0 0.11963 0.06738 0.09863 0.07812
0 0.54102 0.86133 0.10938 0.06836
0 0.5874 0.2749 0.06152 0.05762
0 0.69043 0.31885 0.07422 0.08691
0 0.38086 0.59961 0.07812 0.05078
0 0.04004 0.10791 0.08008 0.1123
0 0.07129 0.98047 0.06641 0.0332
0 0.2251 0.4165 0.12012 0.09082
0 0.54834 0.49561 0.09473 0.0752
0 0.88184 0.85205 0.04688 0.08105
0 0.44189 0.82959 0.12598 0.07324
0 0.25586 0.0249 0.07227 0.0498
0 0.66553 0.55957 0.09277 0.06445
0 0.4624 0.30908 0.09863 0.05566
0 0.15088 0.52197 0.09668 0.06152
0 0.30566 0.81201 0.04883 0.07129
0 0.0625 0.18457 0.125 0.11523
0 0.19238 0.19678 0.11328 0.12402
0 0.27832 0.23096 0.11523 0.12598
0 0.90234 0.34082 0.07812 0.05273
0 0.71484 0.69043 0.07812 0.05469
0 0.97021 0.93701 0.05957 0.05371
0 0.35889 0.8916 0.14746 0.09375
0 0.4043 0.87598 0.18164 0.125
0 0.30273 0.76855 0.17188 0.08008
0 0.06299 0.81982 0.12402 0.10059
0 0.19043 0.95996 0.06641 0.04492
0 0.03027 0.73486 0.06055 0.05762
0 0.02881 0.68945 0.05762 0.0625
0 0.04199 0.55664 0.08398 0.07031
0 0.32031 0.59814 0.09961 0.08301
0 0.27393 0.54688 0.06348 0.04492
0 0.36182 0.50098 0.09863 0.06445
0 0.46777 0.67969 0.0918 0.05273
0 0.87549 0.79248 0.0791 0.08301
