0 0.03271 0.03857 0.06543 0.06934
0 0.17578 0.27881 0.09961 0.1084
0 0.28467 0.21143 0.08496 0.0791
0 0.58936 0.19678 0.08301 0.10059
0 0.42529 0.32324 0.0791 0.07227
0 0.16992 0.4043 0.07227 0.06641
0 0.06055 0.38916 0.05859 0.06738
0 0.12305 0.49951 0.06445 0.07129
0 0.19092 0.50146 0.0752 0.07129
0 0.45703 0.48828 0.10938 0.0918
0 0.57178 0.43213 0.08301 0.07129
0 0.61816 0.34424 0.08008 0.06348
0 0.66846 0.43457 0.08691 0.07617
0 0.88184 0.45752 0.11719 0.06543
0 0.97119 0.37305 0.05762 0.05273
0 0.95361 0.17139 0.09277 0.08301
0 0.78076 0.17334 0.08301 0.08105
0 0.76416 0.5918 0.14355 0.09766
0 0.58008 0.65283 0.17578 0.09863
0 0.45801 0.71924 0.11523 0.0791
0 0.33057 0.76611 0.13184 0.06934
0 0.50586 0.78613 0.14844 0.04883
0 0.41797 0.85156 0.11523 0.07812
0 0.22754 0.96094 0.125 0.07812
0 0.07812 0.8916 0.10156 0.08789
0 0.05322 0.67627 0.0752 0.06543
0 0.8623 0.92871 0.0918 0.07227
0 0.89893 0.76953 0.09082 0.0957
0 0.54785 0.51904 0.06445 0.06738
0 0.30713 0.48584 0.09082 0.08105
0 0.02002 0.16992 0.04004 0.11523
0 0.26416 0.5415 0.06543 0.0498
