0 0.59473 0.83008 0.21484 0.08594
0 0.6958 0.69531 0.16309 0.15234
0 0.9209 0.43945 0.1582 0.0918
0 0.98975 0.64062 0.02051 0.11914
0 0.38574 0.51807 0.1582 0.08105
0 0.39795 0.33789 0.10059 0.19141
0 0.07324 0.18262 0.14648 0.09766
0 0.021 0.65381 0.04199 0.17285
0 0.3501 0.89307 0.1084 0.13965
0 0.21777 0.73975 0.14844 0.16699
0 0.9751 0.75781 0.0498 0.09375
0 0.57861 0.98975 0.08496 0.02051
0 0.44873 0.91748 0.06738 0.09668
0 0.48926 0.74268 0.09375 0.08691
0 0.53564 0.67773 0.06152 0.05078
0 0.53809 0.5166 0.05664 0.13672
0 0.67529 0.53906 0.10059 0.06445
0 0.66602 0.45801 0.12891 0.07227
0 0.75049 0.44775 0.06738 0.11035
0 0.18164 0.4585 0.07031 0.06738
0 0.25732 0.48291 0.07324 0.05762
0 0.26514 0.55859 0.07129 0.05078
0 0.2002 0.62109 0.08984 0.05273
0 0.20654 0.39404 0.11816 0.06543
0 0.28271 0.32129 0.11816 0.11328
0 0.04932 0.2749 0.09863 0.09473
0 0.04297 0.34277 0.08594 0.06641
0 0.11963 0.05566 0.11426 0.06055
0 0.64355 0.22363 0.20703 0.09961
0 0.81299 0.18848 0.06348 0.06055
0 0.82129 0.07617 0.08398 0.04492
0 0.64355 0.02979 0.17969 0.05762
0 0.4502 0.14648 0.2168 0.14844
0 0.96094 0.35693 0.07812 0.05566
0 0.89795 0.89355 0.12402 0.08984
0 0.91406 0.79883 0.07812 0.06445
0 0.93311 0.99072 0.12207 0.01855
0 0.05811 0.87646 0.11621 0.15918
0 0.91309 0.08496 0.12695 0.16992
