0 0.33301 0.43311 0.11719 0.08301
0 0.34619 0.01953 0.14746 0.03906
0 0.18701 0.33691 0.11426 0.09961
0 0.56543 0.00977 0.14258 0.01953
0 0.40479 0.66992 0.08496 0.08008
0 0.70605 0.06592 0.09766 0.09277
0 0.18213 0.68359 0.06543 0.0625
0 0.94043 0.66553 0.10742 0.07715
0 0.9248 0.08105 0.10742 0.09961
0 0.53857 0.62598 0.1377 0.14258
0 0.39893 0.5166 0.13184 0.07227
0 0.11084 0.62598 0.06738 0.08203
0 0.97217 0.59717 0.05566 0.06934
0 0.94727 0.49951 0.10547 0.0791
0 0.78955 0.0708 0.12988 0.1123
0 0.23193 0.17725 0.11035 0.09473
0 0.20801 0.9624 0.13477 0.0752
0 0.10791 0.87305 0.10254 0.07227
0 0.25342 0.90723 0.09277 0.07031
0 0.58936 0.97607 0.0752 0.04785
0 0.43555 0.49658 0.12891 0.05957
0 0.771 0.98486 0.08301 0.03027
0 0.91553 0.91699 0.14355 0.0625
0 0.85693 0.7085 0.13965 0.07715
0 0.92871 0.43066 0.14258 0.07227
