0 0.96924 0.23047 0.06152 0.08398
0 0.31689 0.07959 0.09277 0.08887
0 0.54492 0.09424 0.05664 0.06543
0 0.61621 0.06982 0.08594 0.09863
0 0.76758 0.07959 0.0918 0.06543
0 0.88281 0.06104 0.09375 0.08691
0 0.10742 0.16895 0.08398 0.07031
0 0.12305 0.25 0.07422 0.0625
0 0.23682 0.28223 0.10059 0.06445
0 0.37451 0.34424 0.06152 0.08301
0 0.49414 0.32129 0.06445 0.08008
0 0.5625 0.34619 0.06641 0.1084
0 0.62305 0.34814 0.08398 0.08496
0 0.4375 0.24512 0.13281 0.05859
0 0.43262 0.1875 0.07617 0.05664
0 0.10791 0.5498 0.07324 0.05078
0 0.22168 0.52295 0.08008 0.06348
0 0.42969 0.59131 0.08789 0.05176
0 0.46533 0.56445 0.05566 0.04492
0 0.17188 0.68896 0.05859 0.08105
0 0.03027 0.67432 0.06055 0.06152
0 0.17041 0.79932 0.08105 0.08691
0 0.23096 0.77197 0.06152 0.06152
0 0.30469 0.70459 0.07422 0.09082
0 0.3374 0.8291 0.09082 0.10547
0 0.48779 0.93115 0.07324 0.13574
0 0.7373 0.78223 0.07227 0.08203
0 0.38721 0.70068 0.07324 0.0498
0 0.93262 0.53955 0.06836 0.09668
0 0.96631 0.60693 0.06738 0.06348
0 0.77637 0.62988 0.07227 0.10156
0 0.7417 0.49414 0.0752 0.05664
0 0.78369 0.30811 0.05762 0.06934
0 0.87695 0.31445 0.07617 0.05859
0 0.94629 0.8252 0.06836 0.05469
0 0.96631 0.91992 0.06738 0.06641
0 0.79443 0.19336 0.08105 0.07422
0 0.73926 0.87842 0.07617 0.06934
0 0.07959 0.78174 0.05762 0.06152
0 0.4043 0.9624 0.05859 0.05762
0 0.11133 0.7085 0.04883 0.06543
0 0.70752 0.62646 0.0498 0.06543
0 0.3457 0.38672 0.08398 0.05664
0 0.40186 0.65918 0.06348 0.04688
0 0.46875 0.7666 0.10352 0.06445
0 0.8252 0.6543 0.05078 0.05664
0 0.07812 0.11475 0.07031 0.06738
