0 0.17285 0.51514 0.10547 0.12793
0 0.1958 0.42627 0.06543 0.05762
0 0.11377 0.2998 0.0752 0.08008
0 0.03076 0.20654 0.06152 0.1709
0 0.2124 0.24902 0.07715 0.09375
0 0.2876 0.22803 0.1123 0.12207
0 0.41748 0.28906 0.08887 0.14062
0 0.43799 0.14941 0.06348 0.07227
0 0.27002 0.15088 0.10059 0.05176
0 0.41846 0.50049 0.13574 0.10449
0 0.48682 0.46631 0.05957 0.07324
0 0.60693 0.48584 0.08301 0.06934
0 0.70996 0.45752 0.11523 0.07129
0 0.65088 0.56885 0.0791 0.12793
0 0.53711 0.65186 0.0918 0.08691
0 0.26709 0.70215 0.0752 0.07227
0 0.03174 0.91113 0.06348 0.08398
0 0.1499 0.78125 0.06738 0.11523
0 0.22314 0.82666 0.06934 0.10645
0 0.31006 0.82666 0.09082 0.10059
0 0.13037 0.88525 0.12793 0.12988
0 0.43213 0.82861 0.10059 0.16895
0 0.53906 0.7749 0.08594 0.11816
0 0.44727 0.93799 0.06445 0.12402
0 0.47559 0.85205 0.05664 0.08887
0 0.65479 0.91211 0.07324 0.08398
0 0.87207 0.83154 0.08984 0.08887
0 0.93164 0.76514 0.06641 0.0791
0 0.95947 0.72266 0.08105 0.12891
0 0.88525 0.70996 0.0752 0.06641
0 0.74365 0.63428 0.0791 0.09473
0 0.82373 0.57422 0.09082 0.08594
0 0.91455 0.62402 0.11816 0.09961
0 0.90332 0.5293 0.09961 0.0625
0 0.88281 0.47266 0.06055 0.06445
0 0.83643 0.31738 0.12012 0.09766
0 0.97852 0.38281 0.04297 0.07422
0 0.87109 0.26953 0.11523 0.11328
0 0.9707 0.19482 0.05859 0.07715
0 0.5249 0.10205 0.06348 0.06543
0 0.47119 0.07178 0.06348 0.05371
0 0.61816 0.02637 0.14844 0.05273
0 0.9751 0.03369 0.0498 0.06348
0 0.54443 0.42041 0.04785 0.05957
0 0.17236 0.75977 0.05371 0.0957
0 0.9209 0.37158 0.04883 0.0791
0 0.69873 0.03613 0.05176 0.07227
