0 0.54443 0.79297 0.07129 0.05078
0 0.70801 0.27002 0.04688 0.06738
0 0.98486 0.66455 0.03027 0.09082
0 0.79443 0.32373 0.0498 0.07129
0 0.36572 0.85107 0.08887 0.05176
0 0.20801 0.31885 0.10938 0.0752
0 0.09424 0.6167 0.10645 0.09277
0 0.81738 0.56445 0.03516 0.03711
0 0.08984 0.4126 0.11914 0.10059
0 0.25342 0.01562 0.12012 0.03125
0 0.53271 0.8916 0.07324 0.14258
0 0.13623 0.59424 0.11426 0.09082
0 0.09473 0.05469 0.07617 0.05859
0 0.12158 0.53857 0.06738 0.0459
0 0.18213 0.19971 0.07324 0.03613
0 0.87549 0.46045 0.06934 0.03418
0 0.90332 0.10693 0.08398 0.06543
0 0.20801 0.73096 0.12305 0.05762
0 0.10303 0.76367 0.12012 0.07422
0 0.91748 0.36133 0.05566 0.0957
0 0.49805 0.95801 0.05078 0.08398
0 0.90674 0.87891 0.07129 0.04688
0 0.30566 0.12207 0.09375 0.05469
0 0.81201 0.46875 0.06738 0.03906
0 0.21973 0.9375 0.09961 0.05859
0 0.51514 0.43164 0.09277 0.06836
0 0.44287 0.21729 0.0752 0.05762
0 0.35596 0.02246 0.0459 0.04492
0 0.45801 0.37012 0.08594 0.07812
0 0.07422 0.81641 0.125 0.03906
0 0.72412 0.05713 0.04395 0.06152
0 0.79785 0.01904 0.0332 0.03809
0 0.01221 0.28662 0.02441 0.04199
0 0.08789 0.79639 0.0918 0.04395
0 0.75732 0.72656 0.0498 0.05078
0 0.21387 0.57324 0.09961 0.04492
0 0.34961 0.77979 0.05664 0.06152
0 0.66504 0.3584 0.09375 0.06055
0 0.77979 0.15869 0.05957 0.04395
0 0.94971 0.91797 0.08105 0.03711
0 0.1665 0.41846 0.04785 0.03613
0 0.67676 0.38379 0.09375 0.06445
0 0.77148 0.49902 0.07617 0.04688
0 0.22119 0.17139 0.09668 0.05566
0 0.34619 0.98486 0.06543 0.02832
0 0.30811 0.8667 0.12598 0.05566
0 0.30859 0.99316 0.04297 0.01367
0 0.9873 0.15137 0.02539 0.05859
0 0.08496 0.34521 0.10352 0.05762
0 0.25977 0.47559 0.08594 0.03711
0 0.05908 0.8667 0.09473 0.05762
0 0.55762 0.11475 0.07227 0.04004
0 0.66504 0.06836 0.04688 0.04102
0 0.81201 0.26855 0.05371 0.04688
0 0.01465 0.17529 0.0293 0.07324
0 0.74414 0.49268 0.07422 0.06934
0 0.86035 0.79639 0.04492 0.0459
0 0.9375 0.68652 0.08398 0.03125
0 0.45752 0.98096 0.05762 0.03809
0 0.25586 0.0415 0.05469 0.05176
0 0.96094 0.32178 0.07812 0.09277
0 0.15771 0.37842 0.04785 0.0459
0 0.77002 0.19287 0.07129 0.04199
0 0.67432 0.48389 0.0791 0.04199
0 0.19971 0.79932 0.08691 0.0498
0 0.93994 0.81787 0.05371 0.0459
0 0.86523 0.83936 0.06641 0.04199
0 0.93994 0.73438 0.0752 0.07422
0 0.96045 0.66748 0.05762 0.10254
0 0.23145 0.63574 0.07617 0.06445
0 0.84668 0.01758 0.04297 0.03516
0 0.67236 0.20361 0.05762 0.03223
0 0.46729 0.69287 0.07324 0.09473
0 0.70898 0.98877 0.04688 0.02246
0 0.65918 0.67871 0.06836 0.10156
0 0.96582 0.90186 0.0625 0.06738
0 0.51221 0.73535 0.03809 0.03906
0 0.17822 0.67188 0.08301 0.05273
0 0.3208 0.4043 0.1084 0.05273
0 0.23096 0.43994 0.10449 0.05176
0 0.01807 0.47754 0.03613 0.04102
0 0.24414 0.28076 0.05078 0.06152
0 0.25488 0.27246 0.05664 0.07812
0 0.15527 0.31885 0.11719 0.13965
