0 0.17725 0.03125 0.10059 0.0625
0 0.25732 0.16895 0.09473 0.05664
0 0.59961 0.2373 0.07227 0.06445
0 0.38086 0.35059 0.07812 0.05664
0 0.29834 0.42236 0.08887 0.06543
0 0.37549 0.42188 0.06348 0.06836
0 0.48535 0.43701 0.0918 0.09082
0 0.49512 0.52686 0.06641 0.08887
0 0.54102 0.50684 0.05859 0.06641
0 0.5625 0.43604 0.04688 0.05371
0 0.70117 0.396 0.05078 0.06348
0 0.71826 0.67725 0.07715 0.08105
0 0.37744 0.58154 0.08691 0.09082
0 0.30908 0.74268 0.15137 0.07129
0 0.37646 0.84619 0.05176 0.0498
0 0.67383 0.78662 0.07227 0.05176
0 0.60205 0.90771 0.06543 0.08496
0 0.63818 0.95459 0.07129 0.09082
0 0.71484 0.97412 0.05273 0.04785
0 0.26953 0.89697 0.08594 0.0752
0 0.03955 0.67432 0.06934 0.09082
0 0.05615 0.49658 0.04785 0.05762
0 0.1123 0.48193 0.06836 0.0791
0 0.77832 0.78711 0.0918 0.06055
0 0.92188 0.75049 0.07422 0.0498
0 0.85693 0.72949 0.0752 0.14258
0 0.9292 0.84473 0.06348 0.04492
0 0.93115 0.90332 0.06738 0.07422
0 0.87354 0.91992 0.05762 0.06445
0 0.88721 0.55322 0.10645 0.0498
0 0.9165 0.42432 0.09277 0.06152
0 0.99121 0.42236 0.01758 0.06934
0 0.80664 0.23242 0.0957 0.09375
0 0.98047 0.55566 0.03906 0.06836
