0 0.17871 0.32324 0.08984 0.0625
0 0.96973 0.38574 0.06055 0.06836
0 0.74219 0.29395 0.10352 0.06641
0 0.14893 0.42383 0.10449 0.13086
0 0.5542 0.33984 0.08301 0.07227
0 0.39014 0.2998 0.09082 0.04688
0 0.55811 0.28906 0.12598 0.07227
0 0.3335 0.94727 0.13574 0.06836
0 0.18164 0.83594 0.13867 0.05078
0 0.14551 0.72314 0.13477 0.05176
0 0.40283 0.42627 0.06738 0.07129
0 0.48291 0.22852 0.09668 0.0332
0 0.90234 0.7583 0.08203 0.0459
0 0.30322 0.65723 0.09082 0.0625
0 0.46729 0.08301 0.13574 0.05469
0 0.63818 0.0874 0.08496 0.0459
0 0.4917 0.85107 0.14355 0.03613
0 0.8208 0.05322 0.09082 0.04395
0 0.74756 0.16064 0.08887 0.0498
0 0.80518 0.12207 0.05176 0.08008
0 0.16943 0.5249 0.12207 0.12988
0 0.61816 0.18359 0.07812 0.04492
0 0.54688 0.146 0.11523 0.04004
0 0.30176 0.02002 0.07031 0.03809
0 0.88916 0.45215 0.09863 0.04102
0 0.07861 0.88623 0.10254 0.04785
0 0.22559 0.38135 0.12891 0.02832
0 0.68213 0.38184 0.06738 0.0332
0 0.60498 0.41943 0.19238 0.05371
0 0.13232 0.24854 0.07324 0.04785
0 0.46533 0.41113 0.09668 0.03906
0 0.28516 0.15479 0.10156 0.04199
0 0.97119 0.78125 0.05762 0.03906
0 0.91064 0.47803 0.09668 0.03418
0 0.63623 0.53564 0.09668 0.03809
0 0.37646 0.11426 0.09082 0.05078
0 0.42285 0.76416 0.10547 0.03418
0 0.34619 0.86377 0.1123 0.03418
0 0.09131 0.76074 0.0752 0.03125
0 0.97754 0.95898 0.04492 0.04102
0 0.46387 0.37939 0.09375 0.03223
0 0.82031 0.64746 0.07617 0.04297
0 0.62061 0.60547 0.09082 0.03125
0 0.43066 0.72314 0.11328 0.04004
0 0.93506 0.91016 0.07715 0.03516
0 0.28369 0.80322 0.12598 0.04199
0 0.05078 0.11914 0.09961 0.02148
0 0.16846 0.79883 0.11621 0.0332
0 0.92529 0.06592 0.09668 0.05371
0 0.12061 0.60205 0.12012 0.03418
0 0.35645 0.45947 0.13477 0.03223
0 0.43506 0.69482 0.08691 0.0459
0 0.04053 0.84326 0.08105 0.03027
0 0.47217 0.82764 0.06934 0.02832
0 0.42676 0.73633 0.11914 0.02734
0 0.47607 0.47754 0.08691 0.03516
0 0.85742 0.71387 0.0625 0.0332
0 0.53516 0.9873 0.06641 0.02148
0 0.84424 0.88525 0.08887 0.03027
0 0.8125 0.8418 0.06641 0.03516
0 0.21533 0.41016 0.08496 0.0293
0 0.06543 0.38623 0.11523 0.03809
0 0.03076 0.91943 0.06152 0.02637
0 0.59229 0.5 0.12207 0.03711
0 0.53906 0.71045 0.14258 0.05176
0 0.02295 0.6875 0.04395 0.02539
0 0.26123 0.44922 0.09863 0.03516
0 0.20264 0.47803 0.11035 0.03223
0 0.05859 0.41455 0.11328 0.02441
0 0.65479 0.57422 0.1084 0.03125
0 0.90527 0.04346 0.07031 0.03223
0 0.0459 0.11914 0.07422 0.08203
0 0.41113 0.15918 0.08984 0.04883
0 0.68652 0.50244 0.10547 0.05566
0 0.47021 0.45703 0.08105 0.02734
0 0.04639 0.87891 0.09082 0.06641
0 0.76758 0.4458 0.05273 0.04199
0 0.0791 0.47852 0.0625 0.04102
0 0.06592 0.27246 0.08301 0.04492
