0 0.17285 0.54639 0.07422 0.11621
0 0.22949 0.59717 0.06055 0.09473
0 0.20703 0.67676 0.14648 0.05469
0 0.43311 0.62939 0.1084 0.0752
0 0.42285 0.54102 0.05273 0.05469
0 0.36768 0.51904 0.05957 0.06348
0 0.32227 0.45557 0.05273 0.06543
0 0.31641 0.34912 0.06641 0.07715
0 0.38379 0.29492 0.0625 0.10938
0 0.08398 0.34619 0.06641 0.06348
0 0.18896 0.31201 0.07129 0.07715
0 0.01758 0.31592 0.03516 0.05566
0 0.11084 0.25781 0.09668 0.05859
0 0.15137 0.14258 0.04883 0.07617
0 0.08838 0.16064 0.06934 0.0791
0 0.06543 0.10498 0.05273 0.08887
0 0.02441 0.12256 0.04883 0.10254
0 0.00146 0.00293 0.00293 0.00586
0 0.42871 0.12695 0.04492 0.06836
0 0.23682 0.13086 0.07129 0.08203
0 0.48242 0.28418 0.08008 0.07812
0 0.59131 0.11963 0.06543 0.10059
0 0.53271 0.06592 0.07324 0.06934
0 0.48486 0.15381 0.05957 0.06152
0 0.29688 0.03223 0.10156 0.0625
0 0.74463 0.05566 0.07715 0.11133
0 0.80176 0.05615 0.0625 0.09668
0 0.96338 0.08301 0.07324 0.11719
0 0.90723 0.1665 0.08398 0.09082
0 0.9707 0.17432 0.05859 0.09668
0 0.93164 0.28369 0.07031 0.12988
0 0.81201 0.21143 0.06348 0.08887
0 0.85889 0.25293 0.05371 0.06836
0 0.71729 0.24072 0.06543 0.09668
0 0.646 0.31396 0.09473 0.05762
0 0.81201 0.3208 0.08496 0.07324
0 0.74219 0.38037 0.09961 0.06152
0 0.57812 0.33643 0.05664 0.06543
0 0.4375 0.45459 0.12891 0.05371
0 0.51123 0.47852 0.05762 0.03711
0 0.50684 0.56006 0.05664 0.0752
0 0.58447 0.61719 0.0791 0.05273
0 0.56348 0.68164 0.07031 0.06445
0 0.69287 0.6084 0.04395 0.09375
0 0.73584 0.57275 0.06152 0.06543
0 0.91895 0.63135 0.08203 0.05957
0 0.8208 0.6665 0.05957 0.06543
0 0.75488 0.68896 0.06055 0.07129
0 0.79639 0.73145 0.07715 0.0625
0 0.92822 0.7168 0.09277 0.05469
0 0.79492 0.44092 0.08789 0.0791
0 0.88281 0.45459 0.08789 0.07324
0 0.95898 0.44385 0.07422 0.08691
0 0.89893 0.54297 0.05371 0.07227
0 0.02393 0.97217 0.04785 0.05566
0 0.07812 0.98389 0.05469 0.03027
0 0.02148 0.87891 0.04297 0.04492
0 0.09229 0.66895 0.0752 0.05664
0 0.16846 0.76074 0.07324 0.04883
0 0.35352 0.76025 0.08789 0.0752
0 0.46143 0.71289 0.06152 0.0625
0 0.51465 0.86572 0.09375 0.06152
0 0.68701 0.88672 0.0752 0.05273
0 0.75293 0.85352 0.07617 0.05078
0 0.77393 0.90088 0.09473 0.06348
0 0.83008 0.78955 0.07812 0.0498
0 0.90723 0.79736 0.07617 0.04785
0 0.91797 0.85498 0.07031 0.05566
0 0.8374 0.84814 0.06152 0.0459
0 0.95166 0.93408 0.08887 0.0791
0 0.75977 0.9751 0.06641 0.03418
0 0.72852 0.94092 0.0625 0.05957
0 0.74072 0.97559 0.07129 0.04883
0 0.30664 0.91943 0.05859 0.06543
0 0.37012 0.83545 0.0625 0.05176
0 0.13086 0.45996 0.06055 0.04297
0 0.36768 0.90625 0.05176 0.05273
0 0.32031 0.18555 0.05664 0.04883
0 0.2666 0.2915 0.04688 0.08496
0 0.62158 0.35938 0.07324 0.03711
0 0.52246 0.63086 0.06055 0.05859
0 0.42334 0.09229 0.07715 0.0791
0 0.43799 0.05566 0.0752 0.07422
0 0.43213 0.0166 0.0498 0.03125
