0 0.30273 0.0166 0.10938 0.0332
0 0.48682 0.02637 0.10449 0.05273
0 0.33154 0.08105 0.07324 0.06641
0 0.61279 0.03809 0.0791 0.07617
0 0.85938 0.06445 0.10156 0.08203
0 0.77881 0.12695 0.07129 0.07031
0 0.82471 0.20898 0.0752 0.07422
0 0.50977 0.17725 0.10938 0.07129
0 0.58008 0.15381 0.07617 0.07129
0 0.62305 0.23633 0.07031 0.05859
0 0.53613 0.28125 0.14453 0.05469
0 0.41846 0.34521 0.10254 0.07715
0 0.41943 0.17871 0.09863 0.08008
0 0.3584 0.19385 0.07031 0.07715
0 0.27539 0.18066 0.11719 0.06445
0 0.20703 0.20654 0.11719 0.06152
0 0.04688 0.15674 0.09375 0.06738
0 0.45557 0.44629 0.07129 0.07812
0 0.52832 0.36328 0.05469 0.03711
0 0.63135 0.35889 0.06348 0.04785
0 0.67627 0.29688 0.09863 0.08203
0 0.72852 0.32373 0.06836 0.05566
0 0.84912 0.30176 0.0791 0.07227
0 0.91309 0.31641 0.06445 0.06055
0 0.79785 0.43164 0.06836 0.06055
0 0.87695 0.51855 0.07031 0.05859
0 0.37939 0.60156 0.12207 0.05469
0 0.04199 0.56836 0.08398 0.07227
0 0.03076 0.48145 0.06152 0.06836
0 0.21973 0.27441 0.07812 0.0625
0 0.16943 0.33203 0.06543 0.04102
0 0.21436 0.34814 0.07324 0.07129
0 0.16504 0.41309 0.09375 0.06445
0 0.55176 0.64648 0.08984 0.04688
0 0.51514 0.80713 0.11621 0.0752
0 0.67188 0.74658 0.12305 0.06152
0 0.30664 0.87695 0.08594 0.07031
0 0.33789 0.96094 0.08789 0.07812
0 0.1333 0.83301 0.14746 0.12305
0 0.41162 0.82031 0.06738 0.10938
0 0.50537 0.71582 0.12402 0.06445
0 0.9082 0.77979 0.05859 0.14551
0 0.97705 0.7041 0.0459 0.09766
0 0.89648 0.96387 0.09961 0.07227
0 0.79443 0.93408 0.06348 0.05762
0 0.97559 0.97559 0.04883 0.04883
0 0.94873 0.06689 0.06348 0.05566
0 0.64209 0.97705 0.09082 0.0459
0 0.33447 0.39844 0.06738 0.07227
0 0.23193 0.97852 0.1084 0.04297
