0 0.85889 0.28076 0.06543 0.10645
0 0.96191 0.64014 0.07617 0.12598
0 0.10742 0.6709 0.0957 0.08984
0 0.87939 0.09473 0.08496 0.07031
0 0.23291 0.88867 0.06738 0.10547
0 0.44482 0.4751 0.06152 0.06934
0 0.07178 0.70166 0.06543 0.07324
0 0.62842 0.68213 0.05762 0.06934
0 0.66748 0.15576 0.07129 0.08301
0 0.27295 0.27197 0.07129 0.09473
0 0.74414 0.95166 0.06055 0.06348
0 0.65088 0.58545 0.06738 0.11621
0 0.83887 0.93652 0.09375 0.08398
0 0.5835 0.08154 0.07129 0.06543
0 0.93066 0.38281 0.08984 0.07812
0 0.35596 0.33838 0.04199 0.10449
0 0.38135 0.12744 0.12402 0.04199
0 0.23779 0.07471 0.05762 0.09473
0 0.48047 0.47021 0.07031 0.08887
0 0.07471 0.5415 0.08887 0.0498
0 0.5874 0.37793 0.07715 0.16602
0 0.02588 0.96826 0.05176 0.05762
0 0.56836 0.76318 0.06836 0.05176
0 0.21338 0.7124 0.06738 0.04395
0 0.18652 0.15723 0.04297 0.08203
0 0.28076 0.67822 0.05957 0.07129
0 0.50146 0.69385 0.08887 0.05371
0 0.73779 0.7251 0.04785 0.12402
0 0.69336 0.6875 0.06836 0.04492
0 0.10938 0.47754 0.10938 0.06055
0 0.94531 0.74268 0.0918 0.03809
0 0.36621 0.56738 0.04883 0.11719
0 0.23096 0.97998 0.05957 0.04004
0 0.78662 0.08203 0.09473 0.0332
0 0.7793 0.09521 0.10742 0.06934
0 0.87451 0.89551 0.05762 0.06641
0 0.13037 0.88477 0.0791 0.0918
0 0.08154 0.37598 0.16309 0.10156
0 0.0127 0.23291 0.02539 0.06348
0 0.97998 0.29346 0.04004 0.06738
0 0.04297 0.31201 0.07812 0.03809
0 0.48535 0.89551 0.09961 0.04297
0 0.0293 0.55566 0.05859 0.08203
0 0.77393 0.57275 0.06543 0.03809
0 0.12842 0.17773 0.05957 0.05859
0 0.88672 0.4458 0.03125 0.05176
0 0.55762 0.81006 0.16797 0.05957
0 0.08398 0.43262 0.11719 0.0918
0 0.56885 0.93311 0.05371 0.12598
0 0.35889 0.81201 0.0752 0.04395
0 0.77686 0.97021 0.08301 0.05957
0 0.43311 0.74951 0.03027 0.05566
0 0.84521 0.97949 0.04199 0.04102
0 0.82471 0.60156 0.03809 0.08008
0 0.05176 0.25781 0.06641 0.0625
0 0.51465 0.84375 0.09961 0.03711
0 0.2998 0.45752 0.11133 0.05371
0 0.3125 0.50635 0.03906 0.06348
0 0.22852 0.58252 0.08008 0.03809
0 0.65723 0.30859 0.21094 0.06055
0 0.9375 0.28955 0.05273 0.06543
0 0.71826 0.49756 0.06348 0.03613
0 0.854 0.55762 0.03613 0.0957
0 0.80469 0.75781 0.08984 0.04297
0 0.89893 0.77148 0.03809 0.04102
0 0.94287 0.77002 0.04004 0.04785
0 0.86328 0.77246 0.03711 0.05078
0 0.44385 0.72705 0.07129 0.07324
0 0.41846 0.77979 0.05176 0.03809
0 0.41357 0.23193 0.05762 0.04004
0 0.06689 0.86084 0.13184 0.12598
0 0.14893 0.23926 0.0791 0.07617
0 0.08984 0.19189 0.10352 0.16309
0 0.61914 0.9209 0.04883 0.15039
0 0.08887 0.5 0.05664 0.0332
0 0.80518 0.04199 0.08496 0.06445
