0 0.26465 0.00879 0.09766 0.01758
0 0.07617 0.02197 0.10547 0.04395
0 0.76123 0.00781 0.10449 0.01562
0 0.71338 0.04785 0.09277 0.08203
0 0.63428 0.13574 0.08301 0.07812
0 0.73975 0.1958 0.09082 0.12402
0 0.85986 0.10205 0.11621 0.08496
0 0.99219 0.26367 0.01562 0.10547
0 0.93115 0.40918 0.10449 0.09961
0 0.52051 0.31006 0.11328 0.07129
0 0.56934 0.4082 0.12695 0.08203
0 0.66357 0.48633 0.1416 0.10547
0 0.73975 0.52002 0.12402 0.1377
0 0.92725 0.53613 0.10059 0.12891
0 0.19922 0.55859 0.13477 0.11523
0 0.12012 0.57227 0.07227 0.06836
0 0.14795 0.41357 0.09668 0.11426
0 0.03467 0.46924 0.06934 0.05371
0 0.0166 0.65283 0.0332 0.12207
0 0.37842 0.92725 0.1084 0.08301
0 0.7168 0.90576 0.09961 0.08301
0 0.88477 0.88574 0.10156 0.0918
0 0.93994 0.82227 0.05566 0.05078
0 0.71729 0.98193 0.07715 0.03613
0 0.9541 0.95654 0.0918 0.08691
0 0.05664 0.83594 0.0918 0.08008
0 0.06006 0.97412 0.12012 0.05176
0 0.02002 0.26709 0.04004 0.07324
