0 0.79736 0.03711 0.07129 0.07227
0 0.95557 0.14746 0.0752 0.08984
0 0.25098 0.1958 0.08789 0.09082
0 0.42676 0.77197 0.09375 0.0498
0 0.96631 0.79688 0.06738 0.0625
0 0.11035 0.84277 0.11719 0.04102
0 0.73535 0.2373 0.05078 0.07617
0 0.49561 0.41992 0.09277 0.07031
0 0.97314 0.48535 0.05371 0.04297
0 0.52783 0.87354 0.11035 0.05566
0 0.76758 0.2207 0.07031 0.07227
0 0.04492 0.125 0.08789 0.05273
0 0.94531 0.40479 0.08398 0.08496
0 0.64307 0.84521 0.05371 0.03418
0 0.63379 0.09229 0.10352 0.08691
0 0.15771 0.18408 0.08691 0.06348
0 0.62256 0.14209 0.09668 0.06738
0 0.84863 0.11914 0.10352 0.06836
0 0.07373 0.68945 0.14746 0.06445
0 0.40479 0.97314 0.08496 0.05371
0 0.71436 0.46436 0.08301 0.0498
0 0.90527 0.43164 0.10156 0.05859
0 0.08838 0.79932 0.09863 0.04785
0 0.53662 0.94629 0.0791 0.04883
0 0.13721 0.13867 0.09473 0.04102
0 0.25146 0.48633 0.10645 0.05664
0 0.15137 0.04395 0.10352 0.04102
0 0.60742 0.73633 0.06055 0.0625
0 0.88721 0.64062 0.06934 0.03711
0 0.6499 0.65381 0.09277 0.04004
0 0.10547 0.29785 0.10547 0.04492
0 0.32275 0.48389 0.12598 0.04395
0 0.59619 0.34229 0.11621 0.04785
0 0.98779 0.6626 0.02441 0.04004
0 0.21045 0.38721 0.1123 0.05176
0 0.26904 0.85693 0.08105 0.05762
0 0.30664 0.82666 0.09375 0.04785
0 0.43896 0.50781 0.09473 0.03711
0 0.84424 0.1709 0.13965 0.10352
0 0.91992 0.05811 0.05469 0.0459
0 0.58887 0.78076 0.05859 0.03223
0 0.93408 0.8291 0.03418 0.03711
0 0.79834 0.51367 0.06152 0.03125
0 0.55078 0.49902 0.13672 0.04102
0 0.72412 0.09033 0.07324 0.0498
0 0.53418 0.16064 0.04492 0.06934
0 0.03076 0.74561 0.05762 0.0459
0 0.37793 0.5376 0.08984 0.05176
0 0.67725 0.82031 0.07129 0.0332
0 0.47754 0.0376 0.07031 0.04395
0 0.75391 0.39795 0.07422 0.05371
0 0.23047 0.2832 0.10156 0.04492
0 0.23096 0.76514 0.07129 0.05371
0 0.89111 0.56738 0.03613 0.08008
0 0.2417 0.12256 0.11816 0.06738
0 0.74414 0.34033 0.07422 0.04395
0 0.74756 0.62109 0.08105 0.04688
0 0.65137 0.56934 0.06445 0.04688
0 0.93994 0.98486 0.03027 0.03027
0 0.55225 0.60498 0.04395 0.06152
0 0.9209 0.02051 0.05859 0.02734
0 0.80078 0.6001 0.09961 0.02832
0 0.32861 0.79492 0.08301 0.03906
0 0.29297 0.94727 0.08008 0.03711
0 0.36816 0.22119 0.08984 0.03223
0 0.83203 0.98926 0.09375 0.02148
0 0.05508 0.54888 0.11016 0.04326
0 0.48105 0.17256 0.06016 0.04062
0 0.3042 0.9292 0.06348 0.03418
0 0.22021 0.08447 0.08691 0.05566
0 0.9751 0.5752 0.0498 0.04297
0 0.87061 0.8584 0.07324 0.03125
0 0.87988 0.62744 0.05078 0.04004
0 0.875 0.82617 0.04883 0.03906
0 0.04443 0.89941 0.08887 0.04102
0 0.91504 0.76221 0.07031 0.05371
0 0.03027 0.19775 0.06055 0.04785
0 0.61182 0.92725 0.0459 0.05176
0 0.45264 0.5874 0.06738 0.05566
0 0.47314 0.55029 0.08691 0.06348
0 0.24805 0.56592 0.10156 0.04785
0 0.27344 0.45703 0.06445 0.05664
0 0.38965 0.36768 0.04688 0.04785
0 0.3623 0.29004 0.0625 0.04688
0 0.43896 0.25879 0.05957 0.05273
0 0.3833 0.24609 0.06348 0.03906
0 0.35938 0.25879 0.08203 0.03711
0 0.43066 0.22656 0.10352 0.0332
0 0.22803 0.1123 0.0791 0.04297
