0 0.58936 0.05762 0.05762 0.11328
0 0.25293 0.78613 0.06055 0.07812
0 0.1792 0.10547 0.09863 0.06836
0 0.06787 0.12012 0.05762 0.08203
0 0.14648 0.48535 0.05469 0.09766
0 0.64844 0.36182 0.04688 0.08691
0 0.24023 0.3916 0.11133 0.07227
0 0.70947 0.06348 0.08887 0.12695
0 0.84766 0.27148 0.07422 0.125
0 0.66455 0.79199 0.08301 0.06641
0 0.36768 0.77148 0.0459 0.08789
0 0.83105 0.47021 0.12695 0.09668
0 0.18896 0.93506 0.09277 0.05176
0 0.06006 0.7085 0.09668 0.05762
0 0.25732 0.21289 0.03809 0.10156
0 0.43945 0.51807 0.10156 0.05371
0 0.95215 0.74219 0.03906 0.11133
0 0.60742 0.125 0.06445 0.06641
0 0.3125 0.74756 0.0918 0.08887
0 0.92725 0.06006 0.03223 0.10059
0 0.58984 0.68799 0.07812 0.12012
0 0.42285 0.38232 0.04102 0.09473
0 0.1792 0.6499 0.05566 0.1748
0 0.78711 0.90576 0.04688 0.15137
0 0.8667 0.07715 0.04395 0.08789
0 0.03906 0.03613 0.05859 0.06445
0 0.08008 0.96875 0.07422 0.0625
0 0.89697 0.91406 0.07715 0.04492
0 0.33398 0.64404 0.05859 0.07324
0 0.69141 0.37842 0.04102 0.10645
0 0.55371 0.96045 0.09766 0.05176
0 0.83203 0.86426 0.05664 0.05664
0 0.14062 0.79102 0.0293 0.11328
0 0.74512 0.97949 0.10547 0.04102
0 0.23389 0.26611 0.13965 0.05957
0 0.12354 0.62793 0.05371 0.08398
0 0.14355 0.14648 0.05273 0.05859
0 0.51855 0.13184 0.04297 0.07617
0 0.06787 0.25684 0.08887 0.05469
0 0.17275 0.32495 0.07402 0.04053
0 0.09229 0.3999 0.0498 0.07324
0 0.05469 0.32959 0.10742 0.08105
0 0.93799 0.9917 0.04785 0.0166
0 0.02881 0.9375 0.05762 0.05469
0 0.12012 0.32617 0.06641 0.14062
0 0.16846 0.54102 0.05176 0.06445
0 0.41064 0.47168 0.03613 0.05859
0 0.92236 0.76025 0.03223 0.07129
0 0.24072 0.625 0.05566 0.04297
0 0.0293 0.97852 0.05859 0.04297
0 0.98096 0.5542 0.03809 0.05176
0 0.12256 0.89746 0.06543 0.04102
0 0.61475 0.70312 0.06934 0.07227
