0 0.96729 0.70947 0.06543 0.09473
0 0.86084 0.82715 0.1123 0.08008
0 0.97266 0.06006 0.05273 0.08691
0 0.10449 0.44336 0.09961 0.11719
0 0.24316 0.55225 0.07227 0.09473
0 0.8584 0.58057 0.0918 0.12793
0 0.10059 0.55908 0.09961 0.09668
0 0.18701 0.23096 0.13574 0.09277
0 0.94238 0.2124 0.11523 0.12012
0 0.75439 0.41846 0.11035 0.14355
0 0.79199 0.66064 0.07031 0.07715
0 0.75049 0.90723 0.10254 0.09961
0 0.8418 0.29834 0.10547 0.09277
0 0.05176 0.76807 0.10352 0.11035
0 0.83203 0.77686 0.09961 0.0752
0 0.6582 0.06348 0.10742 0.12695
