0 0.06396 0.13867 0.09277 0.05273
0 0.104 0.26172 0.12012 0.10547
0 0.08594 0.375 0.0625 0.05664
0 0.17041 0.396 0.08301 0.06934
0 0.35205 0.32324 0.1709 0.13672
0 0.47559 0.37109 0.06641 0.0625
0 0.62549 0.34473 0.10449 0.06055
0 0.4668 0.05908 0.0957 0.11816
0 0.26221 0.03027 0.09668 0.06055
0 0.66504 0.09766 0.10742 0.18359
0 0.73145 0.04492 0.07227 0.08984
0 0.85791 0.07178 0.11621 0.05176
0 0.84521 0.27148 0.06934 0.15039
0 0.76172 0.23779 0.08594 0.15527
0 0.99219 0.34033 0.01562 0.08496
0 0.81104 0.44141 0.05957 0.04492
0 0.74121 0.41797 0.06445 0.13672
0 0.68945 0.40137 0.04883 0.0918
0 0.4458 0.45996 0.0752 0.10156
0 0.2041 0.57422 0.07617 0.08594
0 0.2915 0.65723 0.11035 0.08789
0 0.15918 0.68506 0.08594 0.07324
0 0.11523 0.54346 0.06836 0.06934
0 0.06885 0.48438 0.09668 0.04492
0 0.02295 0.44824 0.0459 0.06445
0 0.40039 0.54541 0.11719 0.08105
0 0.43555 0.82422 0.07422 0.06641
0 0.73193 0.53857 0.11621 0.06152
0 0.94385 0.57568 0.06738 0.06543
0 0.79053 0.7168 0.28223 0.19727
0 0.85596 0.70557 0.06934 0.07324
0 0.94678 0.72412 0.10645 0.10449
0 0.70215 0.80225 0.05859 0.07715
0 0.31738 0.88428 0.06445 0.0498
0 0.0376 0.95898 0.07324 0.08203
0 0.20605 0.9917 0.10938 0.0166
0 0.5 0.93896 0.10742 0.12207
0 0.63867 0.99023 0.07812 0.01953
0 0.63281 0.9248 0.06445 0.09375
0 0.73096 0.9292 0.06543 0.1416
0 0.7998 0.91016 0.05664 0.08203
0 0.91211 0.89453 0.06445 0.07031
0 0.27051 0.48975 0.10938 0.10059
0 0.79443 0.3584 0.05957 0.04688
0 0.32959 0.92871 0.20996 0.14258
