0 0.96924 0.41602 0.05762 0.09961
0 0.25879 0.27148 0.05273 0.10352
0 0.06348 0.42188 0.07227 0.08789
0 0.34814 0.40723 0.06738 0.07617
0 0.2168 0.68994 0.08203 0.1123
0 0.44678 0.06201 0.07129 0.07715
0 0.19873 0.37256 0.07324 0.08301
0 0.92383 0.25586 0.05078 0.08398
0 0.49512 0.70312 0.05469 0.07617
0 0.021 0.29346 0.04199 0.08105
0 0.27783 0.21191 0.04395 0.08789
0 0.9502 0.16504 0.05859 0.07227
0 0.66016 0.29199 0.0625 0.10547
0 0.19873 0.2207 0.05762 0.08008
0 0.39307 0.12598 0.06152 0.11719
0 0.01367 0.02979 0.02734 0.05957
0 0.10498 0.74805 0.06934 0.06836
0 0.29541 0.63672 0.04004 0.07227
0 0.82617 0.72852 0.03906 0.06641
0 0.88672 0.15479 0.04883 0.08105
0 0.01172 0.56396 0.02344 0.0791
0 0.08447 0.79346 0.07715 0.09277
0 0.05029 0.55127 0.05566 0.06543
0 0.90576 0.39746 0.03613 0.08203
0 0.3042 0.43604 0.0498 0.07324
0 0.53564 0.65234 0.06152 0.11328
0 0.15039 0.0376 0.02539 0.0752
0 0.55322 0.47754 0.06152 0.0625
0 0.09814 0.35205 0.06934 0.05176
0 0.67773 0.36768 0.04883 0.07715
0 0.02686 0.97217 0.05371 0.05176
0 0.92285 0.31641 0.05469 0.0625
0 0.74463 0.81348 0.06152 0.06445
0 0.4165 0.8623 0.06152 0.04297
0 0.96143 0.36816 0.02832 0.07812
0 0.57666 0.83691 0.0459 0.06641
0 0.78662 0.2793 0.03613 0.06445
0 0.98682 0.66455 0.02246 0.08301
0 0.60449 0.72314 0.05859 0.04785
0 0.69141 0.61426 0.0293 0.06445
0 0.45947 0.55762 0.07715 0.03125
0 0.93066 0.97705 0.0332 0.0459
0 0.07275 0.85449 0.11426 0.08789
0 0.04346 0.27148 0.06152 0.03711
0 0.7251 0.44727 0.05566 0.05859
0 0.22461 0.58154 0.05469 0.04395
0 0.66211 0.21143 0.04492 0.15137
0 0.86475 0.78223 0.05371 0.05273
0 0.30908 0.91113 0.02637 0.07031
0 0.38281 0.98486 0.03906 0.03027
0 0.54004 0.42578 0.04883 0.0625
0 0.9541 0.05322 0.05273 0.06152
0 0.53906 0.83691 0.04688 0.07227
0 0.78174 0.53955 0.06934 0.06934
0 0.09521 0.9873 0.05371 0.02539
0 0.71729 0.14111 0.11035 0.12793
0 0.12598 0.59033 0.07227 0.05371
0 0.5332 0.14355 0.08789 0.03516
0 0.66016 0.45752 0.05273 0.05762
0 0.14551 0.6377 0.08008 0.06055
0 0.0708 0.96094 0.0498 0.05859
0 0.10205 0.8457 0.06738 0.06055
0 0.97705 0.8374 0.0459 0.04199
0 0.47314 0.91309 0.05762 0.04688
0 0.1709 0.95215 0.08594 0.02539
0 0.21631 0.97559 0.0498 0.04492
0 0.96582 0.9873 0.03711 0.02539
0 0.94141 0.86035 0.04688 0.05469
0 0.81445 0.81299 0.08789 0.04004
0 0.55371 0.89209 0.04102 0.03027
0 0.64355 0.76465 0.04492 0.04492
0 0.60352 0.52539 0.06445 0.04102
0 0.28955 0.85205 0.04395 0.03809
0 0.55371 0.61182 0.05469 0.04395
0 0.35059 0.125 0.0625 0.04297
0 0.22412 0.12549 0.03418 0.0498
0 0.70654 0.53564 0.06543 0.04199
0 0.71924 0.76367 0.04785 0.07422
0 0.68604 0.229 0.07129 0.05566
0 0.2417 0.77588 0.05957 0.05176
0 0.03955 0.7168 0.0498 0.04297
0 0.34033 0.51611 0.0752 0.06348
0 0.28662 0.48486 0.04785 0.03418
0 0.29346 0.97949 0.04395 0.04102
0 0.3291 0.99072 0.05469 0.01855
0 0.93506 0.01514 0.06543 0.03027
0 0.37598 0.16992 0.0332 0.07812
0 0.85742 0.9624 0.03516 0.04199
0 0.89697 0.98486 0.03418 0.03027
0 0.92334 0.18945 0.0459 0.0332
