0 0.95996 0.44385 0.03906 0.09473
0 0.07227 0.40527 0.07227 0.05469
0 0.3584 0.17432 0.09375 0.05371
0 0.30078 0.42432 0.05664 0.07324
0 0.1792 0.02637 0.07324 0.03711
0 0.3208 0.78809 0.06348 0.05469
0 0.11377 0.49805 0.08496 0.04883
0 0.59229 0.38672 0.08691 0.04102
0 0.2085 0.19287 0.04395 0.06543
0 0.86035 0.16602 0.0625 0.07031
0 0.46191 0.2915 0.10938 0.04785
0 0.05664 0.20117 0.07422 0.04688
0 0.93896 0.51758 0.0498 0.03516
0 0.9082 0.10596 0.06055 0.04395
0 0.18994 0.61523 0.07324 0.04102
0 0.12695 0.47607 0.06055 0.0498
0 0.46777 0.55225 0.05469 0.03027
0 0.57959 0.43066 0.03223 0.06836
0 0.16504 0.89014 0.05469 0.05371
0 0.46484 0.9751 0.05078 0.03027
0 0.51074 0.15283 0.04688 0.0459
0 0.54688 0.38281 0.02539 0.07812
0 0.67139 0.09961 0.04785 0.125
0 0.33643 0.35156 0.06543 0.03125
0 0.51562 0.78955 0.0293 0.06738
0 0.00635 0.55566 0.0127 0.0293
0 0.7334 0.479 0.04688 0.03613
0 0.85498 0.29297 0.04199 0.04297
0 0.37793 0.22803 0.07031 0.0459
0 0.4873 0.86621 0.05859 0.02344
0 0.49023 0.04883 0.05859 0.04688
0 0.56787 0.25781 0.06934 0.04492
0 0.64746 0.6123 0.05859 0.04883
0 0.28125 0.30273 0.0918 0.01953
0 0.40576 0.49512 0.0498 0.0293
0 0.24805 0.4502 0.05469 0.07227
0 0.58496 0.52246 0.06836 0.03906
0 0.28613 0.0498 0.06055 0.04492
0 0.06396 0.9873 0.05176 0.02539
0 0.27393 0.0249 0.06152 0.04785
0 0.60205 0.15479 0.04004 0.05176
0 0.17285 0.24268 0.09375 0.05762
0 0.03906 0.87549 0.07812 0.05371
0 0.58057 0.57227 0.05371 0.04102
0 0.50488 0.45215 0.05273 0.0332
0 0.89048 0.6269 0.05439 0.04697
0 0.08154 0.79199 0.07715 0.04102
0 0.58594 0.47266 0.05469 0.02344
0 0.13818 0.98486 0.08691 0.03027
0 0.10645 0.62891 0.06641 0.03906
0 0.59863 0.02734 0.04102 0.04492
0 0.34082 0.68652 0.04297 0.0332
0 0.86475 0.26807 0.04004 0.05176
0 0.81201 0.12354 0.03613 0.05566
0 0.98486 0.31201 0.03027 0.0498
0 0.68457 0.88574 0.05078 0.01758
0 0.38135 0.5708 0.05176 0.06348
0 0.57764 0.88135 0.04199 0.02832
0 0.89453 0.44287 0.06445 0.05566
0 0.48926 0.66553 0.04102 0.03027
0 0.01318 0.50586 0.02637 0.04102
0 0.41992 0.52832 0.04883 0.02734
0 0.41162 0.57666 0.07129 0.04004
0 0.27246 0.65771 0.05859 0.03418
0 0.1123 0.59717 0.06641 0.02441
0 0.16553 0.59717 0.05762 0.04785
0 0.68799 0.51709 0.05957 0.03613
0 0.79395 0.56543 0.04297 0.0332
0 0.50342 0.4873 0.03809 0.03906
0 0.94336 0.21875 0.03906 0.02734
0 0.06494 0.08984 0.10645 0.04688
0 0.93896 0.04785 0.05566 0.05078
0 0.73877 0.92725 0.09668 0.04004
0 0.87402 0.86426 0.05664 0.05273
0 0.98633 0.67285 0.02734 0.04688
0 0.9834 0.38965 0.0332 0.04883
