0 0.67383 0.96387 0.11328 0.07227
0 0.54199 0.22363 0.08008 0.07227
0 0.07373 0.68359 0.12402 0.09375
0 0.68066 0.47412 0.08203 0.09668
0 0.74463 0.70557 0.0752 0.07715
0 0.03613 0.4082 0.07227 0.09766
0 0.02832 0.1167 0.05664 0.0752
0 0.80811 0.02734 0.17285 0.05469
0 0.77393 0.49902 0.05957 0.08008
0 0.6499 0.04688 0.0752 0.06445
0 0.63428 0.32471 0.0752 0.05957
0 0.78076 0.19043 0.1123 0.07227
0 0.53076 0.94434 0.09277 0.06445
0 0.50195 0.08057 0.08984 0.05762
0 0.70215 0.10205 0.05469 0.05566
0 0.7998 0.07422 0.09961 0.08008
0 0.0708 0.39844 0.09277 0.10742
0 0.54688 0.53809 0.05273 0.08789
0 0.76562 0.14307 0.11719 0.06738
0 0.95703 0.21826 0.08594 0.1084
0 0.96826 0.29199 0.06348 0.06836
0 0.90869 0.979 0.1377 0.04199
