0 0.7334 0.78711 0.15234 0.16992
0 0.70459 0.23828 0.10449 0.20703
0 0.94336 0.65576 0.11328 0.07324
0 0.18213 0.50439 0.18457 0.12012
0 0.32617 0.79443 0.14258 0.05566
0 0.88574 0.90186 0.13672 0.13965
0 0.31348 0.91113 0.08789 0.14258
0 0.91699 0.4707 0.10938 0.08203
0 0.68457 0.56787 0.0957 0.10254
0 0.62207 0.66064 0.125 0.12207
0 0.1748 0.65967 0.07031 0.10059
0 0.82324 0.36328 0.11328 0.12305
0 0.10547 0.5542 0.06445 0.06738
0 0.26221 0.90088 0.08496 0.08301
0 0.38818 0.75586 0.19824 0.0918
0 0.92041 0.56543 0.1377 0.09766
0 0.6958 0.48291 0.1377 0.1377
0 0.65576 0.24316 0.1377 0.17773
0 0.21875 0.22168 0.04688 0.08789
0 0.92285 0.24609 0.14258 0.13281
0 0.87158 0.21582 0.08496 0.12695
0 0.81787 0.07959 0.05762 0.09473
0 0.57373 0.08447 0.10254 0.16504
0 0.90723 0.04053 0.08008 0.07715
