0 0.36182 0.07666 0.06738 0.04785
0 0.25146 0.02197 0.07715 0.04395
0 0.0293 0.03174 0.05469 0.06348
0 0.60889 0.29688 0.06934 0.09375
0 0.28076 0.28418 0.05957 0.07812
0 0.16748 0.33643 0.0752 0.08496
0 0.18555 0.40186 0.07812 0.06152
0 0.30176 0.39014 0.0625 0.05566
0 0.35742 0.39844 0.08203 0.06641
0 0.43506 0.3999 0.05176 0.05957
0 0.3501 0.44482 0.09863 0.05176
0 0.10107 0.45752 0.10059 0.05957
0 0.2334 0.48438 0.1543 0.05273
0 0.15283 0.51172 0.07129 0.04297
0 0.2583 0.53467 0.13184 0.05566
0 0.42139 0.50391 0.13184 0.04102
0 0.30078 0.57275 0.10547 0.08887
0 0.36914 0.56543 0.05273 0.05664
0 0.43652 0.56348 0.0625 0.05859
0 0.48584 0.63623 0.06543 0.07324
0 0.40918 0.64258 0.07227 0.06055
0 0.31641 0.64307 0.06641 0.04004
0 0.2749 0.68701 0.0498 0.05371
0 0.19824 0.66357 0.08398 0.0752
0 0.11914 0.59424 0.10352 0.05762
0 0.34033 0.69922 0.07129 0.0625
0 0.49316 0.75537 0.11523 0.0752
0 0.66357 0.72461 0.07129 0.09766
0 0.71484 0.56055 0.08398 0.08008
0 0.93359 0.45508 0.07422 0.07812
0 0.96826 0.57324 0.05957 0.13086
0 0.99072 0.65186 0.01855 0.05176
0 0.93799 0.78223 0.12402 0.07422
0 0.86084 0.88867 0.08887 0.05859
0 0.67432 0.86572 0.06348 0.05957
0 0.72217 0.90332 0.0791 0.04297
0 0.62256 0.93604 0.08496 0.06934
0 0.6958 0.979 0.11035 0.04199
0 0.53711 0.97656 0.13086 0.04688
0 0.52881 0.92236 0.07324 0.05957
0 0.94922 0.94189 0.10156 0.06738
0 0.84131 0.94678 0.05762 0.0498
0 0.96143 0.97656 0.07715 0.04688
0 0.37549 0.97559 0.09668 0.04883
0 0.2627 0.99268 0.0625 0.01465
0 0.25586 0.92139 0.05273 0.06934
0 0.1958 0.92676 0.07129 0.12891
0 0.08545 0.979 0.13379 0.04199
0 0.02148 0.84326 0.04297 0.04785
0 0.48486 0.84277 0.12207 0.08008
0 0.35547 0.49121 0.12305 0.08594
0 0.30566 0.73926 0.0918 0.08984
0 0.21582 0.97949 0.11523 0.04102
0 0.72412 0.44971 0.03809 0.07324
0 0.94482 0.90479 0.11035 0.09668
