0 0.14648 0.98145 0.08398 0.03711
0 0.25439 0.97314 0.06543 0.05371
0 0.3125 0.98145 0.07227 0.03711
0 0.07861 0.87207 0.0752 0.07617
0 0.02197 0.79541 0.04395 0.06934
0 0.19971 0.85449 0.07129 0.08398
0 0.1167 0.75293 0.08691 0.05469
0 0.01855 0.72607 0.03711 0.04785
0 0.51367 0.96436 0.07617 0.06934
0 0.68945 0.97559 0.07227 0.04883
0 0.73926 0.90918 0.08203 0.08008
0 0.64062 0.78369 0.08594 0.11035
0 0.61279 0.74316 0.07715 0.07422
0 0.52637 0.74023 0.08398 0.06836
0 0.31396 0.71777 0.06543 0.06055
0 0.31934 0.63135 0.05469 0.08105
0 0.42285 0.58154 0.07031 0.06934
0 0.45459 0.51709 0.06152 0.05957
0 0.56982 0.54688 0.07715 0.06836
0 0.52148 0.33984 0.08203 0.10352
0 0.49561 0.47461 0.05762 0.06641
0 0.53369 0.43604 0.04004 0.05957
0 0.85205 0.36035 0.09668 0.07422
0 0.37305 0.34814 0.06641 0.0752
0 0.31543 0.4165 0.11328 0.05957
0 0.2251 0.46777 0.07129 0.0918
0 0.20996 0.37646 0.08008 0.06738
0 0.271 0.32422 0.1084 0.05078
0 0.2793 0.36377 0.07422 0.05957
0 0.06592 0.36475 0.06152 0.06543
0 0.13672 0.43506 0.07422 0.06543
0 0.0542 0.51025 0.05762 0.06348
0 0.11279 0.2085 0.0459 0.0459
0 0.09814 0.07959 0.06152 0.04785
0 0.36328 0.04248 0.10352 0.08301
0 0.43945 0.04932 0.07422 0.07129
0 0.64893 0.15186 0.07715 0.07715
0 0.82715 0.19873 0.08984 0.08496
0 0.93311 0.1499 0.06934 0.10254
0 0.979 0.12793 0.04199 0.05469
0 0.96924 0.08691 0.06152 0.05273
0 0.96338 0.48779 0.07324 0.08105
0 0.86133 0.64795 0.06445 0.11816
0 0.91846 0.69873 0.09277 0.09082
0 0.97705 0.78027 0.0459 0.06445
0 0.92529 0.77588 0.06543 0.06934
0 0.86084 0.77051 0.10449 0.06641
0 0.83252 0.87061 0.07129 0.05371
0 0.81641 0.92334 0.05469 0.05762
0 0.87793 0.91943 0.0625 0.08105
0 0.90869 0.8584 0.0752 0.08398
0 0.10645 0.52246 0.05664 0.05859
0 0.60938 0.0332 0.10547 0.0625
0 0.81641 0.63428 0.06445 0.08301
0 0.04102 0.02002 0.06055 0.04004
0 0.01074 0.01709 0.02148 0.03418
0 0.01318 0.06055 0.02637 0.08398
0 0.34717 0.25244 0.05762 0.05957
0 0.22168 0.59961 0.04883 0.0625
0 0.44678 0.60938 0.05371 0.07227
0 0.43555 0.35986 0.07031 0.0498
0 0.49365 0.40088 0.03418 0.02637
0 0.08447 0.19434 0.05566 0.05273
0 0.36182 0.00586 0.03809 0.01172
