0 0.01514 0.97607 0.03027 0.04785
0 0.30957 0.97998 0.11719 0.04004
0 0.25684 0.89014 0.07227 0.12207
0 0.34961 0.85693 0.0625 0.0459
0 0.35352 0.94727 0.07227 0.06836
0 0.47998 0.96777 0.06934 0.06445
0 0.51562 0.89404 0.0625 0.05957
0 0.55273 0.94238 0.07227 0.07227
0 0.7041 0.97217 0.10938 0.05566
0 0.82666 0.979 0.08105 0.04199
0 0.85059 0.9248 0.08203 0.08984
0 0.97363 0.79834 0.05273 0.06543
0 0.43213 0.66406 0.07129 0.09961
0 0.49658 0.65771 0.05957 0.0791
0 0.62939 0.6416 0.06934 0.07227
0 0.53027 0.58057 0.08984 0.07129
0 0.42676 0.57715 0.06836 0.07812
0 0.28516 0.53467 0.07422 0.0752
0 0.70117 0.5918 0.06641 0.05469
0 0.73242 0.63086 0.0625 0.0625
0 0.80322 0.58789 0.11816 0.11133
0 0.96387 0.55322 0.07227 0.07129
0 0.85889 0.37988 0.07715 0.08594
0 0.84375 0.45703 0.08008 0.13281
0 0.53809 0.26953 0.0918 0.07031
0 0.65723 0.27539 0.08203 0.07422
0 0.56641 0.33691 0.07031 0.06445
0 0.25342 0.25146 0.06934 0.06543
0 0.21143 0.20508 0.05566 0.0625
0 0.45703 0.19873 0.06445 0.07324
0 0.42285 0.1333 0.08789 0.08105
0 0.37939 0.05859 0.07129 0.06445
0 0.39795 0.01904 0.06152 0.03809
0 0.52539 0.07471 0.06641 0.08301
0 0.62939 0.07666 0.06348 0.06152
0 0.8667 0.02002 0.06738 0.04004
0 0.80713 0.04834 0.10059 0.0752
0 0.83936 0.12256 0.09473 0.06934
0 0.97021 0.17188 0.05957 0.08594
0 0.16504 0.09863 0.06836 0.06641
0 0.0542 0.23877 0.05957 0.07324
0 0.08936 0.29346 0.08105 0.08105
0 0.0957 0.57129 0.0625 0.06836
0 0.06299 0.62158 0.06934 0.07324
0 0.04199 0.75928 0.08398 0.07715
0 0.87695 0.62939 0.08398 0.0791
0 0.02734 0.18945 0.05273 0.05273
0 0.00879 0.40869 0.01758 0.05176
0 0.52246 0.15869 0.03711 0.04785
0 0.80713 0.08789 0.05957 0.05469
0 0.80029 0.48193 0.04199 0.06348
0 0.30469 0.94238 0.07422 0.08984
0 0.0376 0.96973 0.04395 0.06055
0 0.07178 0.98145 0.04199 0.03711
