0 0.41162 0.02783 0.08691 0.05566
0 0.87061 0.36572 0.06152 0.16309
0 0.92236 0.39648 0.08105 0.10156
0 0.89014 0.52148 0.07324 0.09766
0 0.96777 0.45947 0.06445 0.06152
0 0.63428 0.38916 0.24316 0.10254
0 0.60352 0.44824 0.07617 0.125
0 0.51709 0.40918 0.06152 0.06836
0 0.60254 0.31299 0.07812 0.06934
0 0.49951 0.21387 0.08887 0.10938
0 0.68408 0.27783 0.06934 0.05566
0 0.77588 0.26221 0.06543 0.16309
0 0.77637 0.09424 0.11523 0.18848
0 0.19092 0.18604 0.0752 0.10449
0 0.33789 0.31982 0.0957 0.08301
0 0.05664 0.28809 0.11328 0.07227
0 0.15332 0.30078 0.12695 0.09375
0 0.15869 0.41357 0.2002 0.08301
0 0.02783 0.37305 0.05566 0.10352
0 0.24951 0.48389 0.11816 0.06934
0 0.43896 0.47314 0.15137 0.0752
0 0.36621 0.52734 0.10156 0.09375
0 0.44629 0.56299 0.15625 0.07715
0 0.54443 0.49072 0.06738 0.08301
0 0.58252 0.59961 0.08496 0.15039
0 0.75195 0.59277 0.12305 0.17773
0 0.72656 0.74072 0.12695 0.17871
0 0.59863 0.74414 0.12109 0.13867
0 0.35205 0.79834 0.18262 0.05176
0 0.9585 0.73486 0.08301 0.10254
0 0.90918 0.72656 0.06836 0.05859
0 0.97021 0.89795 0.05957 0.06152
0 0.94482 0.9585 0.0791 0.08301
0 0.6377 0.87744 0.1543 0.06738
0 0.48633 0.89697 0.13086 0.05957
0 0.33984 0.854 0.1582 0.05566
0 0.14258 0.95654 0.08594 0.08691
0 0.05273 0.94287 0.10547 0.08301
0 0.9873 0.33936 0.02539 0.06152
0 0.28467 0.96777 0.06934 0.06445
0 0.0376 0.43018 0.0752 0.06152
0 0.03271 0.51172 0.06543 0.05469
0 0.55811 0.9707 0.06348 0.05859
