0 0.06299 0.28125 0.06738 0.0918
0 0.2251 0.22949 0.06934 0.09375
0 0.87402 0.75342 0.05859 0.08887
0 0.55469 0.27002 0.0625 0.09082
0 0.0332 0.47754 0.0625 0.09766
0 0.83936 0.29297 0.0752 0.08008
0 0.67383 0.41504 0.07227 0.08984
0 0.53857 0.17188 0.06934 0.10547
0 0.12402 0.26221 0.07617 0.09277
0 0.42236 0.91211 0.06152 0.0918
0 0.03418 0.10498 0.06641 0.09082
0 0.10742 0.16504 0.08203 0.08398
0 0.12695 0.34961 0.06836 0.0918
0 0.57471 0.59619 0.06738 0.10059
0 0.62891 0.03223 0.05859 0.06445
0 0.77637 0.76758 0.07227 0.07227
0 0.59961 0.38916 0.05859 0.09082
0 0.24219 0.36377 0.06445 0.09863
0 0.70215 0.63281 0.07812 0.10352
0 0.17969 0.48535 0.08594 0.08984
0 0.97363 0.63477 0.04688 0.11914
0 0.44727 0.67529 0.06445 0.06934
0 0.76318 0.52734 0.07129 0.08203
0 0.72998 0.96973 0.06152 0.05469
0 0.36719 0.73193 0.0625 0.08105
0 0.9541 0.71436 0.05273 0.10449
0 0.08984 0.68359 0.07617 0.10742
0 0.15283 0.52979 0.09082 0.09473
0 0.42676 0.17383 0.08984 0.12695
0 0.0625 0.08105 0.07227 0.08789
0 0.52783 0.06885 0.05176 0.11816
0 0.42725 0.29639 0.06543 0.09863
0 0.87109 0.0459 0.03906 0.08398
0 0.61182 0.89844 0.06152 0.06445
0 0.29541 0.39014 0.07129 0.10059
0 0.18701 0.93896 0.06738 0.05762
0 0.27979 0.97119 0.09082 0.05371
0 0.35449 0.57617 0.06641 0.07617
0 0.18213 0.97363 0.06934 0.04883
0 0.60645 0.51318 0.04883 0.08691
0 0.59277 0.77588 0.05273 0.06543
0 0.82617 0.36426 0.04492 0.0918
0 0.44531 0.26465 0.10938 0.08008
0 0.97314 0.56641 0.05371 0.10938
0 0.11572 0.92188 0.08496 0.05859
0 0.92139 0.97656 0.0498 0.04688
0 0.77148 0.02832 0.04883 0.05664
0 0.19971 0.33105 0.06348 0.09961
0 0.4873 0.68896 0.05078 0.07129
0 0.21631 0.66553 0.07129 0.06348
0 0.98926 0.02246 0.02148 0.04492
0 0.65674 0.11621 0.05566 0.08984
0 0.96729 0.97559 0.04004 0.04883
0 0.89404 0.74023 0.04199 0.06836
0 0.16992 0.66943 0.04297 0.05957
0 0.6626 0.02441 0.04004 0.04883
0 0.46289 0.0293 0.03906 0.05859
0 0.55957 0.36816 0.05078 0.11133
0 0.19336 0.77148 0.04688 0.06055
0 0.95264 0.66846 0.05371 0.06543
0 0.11182 0.43604 0.04785 0.06543
0 0.14844 0.72754 0.07422 0.0332
0 0.16309 0.02637 0.05469 0.05273
0 0.74854 0.53271 0.05176 0.06348
0 0.2041 0.56152 0.06445 0.04688
