0 0.84619 0.47363 0.12207 0.09961
0 0.79785 0.61768 0.12891 0.11816
0 0.76709 0.19189 0.10254 0.12012
0 0.64551 0.27734 0.10156 0.11133
0 0.46289 0.30615 0.08008 0.09668
0 0.27197 0.26416 0.17676 0.13184
0 0.25635 0.43164 0.1416 0.0957
0 0.50879 0.47314 0.0957 0.09668
0 0.5 0.71777 0.20312 0.08984
0 0.22998 0.74219 0.08496 0.04883
0 0.74854 0.93164 0.1084 0.09961
0 0.54053 0.83496 0.14355 0.06055
0 0.1167 0.12744 0.09473 0.06738
0 0.04492 0.16064 0.08984 0.0498
0 0.04346 0.20312 0.08691 0.04102
0 0.36816 0.07764 0.04883 0.08887
0 0.40527 0.07568 0.04492 0.0752
0 0.4209 0.17725 0.09961 0.08301
0 0.52197 0.23193 0.08301 0.08301
0 0.95703 0.21777 0.08594 0.07812
0 0.95605 0.14795 0.08789 0.07129
0 0.69043 0.38672 0.08594 0.06836
0 0.82812 0.37842 0.07227 0.0752
0 0.18115 0.50098 0.09863 0.07617
0 0.25391 0.38232 0.0957 0.06543
0 0.21631 0.80127 0.07715 0.04785
0 0.60596 0.61621 0.08691 0.0625
0 0.97021 0.85205 0.05566 0.07324
0 0.47656 0.78711 0.11523 0.04883
0 0.58057 0.88477 0.05957 0.04883
0 0.55078 0.34229 0.0957 0.08496
