0 0.59424 0.05762 0.09277 0.08984
0 0.0874 0.46191 0.10449 0.07617
0 0.25732 0.96289 0.1416 0.07422
0 0.88574 0.22168 0.11914 0.08398
0 0.22705 0.40625 0.09863 0.08008
0 0.10889 0.52637 0.09277 0.04297
0 0.58447 0.14893 0.09082 0.07129
0 0.77881 0.38672 0.11035 0.05469
0 0.93164 0.38574 0.13672 0.08984
0 0.76123 0.64941 0.09863 0.04102
0 0.30464 0.55737 0.14678 0.04893
0 0.23389 0.15674 0.10645 0.06348
0 0.63281 0.66309 0.09375 0.04688
0 0.22363 0.6167 0.15234 0.07715
0 0.27881 0.24609 0.16895 0.08984
0 0.78613 0.79102 0.125 0.04883
0 0.99316 0.13428 0.01367 0.08301
0 0.59619 0.54541 0.13965 0.06543
0 0.9209 0.11572 0.08008 0.05566
0 0.57812 0.68018 0.10938 0.08496
0 0.9209 0.52832 0.08203 0.03906
0 0.03955 0.89941 0.07715 0.04492
0 0.7041 0.88428 0.07617 0.03809
0 0.43652 0.83496 0.08789 0.05273
0 0.63672 0.48535 0.13477 0.05273
0 0.33984 0.52832 0.14258 0.0625
0 0.14307 0.62207 0.10449 0.09961
0 0.5249 0.60547 0.08887 0.05664
0 0.66064 0.21973 0.05566 0.03516
0 0.59668 0.89502 0.09961 0.04199
0 0.42676 0.36426 0.12695 0.08398
0 0.04297 0.54639 0.07812 0.04004
0 0.47705 0.97168 0.15723 0.05664
0 0.03711 0.81299 0.07422 0.04199
0 0.77246 0.42041 0.07031 0.02832
0 0.97559 0.65332 0.04883 0.06055
0 0.94678 0.27686 0.08691 0.04199
0 0.43311 0.64209 0.1123 0.03418
0 0.81738 0.77148 0.07617 0.04297
0 0.14111 0.77832 0.14941 0.10547
0 0.48193 0.11914 0.08301 0.04688
0 0.94775 0.01221 0.05566 0.02441
0 0.97119 0.95654 0.05762 0.05176
0 0.8291 0.94482 0.08008 0.03418
0 0.58643 0.4043 0.09082 0.03711
0 0.83203 0.01025 0.06836 0.02051
0 0.11279 0.2959 0.11816 0.06055
0 0.88867 0.92969 0.07227 0.03906
0 0.53662 0.6792 0.08691 0.06934
0 0.36621 0.88721 0.10938 0.04004
0 0.24609 0.02832 0.07227 0.05469
0 0.96289 0.87256 0.07422 0.09082
0 0.30859 0.90186 0.18555 0.04785
0 0.65625 0.06299 0.10547 0.12598
0 0.01562 0.9834 0.0293 0.0293
0 0.55225 0.46484 0.06543 0.03125
0 0.71631 0.83447 0.16113 0.04395
0 0.71875 0.14014 0.11914 0.0459
0 0.78125 0.23779 0.10547 0.03027
0 0.33057 0.16455 0.13379 0.16699
0 0.48047 0.43457 0.04102 0.0625
0 0.21631 0.35791 0.10059 0.02832
0 0.09131 0.98389 0.04004 0.03223
0 0.96436 0.69629 0.07129 0.03516
0 0.03613 0.72754 0.07227 0.06445
0 0.13721 0.73682 0.15527 0.0752
0 0.32275 0.86035 0.12402 0.0332
0 0.77051 0.31641 0.13867 0.05078
0 0.71484 0.78174 0.1582 0.11035
0 0.82227 0.05615 0.04297 0.06348
0 0.39307 0.79199 0.06934 0.04688
0 0.05371 0.98486 0.03906 0.03027
0 0.39062 0.04688 0.07031 0.02734
0 0.84473 0.0874 0.13672 0.0498
0 0.48975 0.47266 0.0498 0.06445
0 0.35889 0.71729 0.18652 0.06348
0 0.41943 0.71387 0.09082 0.0293
0 0.06689 0.0957 0.0791 0.03711
0 0.38428 0.96582 0.04199 0.05078
0 0.48486 0.44727 0.04785 0.07227
0 0.97852 0.93945 0.04297 0.03516
0 0.18066 0.11816 0.08984 0.02734
0 0.2915 0.07227 0.06543 0.04492
0 0.03564 0.26416 0.07129 0.03027
0 0.06201 0.47803 0.06934 0.04004
