0 0.0376 0.0293 0.0752 0.05859
0 0.26172 0.05664 0.11133 0.0957
0 0.14844 0.19727 0.12109 0.09375
0 0.31396 0.29102 0.11035 0.08984
0 0.52637 0.27734 0.09375 0.12109
0 0.81689 0.2627 0.1377 0.09961
0 0.86963 0.46094 0.13574 0.12109
0 0.03564 0.29688 0.07129 0.10156
0 0.03467 0.42725 0.06934 0.11621
0 0.22656 0.54932 0.125 0.16113
0 0.82422 0.70557 0.11523 0.10254
0 0.04883 0.74854 0.09766 0.13379
0 0.90332 0.05566 0.08203 0.09766
0 0.54492 0.10498 0.08984 0.09668
0 0.09229 0.1001 0.0791 0.07715
0 0.10889 0.5 0.08301 0.08984
0 0.29346 0.83643 0.11816 0.07324
0 0.11377 0.97607 0.08105 0.04785
0 0.23096 0.97559 0.08691 0.04883
0 0.14893 0.32227 0.08105 0.07031
0 0.33789 0.10889 0.11328 0.09668
0 0.43066 0.54443 0.06836 0.06738
0 0.47314 0.74268 0.06348 0.0752
0 0.56396 0.84473 0.08105 0.07617
0 0.40723 0.97217 0.13867 0.05176
0 0.84619 0.90234 0.14355 0.08594
0 0.76807 0.09814 0.06934 0.0752
0 0.98535 0.05371 0.0293 0.07031
