0 0.08984 0.05029 0.09961 0.10059
0 0.27588 0.04346 0.05566 0.06934
0 0.30078 0.10889 0.06055 0.0791
0 0.00732 0.30957 0.01465 0.08203
0 0.15186 0.2168 0.08691 0.07617
0 0.17041 0.30957 0.06348 0.07227
0 0.28662 0.38232 0.08105 0.07324
0 0.30029 0.84668 0.11816 0.09766
0 0.19922 0.97266 0.07422 0.05469
0 0.4126 0.74707 0.09082 0.08789
0 0.35449 0.55029 0.08203 0.13184
0 0.53516 0.5791 0.0957 0.08789
0 0.52246 0.72217 0.06055 0.08496
0 0.64404 0.72461 0.07129 0.11328
0 0.7959 0.78271 0.07422 0.06934
0 0.82568 0.54688 0.08691 0.09766
0 0.94775 0.66895 0.10449 0.10742
0 0.62158 0.48291 0.0752 0.08105
0 0.71045 0.39551 0.06348 0.07422
0 0.61182 0.33398 0.05566 0.06641
0 0.44629 0.39355 0.0957 0.08008
0 0.36621 0.40869 0.06445 0.05371
0 0.39307 0.32471 0.08105 0.08887
0 0.48779 0.28711 0.07324 0.07422
0 0.58643 0.14062 0.0791 0.10938
0 0.72852 0.12256 0.05859 0.05176
0 0.72852 0.18457 0.06445 0.08203
0 0.83643 0.38623 0.07715 0.08496
0 0.80762 0.42627 0.08398 0.08496
0 0.84424 0.87354 0.10254 0.0791
0 0.79834 0.95557 0.09668 0.07324
0 0.43604 0.95068 0.08301 0.09863
0 0.88428 0.09619 0.09473 0.13184
0 0.98779 0.18213 0.02441 0.06543
0 0.9624 0.0415 0.0752 0.08301
0 0.71191 0.03418 0.08789 0.06836
0 0.59619 0.25391 0.07129 0.07227
0 0.4541 0.021 0.07812 0.04199
0 0.7627 0.85303 0.06836 0.06348
0 0.11279 0.77783 0.09277 0.06152
