0 0.01318 0.27832 0.02637 0.07617
0 0.2666 0.04785 0.04492 0.04883
0 0.41113 0.0415 0.05273 0.08301
0 0.3623 0.10742 0.11914 0.07812
0 0.34082 0.20703 0.0625 0.06445
0 0.38818 0.22314 0.05957 0.05371
0 0.4502 0.17529 0.04883 0.06543
0 0.11426 0.14844 0.08594 0.07422
0 0.17871 0.25244 0.08008 0.07324
0 0.1875 0.33594 0.08984 0.11328
0 0.25537 0.29883 0.0791 0.08789
0 0.26172 0.22363 0.07422 0.06055
0 0.24463 0.39014 0.05762 0.05762
0 0.29297 0.46436 0.10547 0.08496
0 0.50391 0.35791 0.11328 0.07324
0 0.5542 0.30225 0.11426 0.0791
0 0.65088 0.36475 0.0752 0.08691
0 0.63525 0.18311 0.05957 0.06348
0 0.6582 0.11963 0.07422 0.06738
0 0.8916 0.17871 0.0625 0.05859
0 0.96875 0.22852 0.0625 0.08008
0 0.97461 0.38672 0.05078 0.06055
0 0.56787 0.55273 0.06543 0.09766
0 0.73389 0.53662 0.08887 0.11035
0 0.94189 0.76562 0.07129 0.07227
0 0.85156 0.8125 0.0625 0.05469
0 0.77783 0.7959 0.06543 0.05469
0 0.73975 0.84082 0.06543 0.0625
0 0.93896 0.91113 0.12207 0.08789
0 0.81152 0.90039 0.12695 0.08008
0 0.70898 0.90527 0.08398 0.05469
0 0.54883 0.81689 0.09961 0.10254
0 0.49805 0.67432 0.0918 0.07324
0 0.46582 0.95801 0.08789 0.08398
0 0.125 0.86572 0.07031 0.0752
0 0.05762 0.86279 0.05273 0.07129
0 0.22363 0.95654 0.07617 0.08691
0 0.32812 0.94922 0.08008 0.0918
0 0.0293 0.87305 0.05859 0.06055
0 0.58984 0.90479 0.06641 0.05176
0 0.58203 0.39307 0.04297 0.03418
0 0.08691 0.38281 0.02734 0.03711
0 0.04004 0.05859 0.03125 0.04297
0 0.77539 0.93652 0.04297 0.0625
