0 0.31689 0.19775 0.08887 0.11035
0 0.88672 0.0835 0.06836 0.08496
0 0.7373 0.41504 0.04492 0.10742
0 0.56201 0.57666 0.09473 0.1084
0 0.04053 0.57227 0.08105 0.08594
0 0.91943 0.68213 0.0791 0.12988
0 0.2168 0.7002 0.13672 0.0625
0 0.65918 0.26221 0.0293 0.08887
0 0.07422 0.30127 0.10352 0.09473
0 0.34473 0.03711 0.08008 0.07422
0 0.98242 0.44482 0.03516 0.06738
0 0.09619 0.65381 0.07129 0.08691
0 0.05029 0.68604 0.10059 0.07129
0 0.76855 0.70361 0.0957 0.14746
0 0.49951 0.33984 0.11621 0.10547
0 0.62109 0.76025 0.08398 0.03809
0 0.54688 0.2666 0.07617 0.14258
0 0.72852 0.12305 0.02539 0.08398
0 0.4126 0.7998 0.04395 0.07617
0 0.14795 0.55127 0.12598 0.08301
0 0.58301 0.25684 0.0918 0.13672
0 0.1084 0.08398 0.12891 0.10742
0 0.35156 0.80908 0.08789 0.05371
0 0.57275 0.79639 0.09082 0.05371
0 0.12549 0.75391 0.13965 0.05469
0 0.76416 0.03174 0.07129 0.05371
0 0.55664 0.52539 0.11914 0.08984
0 0.36279 0.57764 0.13184 0.1377
0 0.4375 0.96143 0.27148 0.07715
0 0.50635 0.66455 0.11816 0.07129
0 0.67432 0.02979 0.06152 0.05762
0 0.03418 0.96191 0.06836 0.07031
0 0.58008 0.05273 0.11914 0.10156
0 0.74561 0.979 0.03027 0.04199
0 0.24854 0.26758 0.06152 0.06641
0 0.6875 0.52148 0.08789 0.03125
0 0.94678 0.02148 0.0459 0.04102
0 0.2583 0.06348 0.10449 0.0957
0 0.05127 0.51416 0.07324 0.05566
0 0.1377 0.92578 0.19922 0.14844
0 0.03662 0.30615 0.07324 0.12012
0 0.46436 0.35693 0.05957 0.04004
0 0.50928 0.75 0.09082 0.04883
0 0.11816 0.80078 0.06836 0.03906
0 0.59082 0.32471 0.08398 0.09082
0 0.35303 0.3584 0.22363 0.0957
0 0.23145 0.30371 0.06641 0.08203
0 0.01904 0.3252 0.03809 0.05664
0 0.52979 0.35352 0.10449 0.06445
0 0.51123 0.0542 0.1709 0.1084
