0 0.37646 0.03271 0.10645 0.06543
0 0.26318 0.04639 0.11426 0.08496
0 0.22803 0.2085 0.06738 0.08496
0 0.50928 0.04688 0.08105 0.05273
0 0.47852 0.11182 0.08984 0.12793
0 0.32129 0.39404 0.05078 0.05762
0 0.28564 0.48389 0.08105 0.0791
0 0.34131 0.51611 0.07324 0.07715
0 0.396 0.4834 0.0752 0.0625
0 0.45996 0.40186 0.08789 0.06348
0 0.54541 0.50293 0.08887 0.07031
0 0.40137 0.59766 0.07227 0.10938
0 0.27734 0.57178 0.1582 0.09668
0 0.22803 0.61523 0.08105 0.05664
0 0.26025 0.68506 0.05371 0.05371
0 0.16016 0.65479 0.06055 0.05371
0 0.18164 0.73926 0.06445 0.08203
0 0.15283 0.82373 0.0752 0.16309
0 0.09668 0.91064 0.0918 0.09668
0 0.02637 0.854 0.05273 0.10254
0 0.28857 0.79443 0.0498 0.10645
0 0.3335 0.78516 0.05176 0.06836
0 0.32275 0.70557 0.04004 0.05566
0 0.36279 0.69043 0.07129 0.08203
0 0.33252 0.64062 0.05176 0.06055
0 0.46484 0.73193 0.0625 0.09277
0 0.51318 0.73291 0.0752 0.11426
0 0.43164 0.80859 0.14258 0.1543
0 0.42041 0.86963 0.15527 0.06738
0 0.27148 0.95361 0.07227 0.08105
0 0.46582 0.95947 0.07617 0.08105
0 0.59863 0.92383 0.10156 0.06836
0 0.54932 0.97217 0.05762 0.0459
0 0.75 0.94043 0.07031 0.06836
0 0.74365 0.97803 0.06934 0.04395
0 0.89697 0.93408 0.10254 0.08105
0 0.7832 0.80078 0.08789 0.0625
0 0.72803 0.65771 0.10059 0.06934
0 0.81689 0.62012 0.06543 0.10938
0 0.71436 0.521 0.0791 0.10449
0 0.84033 0.5376 0.12402 0.06738
0 0.729 0.40186 0.07324 0.0791
0 0.9585 0.42627 0.0752 0.0752
0 0.86426 0.17334 0.07617 0.21387
0 0.78564 0.25684 0.0752 0.14648
0 0.81348 0.21582 0.06641 0.0957
0 0.68018 0.19678 0.05762 0.12012
0 0.65381 0.27344 0.05566 0.08008
0 0.70703 0.09521 0.0625 0.12793
0 0.75146 0.09961 0.06543 0.09375
0 0.79443 0.06299 0.05176 0.06543
0 0.57959 0.04443 0.07324 0.08887
0 0.75732 0.01367 0.0791 0.02734
0 0.10645 0.96631 0.07422 0.06738
