0 0.5332 0.4209 0.10742 0.0918
0 0.09814 0.43945 0.08691 0.08008
0 0.23828 0.76221 0.10156 0.0752
0 0.40674 0.65674 0.09473 0.09473
0 0.24316 0.37598 0.08789 0.10742
0 0.62354 0.80469 0.1123 0.07031
0 0.58691 0.18604 0.10938 0.09277
0 0.02051 0.89453 0.04102 0.07031
0 0.07959 0.69336 0.11426 0.05273
0 0.50732 0.93213 0.09473 0.06934
0 0.43701 0.7417 0.11035 0.0752
0 0.5918 0.73584 0.09961 0.07715
0 0.03711 0.72607 0.07422 0.09277
0 0.25732 0.24072 0.09473 0.09277
0 0.18555 0.55176 0.09766 0.05469
0 0.41309 0.57471 0.08789 0.0752
0 0.90674 0.05322 0.08301 0.09668
0 0.17334 0.11816 0.10254 0.09766
0 0.34863 0.50195 0.07227 0.07031
0 0.10986 0.11572 0.09473 0.08691
0 0.63818 0.6582 0.1123 0.09766
0 0.16943 0.47363 0.05566 0.05273
0 0.67334 0.71436 0.10254 0.0752
0 0.11572 0.64941 0.1123 0.05469
0 0.16846 0.03613 0.06738 0.0625
0 0.02246 0.30811 0.04492 0.0752
0 0.18115 0.33105 0.10254 0.08789
0 0.21729 0.50928 0.08496 0.0752
0 0.47949 0.97119 0.08789 0.04004
0 0.43213 0.88184 0.05957 0.06055
0 0.92969 0.81738 0.10547 0.08008
0 0.93457 0.56885 0.07227 0.05762
0 0.75439 0.69189 0.08496 0.06934
0 0.70068 0.60352 0.08691 0.09766
0 0.59912 0.50293 0.08496 0.0625
0 0.38574 0.44434 0.08789 0.06055
0 0.46973 0.3667 0.07031 0.0752
0 0.45215 0.04932 0.07031 0.0752
0 0.51855 0.05176 0.07227 0.09961
0 0.6499 0.04443 0.08496 0.08496
0 0.6958 0.04932 0.1084 0.09473
0 0.93994 0.27832 0.08496 0.05664
0 0.95996 0.68945 0.08008 0.04492
