0 0.29492 0.55957 0.18164 0.16602
0 0.23486 0.65186 0.0752 0.12793
0 0.05225 0.58008 0.10449 0.08008
0 0.03418 0.02881 0.06836 0.05762
0 0.04736 0.12158 0.08105 0.10645
0 0.25879 0.07275 0.10938 0.13965
0 0.33154 0.07373 0.05762 0.09473
0 0.38428 0.06152 0.0752 0.12305
0 0.48877 0.12061 0.06348 0.0791
0 0.4458 0.14111 0.07324 0.09082
0 0.36621 0.22363 0.12109 0.0918
0 0.33496 0.2998 0.08594 0.05469
0 0.3501 0.34277 0.10254 0.08203
0 0.23975 0.31885 0.0791 0.07715
0 0.48535 0.27344 0.05273 0.06445
0 0.57812 0.30225 0.12891 0.15918
0 0.6543 0.47119 0.12109 0.12402
0 0.79492 0.6416 0.13672 0.08008
0 0.75439 0.57666 0.10254 0.05762
0 0.90186 0.59375 0.1748 0.07422
0 0.9165 0.62744 0.1123 0.05957
0 0.9502 0.68115 0.03906 0.07324
0 0.41309 0.55078 0.05078 0.10742
0 0.4751 0.79785 0.06152 0.14648
0 0.41943 0.87549 0.05176 0.09473
0 0.64355 0.73975 0.1582 0.0791
0 0.47803 0.55469 0.0498 0.05078
0 0.7583 0.31494 0.07324 0.08496
0 0.71973 0.39795 0.11914 0.12402
0 0.92529 0.38135 0.0752 0.16504
0 0.92871 0.1709 0.14258 0.05273
0 0.93652 0.19141 0.12695 0.05273
0 0.96191 0.104 0.06836 0.07715
0 0.62793 0.05029 0.10156 0.0791
0 0.60107 0.69824 0.05762 0.05273
0 0.86426 0.81689 0.14648 0.15527
0 0.81543 0.82812 0.08984 0.11133
0 0.79004 0.93066 0.06055 0.04297
0 0.68604 0.95557 0.1084 0.08887
0 0.80127 0.96875 0.08496 0.0625
0 0.05664 0.35352 0.06836 0.06445
0 0.24561 0.81934 0.1123 0.06055
0 0.27637 0.89844 0.06641 0.10547
0 0.27002 0.76074 0.08105 0.04102
0 0.20166 0.50439 0.0752 0.06152
0 0.71143 0.22998 0.07324 0.08105
0 0.93408 0.48975 0.12988 0.12402
