0 0.09717 0.33936 0.18652 0.08301
0 0.33252 0.03516 0.08496 0.07031
0 0.55176 0.16016 0.16602 0.10547
0 0.7373 0.03662 0.13867 0.07324
0 0.86133 0.02979 0.12305 0.05957
0 0.82959 0.18848 0.08691 0.07422
0 0.43701 0.45557 0.10449 0.09082
0 0.52393 0.56152 0.08105 0.06445
0 0.67822 0.55029 0.08887 0.09277
0 0.85693 0.62305 0.09473 0.11523
0 0.94678 0.60156 0.10645 0.08594
0 0.76221 0.7124 0.09277 0.0752
0 0.65088 0.73145 0.09668 0.07617
0 0.47461 0.76855 0.09375 0.08203
0 0.75684 0.87451 0.10352 0.06543
0 0.75439 0.96729 0.11035 0.06543
0 0.12744 0.58691 0.1709 0.14258
0 0.03711 0.68311 0.07422 0.05957
0 0.06836 0.91406 0.09375 0.15039
0 0.12793 0.89648 0.07422 0.10938
0 0.89258 0.84131 0.04492 0.04199
0 0.38477 0.14551 0.09961 0.09375
0 0.54395 0.25195 0.11328 0.13477
