0 0.06738 0.14502 0.07422 0.07324
0 0.01074 0.07422 0.02148 0.10156
0 0.28711 0.15234 0.08984 0.08203
0 0.37744 0.14014 0.06738 0.09277
0 0.29932 0.03125 0.08887 0.0625
0 0.46582 0.03369 0.08789 0.06738
0 0.53857 0.10645 0.09277 0.07617
0 0.56494 0.17383 0.06348 0.07031
0 0.40918 0.27588 0.08984 0.06543
0 0.67676 0.25098 0.07812 0.07812
0 0.74072 0.19482 0.09082 0.08105
0 0.76904 0.10938 0.0791 0.08398
0 0.93945 0.05518 0.0918 0.09863
0 0.021 0.21191 0.04199 0.05664
0 0.35205 0.45605 0.09863 0.07227
0 0.48096 0.51025 0.13184 0.08691
0 0.39941 0.53516 0.08789 0.06445
0 0.41943 0.61475 0.08691 0.09277
0 0.29346 0.74658 0.08105 0.0791
0 0.62988 0.55518 0.08398 0.12012
0 0.82031 0.59668 0.07031 0.07031
0 0.88916 0.60156 0.07715 0.08398
0 0.8291 0.396 0.11523 0.14551
0 0.95703 0.31592 0.08594 0.09863
0 0.76855 0.77539 0.05859 0.08008
0 0.62012 0.86621 0.06445 0.06445
0 0.28125 0.98779 0.0625 0.02441
0 0.4043 0.98633 0.04688 0.02734
0 0.46143 0.98633 0.06152 0.02734
0 0.05127 0.95312 0.10254 0.06055
0 0.80518 0.8999 0.0791 0.09863
0 0.91113 0.82422 0.12109 0.08203
0 0.66846 0.02539 0.08301 0.05078
0 0.54199 0.03857 0.05273 0.05176
0 0.04199 0.77539 0.07617 0.10156
