0 0.56299 0.82568 0.1416 0.10449
0 0.08545 0.66016 0.1709 0.125
0 0.69678 0.1626 0.13965 0.1709
0 0.85205 0.25244 0.14551 0.1084
0 0.43018 0.3667 0.08496 0.1084
0 0.5083 0.26172 0.10449 0.08203
0 0.40918 0.09912 0.08984 0.13184
0 0.05518 0.19287 0.11035 0.11035
0 0.29688 0.98242 0.10156 0.03516
0 0.41992 0.90771 0.10547 0.10645
0 0.88135 0.95752 0.11621 0.08496
0 0.03271 0.06689 0.06543 0.13379
0 0.22998 0.06982 0.0791 0.10645
0 0.15967 0.26514 0.09082 0.06152
0 0.15674 0.33252 0.08301 0.06152
0 0.32178 0.29785 0.0791 0.0625
0 0.31641 0.18848 0.05859 0.0918
0 0.47559 0.0874 0.08789 0.12988
0 0.52637 0.08496 0.08008 0.11133
0 0.06152 0.91016 0.0918 0.10156
0 0.57959 0.39209 0.09668 0.05957
0 0.60498 0.45166 0.1123 0.05957
0 0.20898 0.56934 0.11133 0.08008
0 0.54346 0.95703 0.06348 0.08594
0 0.64648 0.94629 0.0625 0.05664
0 0.71436 0.99072 0.07324 0.01855
0 0.73779 0.97461 0.06152 0.05078
0 0.97461 0.97461 0.05078 0.05078
0 0.88184 0.06543 0.07422 0.09961
0 0.91406 0.13623 0.0957 0.09668
0 0.96631 0.36279 0.06738 0.09082
0 0.93018 0.47363 0.0791 0.09766
0 0.91406 0.58447 0.11523 0.10059
0 0.8999 0.71582 0.08301 0.0918
0 0.22021 0.32471 0.07324 0.05957
0 0.74512 0.40088 0.07227 0.0752
