0 0.80615 0.16504 0.08887 0.08789
0 0.83057 0.46045 0.05762 0.07324
0 0.51807 0.16406 0.06738 0.06836
0 0.16113 0.50098 0.08789 0.07422
0 0.8418 0.41699 0.06641 0.08594
0 0.08984 0.42285 0.08789 0.06055
0 0.24707 0.43311 0.10547 0.11426
0 0.94678 0.46533 0.09863 0.05371
0 0.19043 0.25439 0.07422 0.04785
0 0.36182 0.44482 0.05566 0.05176
0 0.17871 0.55713 0.12109 0.07324
0 0.46973 0.41406 0.07812 0.0957
0 0.34375 0.17139 0.11133 0.05176
0 0.24072 0.77881 0.0791 0.05762
0 0.7876 0.67236 0.09082 0.06934
0 0.04102 0.87305 0.08203 0.07031
0 0.74072 0.875 0.12207 0.05469
0 0.86035 0.16553 0.04883 0.05762
0 0.30811 0.54053 0.08691 0.0498
0 0.13184 0.93115 0.11523 0.04004
0 0.2998 0.58789 0.0625 0.04297
0 0.85596 0.28516 0.06348 0.15625
0 0.75 0.82812 0.06836 0.04492
0 0.68799 0.14697 0.03809 0.04785
0 0.42432 0.91504 0.09473 0.04297
0 0.20801 0.20801 0.09961 0.06445
0 0.6875 0.29492 0.13477 0.12695
0 0.62012 0.60205 0.05469 0.03223
0 0.89746 0.79053 0.04492 0.06152
0 0.45117 0.29004 0.07812 0.04883
0 0.34814 0.29346 0.10059 0.04395
0 0.98877 0.91016 0.02246 0.0293
0 0.31348 0.9165 0.05469 0.03418
0 0.07617 0.86279 0.07031 0.05176
0 0.021 0.40967 0.04199 0.05762
0 0.23535 0.8877 0.13477 0.04297
0 0.39941 0.66211 0.08789 0.04883
0 0.15967 0.86377 0.07324 0.04199
0 0.854 0.92773 0.05762 0.03516
0 0.05078 0.52539 0.08789 0.05078
0 0.97217 0.41455 0.05566 0.08105
0 0.04053 0.625 0.07324 0.04688
0 0.07959 0.79834 0.07129 0.05176
0 0.9873 0.15381 0.02539 0.03613
0 0.60938 0.57373 0.03906 0.04395
0 0.44531 0.30615 0.07812 0.0459
0 0.19189 0.92285 0.1084 0.04492
0 0.07373 0.49414 0.05762 0.03711
0 0.93701 0.62939 0.10254 0.05566
0 0.43066 0.5249 0.04688 0.04004
0 0.43555 0.95312 0.09961 0.06055
0 0.67285 0.80664 0.07227 0.04297
0 0.16553 0.75928 0.06152 0.05176
0 0.12207 0.71875 0.0957 0.07617
0 0.01758 0.75977 0.03516 0.05078
0 0.52881 0.58496 0.05566 0.04688
0 0.68262 0.11182 0.04492 0.03223
