0 0.81104 0.52783 0.06348 0.10449
0 0.10889 0.03223 0.10059 0.06445
0 0.48682 0.63525 0.09473 0.10254
0 0.40674 0.68311 0.0791 0.06348
0 0.40332 0.42041 0.08984 0.06348
0 0.5249 0.68799 0.09082 0.08105
0 0.86035 0.65039 0.09766 0.06445
0 0.51025 0.30908 0.06543 0.11035
0 0.31299 0.32617 0.10059 0.08789
0 0.82129 0.97168 0.13867 0.05664
0 0.43457 0.27832 0.10742 0.08789
0 0.89844 0.9292 0.13281 0.08496
0 0.65234 0.53027 0.17578 0.08008
0 0.93848 0.24219 0.12305 0.17383
0 0.61719 0.70801 0.08398 0.08789
0 0.10254 0.2041 0.08008 0.10547
0 0.42383 0.36133 0.07812 0.07422
0 0.65723 0.23682 0.06445 0.11426
0 0.37158 0.69922 0.11426 0.0625
0 0.05811 0.52393 0.11621 0.10059
0 0.1958 0.50342 0.12402 0.05957
0 0.30859 0.73975 0.1582 0.0791
0 0.51562 0.79785 0.21875 0.09375
0 0.48926 0.84863 0.08594 0.10742
0 0.44775 0.80811 0.07129 0.10449
0 0.93506 0.69385 0.08105 0.03027
0 0.89746 0.71582 0.11328 0.05273
0 0.88525 0.98438 0.10449 0.03125
0 0.57422 0.46582 0.07031 0.06445
0 0.61084 0.25195 0.05176 0.12891
0 0.52734 0.16699 0.16211 0.26562
0 0.97754 0.48828 0.04492 0.07812
0 0.38037 0.09033 0.0752 0.07129
