0 0.01709 0.36719 0.03418 0.10352
0 0.06055 0.24805 0.09961 0.08594
0 0.4292 0.0874 0.09082 0.0752
0 0.35889 0.15137 0.06348 0.06055
0 0.67188 0.14062 0.06641 0.0625
0 0.73926 0.14307 0.05664 0.05957
0 0.74023 0.05957 0.15039 0.11328
0 0.54395 0.27686 0.13086 0.06348
0 0.26562 0.31104 0.06836 0.06543
0 0.46436 0.41943 0.07129 0.11816
0 0.31152 0.48486 0.05664 0.07129
0 0.6333 0.37354 0.11816 0.05957
0 0.77197 0.46338 0.1084 0.05566
0 0.68408 0.59424 0.0752 0.11426
0 0.53467 0.69141 0.07715 0.11914
0 0.35596 0.70557 0.07324 0.09863
0 0.52686 0.85938 0.1084 0.12305
0 0.60742 0.82373 0.08984 0.11621
0 0.81543 0.81885 0.06836 0.12793
0 0.90869 0.60107 0.10645 0.08496
0 0.9585 0.38232 0.0752 0.09863
0 0.84717 0.22998 0.07715 0.04199
0 0.95801 0.93164 0.07422 0.06641
0 0.94678 0.15869 0.04785 0.08691
0 0.74805 0.66797 0.16602 0.12305
0 0.83789 0.30566 0.13672 0.0625
0 0.69922 0.22461 0.13867 0.06836
