0 0.53076 0.3667 0.0791 0.09668
0 0.67871 0.07764 0.07617 0.06738
0 0.49365 0.48779 0.12207 0.09473
0 0.55273 0.16064 0.13477 0.0752
0 0.19092 0.16748 0.07129 0.09863
0 0.91162 0.10449 0.06934 0.05859
0 0.59082 0.97656 0.09766 0.04688
0 0.07764 0.09717 0.10645 0.07324
0 0.17749 0.40479 0.10889 0.0459
0 0.08594 0.54248 0.13867 0.08105
0 0.28906 0.78418 0.10156 0.04688
0 0.54785 0.92383 0.0625 0.08789
0 0.39502 0.79248 0.08105 0.04004
0 0.11475 0.30322 0.09082 0.04199
0 0.07764 0.8501 0.06348 0.0459
0 0.26855 0.14014 0.12305 0.06348
0 0.65234 0.60596 0.08594 0.05176
0 0.69434 0.49316 0.07812 0.07617
0 0.16357 0.2998 0.08887 0.06445
0 0.91602 0.61035 0.04688 0.0293
0 0.021 0.79297 0.04199 0.05273
0 0.94873 0.18164 0.07715 0.0625
0 0.70166 0.59668 0.06152 0.04297
0 0.22314 0.87695 0.09668 0.04883
0 0.5918 0.26318 0.04688 0.03223
0 0.69141 0.146 0.08203 0.06348
0 0.48633 0.61865 0.07227 0.03613
0 0.94727 0.23535 0.05469 0.06445
0 0.63232 0.56641 0.10645 0.04883
0 0.08936 0.51123 0.10645 0.05762
0 0.35693 0.07617 0.12207 0.08398
0 0.22949 0.23242 0.04102 0.06836
0 0.9292 0.83496 0.06152 0.03125
0 0.2251 0.45752 0.1748 0.05371
0 0.01953 0.41699 0.03906 0.04297
0 0.29053 0.10986 0.1084 0.09082
0 0.37988 0.30762 0.08398 0.05078
0 0.63867 0.81104 0.07031 0.05371
0 0.37549 0.47949 0.06738 0.04492
0 0.98828 0.10449 0.02344 0.04688
0 0.21338 0.23682 0.04199 0.06738
0 0.21924 0.50439 0.07129 0.0498
0 0.14111 0.18701 0.06543 0.05176
0 0.83545 0.13916 0.08691 0.0459
0 0.0293 0.771 0.05469 0.02832
0 0.32031 0.88477 0.07812 0.03906
0 0.10693 0.47656 0.09473 0.05469
0 0.95312 0.52148 0.05469 0.0332
0 0.71289 0.28516 0.08594 0.05273
0 0.20752 0.91846 0.0752 0.04199
0 0.30176 0.59424 0.04102 0.05371
0 0.80225 0.78174 0.05371 0.03613
0 0.28418 0.04443 0.07031 0.08691
0 0.66602 0.52539 0.08203 0.04102
0 0.25244 0.81689 0.08691 0.03027
0 0.53955 0.87598 0.12012 0.06641
0 0.09375 0.68799 0.06055 0.08105
0 0.8916 0.86182 0.15234 0.05762
0 0.80225 0.79297 0.05371 0.02344
0 0.79346 0.89404 0.08887 0.0459
0 0.49609 0.4502 0.10938 0.03711
0 0.41943 0.87598 0.12402 0.06641
0 0.33789 0.85986 0.08008 0.04199
