0 0.23975 0.75049 0.10449 0.09277
0 0.05713 0.93213 0.08496 0.10449
0 0.0957 0.66309 0.08789 0.10742
0 0.24365 0.37744 0.10254 0.08496
0 0.72705 0.25439 0.08496 0.08496
0 0.61084 0.78223 0.14746 0.07031
0 0.20459 0.26953 0.0752 0.06055
0 0.51465 0.52197 0.0957 0.0752
0 0.39844 0.24219 0.07227 0.08008
0 0.31494 0.8335 0.08496 0.08301
0 0.12305 0.20947 0.08789 0.09082
0 0.26611 0.46875 0.06738 0.0625
0 0.87695 0.41064 0.16016 0.10254
0 0.76074 0.69824 0.08203 0.06836
0 0.61719 0.46338 0.09961 0.1123
0 0.63818 0.96875 0.09277 0.0625
0 0.94238 0.83203 0.08008 0.07422
0 0.38916 0.41113 0.0752 0.0625
0 0.93701 0.71191 0.08496 0.08008
0 0.75195 0.87988 0.07422 0.08008
0 0.0957 0.43359 0.07812 0.13281
0 0.72559 0.37695 0.05273 0.06055
0 0.03174 0.10742 0.06348 0.06641
0 0.70312 0.17188 0.08203 0.07031
0 0.14697 0.38818 0.05957 0.05176
0 0.76709 0.57812 0.09082 0.08789
0 0.57373 0.84033 0.12207 0.08496
0 0.97363 0.50977 0.05273 0.05469
0 0.33447 0.75537 0.05566 0.05762
0 0.7207 0.62939 0.11719 0.06934
0 0.90576 0.63672 0.09668 0.08008
0 0.29834 0.20068 0.08301 0.12207
0 0.48584 0.0249 0.05762 0.0498
0 0.83838 0.7793 0.07324 0.07031
0 0.03271 0.79688 0.06543 0.08203
0 0.20361 0.97754 0.08301 0.04492
