0 0.30908 0.30908 0.0752 0.09082
0 0.05225 0.23438 0.06348 0.08398
0 0.16064 0.95117 0.0752 0.08789
0 0.82178 0.40576 0.04395 0.0791
0 0.90771 0.67822 0.06934 0.10059
0 0.48682 0.46631 0.10059 0.06738
0 0.22754 0.64355 0.08789 0.06055
0 0.3501 0.91748 0.1748 0.09863
0 0.58691 0.2041 0.14062 0.08398
0 0.37549 0.29346 0.07129 0.0791
0 0.65967 0.95215 0.08496 0.08594
0 0.18506 0.48633 0.06934 0.05078
0 0.06787 0.40674 0.07715 0.0498
0 0.95654 0.47656 0.08691 0.08398
0 0.22803 0.33154 0.05371 0.07715
0 0.96436 0.12109 0.07129 0.05859
0 0.35693 0.42822 0.06738 0.05762
0 0.12549 0.08105 0.06543 0.05664
0 0.04199 0.71582 0.05078 0.06641
0 0.41309 0.08643 0.04297 0.05566
0 0.04102 0.0918 0.08203 0.07227
0 0.06299 0.03125 0.05957 0.0625
0 0.54053 0.09375 0.06152 0.05859
0 0.48389 0.4209 0.05176 0.07227
0 0.9668 0.02686 0.05859 0.05371
0 0.24316 0.4165 0.05859 0.05566
0 0.24268 0.97852 0.05176 0.04102
0 0.30518 0.07666 0.1084 0.08105
0 0.78711 0.89404 0.11719 0.09277
0 0.06152 0.66602 0.10156 0.08203
0 0.32812 0.52783 0.07227 0.05762
0 0.48486 0.08691 0.06738 0.05664
0 0.98779 0.53369 0.02441 0.04199
0 0.65869 0.39062 0.05371 0.06055
0 0.72607 0.79785 0.0752 0.04883
0 0.79883 0.48096 0.05859 0.09473
0 0.69287 0.7207 0.07129 0.06055
0 0.41797 0.0127 0.06641 0.02539
0 0.35791 0.74414 0.1377 0.04883
0 0.47021 0.0083 0.04785 0.0166
0 0.82227 0.77393 0.08008 0.04395
0 0.39648 0.82666 0.10352 0.05957
0 0.35059 0.78711 0.0957 0.05273
0 0.72607 0.76221 0.09668 0.05371
0 0.38281 0.89355 0.09375 0.07227
0 0.5625 0.56787 0.08789 0.03809
0 0.19385 0.74609 0.0752 0.07422
0 0.97217 0.74707 0.05566 0.04492
0 0.60645 0.72656 0.08789 0.0332
0 0.98584 0.45459 0.02832 0.0459
0 0.57129 0.93799 0.07422 0.03809
0 0.04248 0.46436 0.08301 0.0459
0 0.70752 0.96045 0.07129 0.06348
0 0.39893 0.97363 0.13184 0.04883
0 0.354 0.17627 0.05957 0.04395
0 0.84717 0.85938 0.03613 0.04492
0 0.66016 0.49414 0.0625 0.04102
0 0.81152 0.54639 0.06836 0.04199
0 0.58496 0.9751 0.16797 0.0498
0 0.73193 0.52881 0.05566 0.0459
0 0.65283 0.59229 0.04199 0.0498
0 0.01367 0.6499 0.02734 0.04395
0 0.4751 0.25635 0.05371 0.03027
0 0.31592 0.98291 0.10645 0.03027
0 0.82422 0.79346 0.08203 0.05176
0 0.06299 0.55518 0.10645 0.04785
0 0.31104 0.12744 0.0752 0.07129
0 0.40234 0.29395 0.06055 0.04492
0 0.53857 0.82227 0.09668 0.05664
0 0.62744 0.48584 0.03223 0.04785
0 0.64453 0.51611 0.07617 0.03418
0 0.66699 0.44482 0.14648 0.13379
0 0.74658 0.52197 0.04199 0.03613
0 0.94873 0.56299 0.04004 0.03418
0 0.04443 0.03271 0.0791 0.06348
