0 0.396 0.03369 0.08691 0.06738
0 0.59277 0.89893 0.08203 0.05566
0 0.60742 0.48389 0.09766 0.10059
0 0.02051 0.22559 0.04102 0.06445
0 0.68652 0.46289 0.15625 0.13672
0 0.021 0.77637 0.04199 0.08008
0 0.46045 0.42627 0.07324 0.09082
0 0.93604 0.37256 0.09082 0.10059
0 0.37891 0.59619 0.10742 0.10059
0 0.52637 0.90283 0.06836 0.05762
0 0.03027 0.16309 0.06055 0.09766
0 0.55859 0.97656 0.08789 0.04688
0 0.43945 0.07129 0.06445 0.07031
0 0.82568 0.88574 0.10645 0.16602
0 0.37207 0.29688 0.08008 0.07812
0 0.29443 0.08057 0.07715 0.0752
0 0.27197 0.55957 0.08496 0.08789
0 0.47314 0.22266 0.05566 0.06641
0 0.32959 0.39062 0.08301 0.08008
0 0.3999 0.80908 0.09277 0.09082
0 0.58643 0.72021 0.08301 0.0752
0 0.44824 0.89746 0.08203 0.07617
0 0.19141 0.02783 0.08789 0.05566
0 0.69531 0.18848 0.11914 0.08008
0 0.03271 0.39941 0.06543 0.0957
0 0.53125 0.2915 0.07617 0.08301
0 0.02246 0.91797 0.04492 0.07617
0 0.96729 0.73584 0.06543 0.08105
0 0.92529 0.14355 0.0791 0.06445
0 0.97314 0.12109 0.05371 0.05664
0 0.98242 0.01318 0.03516 0.02637
0 0.37891 0.23828 0.05469 0.05859
0 0.57812 0.4292 0.07617 0.07324
