0 0.74365 0.37012 0.0791 0.11133
0 0.81201 0.75195 0.08496 0.08008
0 0.12695 0.15234 0.06055 0.05469
0 0.6748 0.87549 0.08008 0.07715
0 0.79688 0.57861 0.08008 0.06738
0 0.8291 0.06494 0.08008 0.09473
0 0.87793 0.17969 0.07227 0.07031
0 0.66064 0.26465 0.06738 0.07031
0 0.70068 0.47314 0.09277 0.08301
0 0.15723 0.25586 0.10547 0.0625
0 0.68848 0.75049 0.11719 0.06738
0 0.90332 0.021 0.08203 0.04199
0 0.22314 0.64014 0.08691 0.07324
0 0.12988 0.89795 0.08594 0.09473
0 0.63086 0.60938 0.08203 0.08008
0 0.58594 0.10596 0.07812 0.06738
0 0.63086 0.92432 0.07812 0.08496
0 0.57324 0.396 0.08203 0.08301
0 0.02588 0.14941 0.04785 0.06055
0 0.48828 0.97363 0.10742 0.05273
0 0.12207 0.4082 0.07422 0.04688
