0 0.20801 0.91455 0.07227 0.06543
0 0.10645 0.86768 0.09375 0.07129
0 0.10693 0.67578 0.16309 0.08398
0 0.01855 0.4917 0.03711 0.11035
0 0.05371 0.57861 0.06445 0.08887
0 0.26904 0.58398 0.12402 0.15625
0 0.02441 0.13232 0.04883 0.14941
0 0.25781 0.29541 0.07812 0.07324
0 0.43506 0.28711 0.08887 0.08398
0 0.50391 0.19238 0.06445 0.08594
0 0.62402 0.23047 0.08008 0.08789
0 0.72949 0.27393 0.10547 0.09473
0 0.85742 0.26123 0.07031 0.05762
0 0.82812 0.07178 0.06641 0.09473
0 0.61523 0.4668 0.08594 0.09961
0 0.56348 0.55127 0.07422 0.12207
0 0.65918 0.54834 0.12695 0.09863
0 0.77441 0.46094 0.10547 0.11719
0 0.8418 0.43359 0.06836 0.08008
0 0.88232 0.3252 0.09863 0.08008
0 0.97852 0.18311 0.04297 0.05762
0 0.97217 0.04541 0.05371 0.06543
0 0.48779 0.95752 0.12012 0.06738
0 0.53223 0.90576 0.08594 0.0791
0 0.43262 0.896 0.05469 0.05566
0 0.71094 0.87158 0.08594 0.07715
0 0.85156 0.87646 0.10742 0.1084
0 0.54102 0.74463 0.08008 0.08301
0 0.77637 0.60986 0.125 0.12793
0 0.87646 0.70361 0.06934 0.06152
0 0.93604 0.88916 0.1084 0.0752
0 0.93066 0.30273 0.06055 0.04883
0 0.72461 0.66748 0.08984 0.1123
0 0.9375 0.02588 0.04883 0.05176
0 0.94971 0.26855 0.05566 0.05859
0 0.96191 0.23389 0.03906 0.03613
0 0.98291 0.22266 0.03223 0.03711
0 0.25244 0.01367 0.09277 0.02734
0 0.02148 0.71338 0.04297 0.05957
0 0.58984 0.98584 0.07031 0.02832
0 0.0249 0.53223 0.0498 0.07422
0 0.00684 0.84668 0.01367 0.04102
0 0.17139 0.95459 0.12012 0.09082
