0 0.18164 0.61084 0.08789 0.07715
0 0.1875 0.37451 0.17188 0.0791
0 0.35449 0.37451 0.14648 0.08496
0 0.39111 0.46973 0.16699 0.08984
0 0.46338 0.58252 0.13184 0.0752
0 0.09082 0.02979 0.04883 0.05957
0 0.12891 0.10791 0.11719 0.17676
0 0.25 0.10156 0.07812 0.16602
0 0.26709 0.04639 0.05371 0.07715
0 0.34229 0.08887 0.08105 0.12305
0 0.51074 0.05371 0.12695 0.0918
0 0.68945 0.12793 0.07031 0.0625
0 0.54443 0.30371 0.05371 0.10156
0 0.03613 0.94971 0.07227 0.0752
0 0.10986 0.89697 0.06543 0.12988
0 0.06396 0.72021 0.04785 0.05957
0 0.18115 0.96338 0.07324 0.07324
0 0.3501 0.94824 0.08691 0.10352
0 0.45703 0.875 0.07617 0.08984
0 0.60547 0.92432 0.07617 0.04785
0 0.5498 0.95752 0.13867 0.08496
0 0.41895 0.75684 0.125 0.09961
0 0.62988 0.56006 0.0625 0.14355
0 0.70264 0.50732 0.06934 0.19629
0 0.77393 0.41992 0.11035 0.18555
0 0.84863 0.32959 0.06836 0.07324
0 0.83008 0.24121 0.05664 0.04883
0 0.84424 0.18457 0.06152 0.05469
0 0.97949 0.38965 0.04102 0.07812
0 0.90625 0.45898 0.08008 0.09961
0 0.76172 0.07959 0.07617 0.0498
0 0.69189 0.02979 0.0752 0.05957
0 0.77832 0.6167 0.06445 0.14746
0 0.87305 0.60498 0.06055 0.05957
0 0.9585 0.71143 0.08301 0.06934
0 0.94385 0.79199 0.1123 0.125
0 0.87305 0.85889 0.08398 0.10449
0 0.84473 0.72461 0.08594 0.13672
0 0.78809 0.77539 0.05469 0.08984
