0 0.24072 0.93213 0.09082 0.09082
0 0.50049 0.18359 0.0459 0.08203
0 0.40283 0.05859 0.07129 0.08008
0 0.60889 0.48145 0.03613 0.05469
0 0.16406 0.36865 0.07422 0.08301
0 0.41895 0.83643 0.06641 0.06152
0 0.4917 0.42285 0.06738 0.07617
0 0.97852 0.06348 0.04297 0.05273
0 0.82959 0.21582 0.05762 0.06836
0 0.33252 0.21045 0.15137 0.08301
0 0.68164 0.36279 0.05859 0.06934
0 0.65625 0.43799 0.06055 0.06738
0 0.20215 0.02832 0.08008 0.05469
0 0.10107 0.89697 0.10059 0.04785
0 0.0708 0.68652 0.10254 0.06641
0 0.125 0.78955 0.16992 0.06738
0 0.57178 0.10449 0.07129 0.05469
0 0.91797 0.97461 0.08203 0.05078
0 0.3667 0.69824 0.07324 0.06445
0 0.55029 0.97803 0.06152 0.04395
0 0.28467 0.0542 0.11426 0.10645
0 0.67676 0.8623 0.06641 0.05859
0 0.70654 0.18799 0.13184 0.06543
0 0.32861 0.54492 0.08496 0.05078
0 0.96191 0.19238 0.05859 0.05469
0 0.99365 0.19531 0.0127 0.04492
0 0.12988 0.19385 0.06641 0.05371
0 0.09131 0.53027 0.05566 0.05664
0 0.98877 0.40234 0.02246 0.07617
0 0.88086 0.78125 0.06445 0.06055
0 0.78174 0.44189 0.15918 0.0459
0 0.30566 0.43799 0.07422 0.04785
0 0.26221 0.6167 0.09082 0.04199
0 0.95654 0.24707 0.05566 0.04883
0 0.04102 0.45557 0.08203 0.04395
0 0.01855 0.35107 0.03711 0.07715
0 0.30518 0.71387 0.06543 0.04102
0 0.93701 0.45068 0.04785 0.0752
0 0.44824 0.41846 0.05664 0.06152
0 0.31201 0.89502 0.08105 0.05762
0 0.59131 0.20361 0.06543 0.05566
0 0.37793 0.10986 0.06445 0.04395
0 0.33838 0.78271 0.06348 0.04004
0 0.19189 0.83398 0.05957 0.04102
0 0.19727 0.43945 0.07422 0.03516
0 0.40234 0.14844 0.07422 0.03125
0 0.30566 0.28809 0.07227 0.04297
0 0.95898 0.58252 0.07617 0.04004
0 0.82373 0.77441 0.07324 0.04297
0 0.60303 0.83203 0.04395 0.04297
0 0.2666 0.83154 0.05664 0.03418
0 0.03857 0.78564 0.07715 0.0459
0 0.43848 0.5249 0.04883 0.03613
0 0.55176 0.47168 0.03516 0.04688
0 0.98535 0.94531 0.0293 0.04492
0 0.23486 0.51465 0.07129 0.04102
0 0.68408 0.77344 0.07129 0.04102
0 0.75146 0.4834 0.0498 0.06055
0 0.59229 0.48975 0.04785 0.10449
0 0.86719 0.49512 0.07812 0.04492
0 0.52051 0.58301 0.05273 0.03711
0 0.56104 0.50586 0.04395 0.04688
0 0.37939 0.50293 0.06152 0.03516
0 0.4834 0.54834 0.05469 0.03809
0 0.04297 0.56104 0.05469 0.06152
0 0.7876 0.91699 0.0498 0.04492
0 0.25195 0.89062 0.06055 0.04102
0 0.1582 0.46191 0.08203 0.04688
0 0.30078 0.51172 0.05859 0.04297
0 0.55664 0.16943 0.05664 0.02832
0 0.75879 0.94775 0.12305 0.04004
0 0.87939 0.82666 0.05371 0.05176
0 0.84131 0.82861 0.06543 0.05566
0 0.96973 0.11426 0.06055 0.04297
0 0.34326 0.57227 0.04199 0.02148
