0 0.76807 0.17725 0.07129 0.05762
0 0.9624 0.05322 0.0752 0.0752
0 0.69141 0.13916 0.07031 0.07715
0 0.77246 0.32227 0.0957 0.04883
0 0.57959 0.17969 0.06348 0.04492
0 0.21582 0.00928 0.06445 0.01855
0 0.20166 0.13477 0.08496 0.0918
0 0.27393 0.25684 0.09277 0.06836
0 0.41895 0.34131 0.14453 0.06934
0 0.55225 0.41016 0.09668 0.0625
0 0.34961 0.4248 0.06445 0.05664
0 0.12744 0.396 0.05566 0.0498
0 0.04785 0.37451 0.0957 0.05371
0 0.14941 0.87549 0.08008 0.08301
0 0.26123 0.65088 0.0752 0.05566
0 0.63525 0.79639 0.14746 0.11035
0 0.70557 0.80957 0.07324 0.05078
0 0.77832 0.85498 0.06055 0.11426
0 0.84473 0.87695 0.07812 0.05078
0 0.39551 0.86719 0.06445 0.0625
0 0.32617 0.83252 0.0625 0.07324
0 0.39209 0.76562 0.05762 0.06641
0 0.45117 0.71826 0.07227 0.06738
0 0.84131 0.73145 0.08691 0.05859
0 0.75928 0.50977 0.06543 0.05273
0 0.98193 0.57959 0.03613 0.04785
0 0.28857 0.78906 0.10645 0.08594
0 0.52637 0.83154 0.06445 0.06738
0 0.25586 0.70947 0.05664 0.05957
0 0.85938 0.81543 0.11133 0.06445
0 0.94531 0.80176 0.10938 0.05273
0 0.5 0.80225 0.0625 0.05176
0 0.03613 0.04248 0.07227 0.08496
0 0.2915 0.03711 0.05176 0.05859
0 0.33301 0.02441 0.08398 0.04883
0 0.4209 0.04785 0.05078 0.04883
0 0.4585 0.08984 0.0791 0.06055
0 0.52783 0.04834 0.11035 0.05566
0 0.56738 0.10107 0.09375 0.03809
0 0.6416 0.01807 0.07422 0.03418
0 0.70703 0.02979 0.05859 0.0459
0 0.64893 0.08594 0.09082 0.0293
0 0.86182 0.06934 0.08887 0.03906
0 0.05811 0.21582 0.08301 0.04883
0 0.15332 0.24609 0.09961 0.05273
0 0.60645 0.20947 0.08594 0.06152
0 0.63086 0.28809 0.125 0.06445
0 0.87451 0.28369 0.14746 0.08496
0 0.75781 0.37744 0.12695 0.07129
0 0.12549 0.28564 0.06934 0.05566
0 0.28906 0.44922 0.05664 0.05859
0 0.34717 0.48535 0.11426 0.07617
0 0.16553 0.44531 0.07715 0.06055
0 0.65332 0.46533 0.13086 0.06348
0 0.1499 0.48975 0.05762 0.0459
0 0.21826 0.53564 0.0791 0.09863
0 0.2417 0.56934 0.0498 0.05273
0 0.63721 0.54248 0.05566 0.07715
0 0.82324 0.53857 0.07031 0.06348
0 0.90381 0.54736 0.08691 0.05762
0 0.98975 0.44775 0.02051 0.04004
0 0.96875 0.63965 0.0625 0.07422
0 0.82129 0.6001 0.0957 0.05176
0 0.39941 0.64746 0.05664 0.06641
0 0.47314 0.58887 0.11035 0.07617
0 0.91699 0.1875 0.13672 0.0625
0 0.98682 0.14795 0.02637 0.07129
0 0.96924 0.25684 0.06152 0.04883
0 0.63281 0.63623 0.04883 0.04004
0 0.7041 0.63428 0.08203 0.05762
0 0.90039 0.66553 0.0918 0.06738
0 0.79834 0.69092 0.0752 0.0498
0 0.76709 0.73535 0.0791 0.04688
0 0.6543 0.7002 0.0625 0.05859
0 0.64404 0.76904 0.09277 0.03418
0 0.66016 0.87744 0.10156 0.08301
0 0.30957 0.9248 0.08789 0.04492
0 0.44336 0.94824 0.1582 0.08398
0 0.33105 0.97803 0.06055 0.04395
0 0.5293 0.8999 0.08203 0.05176
0 0.60986 0.89404 0.10059 0.0498
0 0.6001 0.97412 0.05176 0.05176
0 0.64307 0.98389 0.04395 0.03223
0 0.72461 0.90381 0.03516 0.04004
0 0.71631 0.94873 0.04785 0.07129
0 0.78369 0.97168 0.08301 0.05664
0 0.95752 0.76465 0.04395 0.0332
