0 0.92676 0.13672 0.07227 0.10547
0 0.67773 0.09131 0.09375 0.08691
0 0.60107 0.05762 0.10059 0.11523
0 0.90625 0.44873 0.13086 0.08691
0 0.78857 0.4502 0.07715 0.08398
0 0.68213 0.22949 0.16309 0.08008
0 0.78955 0.27051 0.15527 0.07617
0 0.56689 0.15771 0.10254 0.06934
0 0.37451 0.26953 0.09473 0.06836
0 0.22949 0.44189 0.1582 0.18652
0 0.25293 0.67725 0.10938 0.08105
0 0.04688 0.28809 0.09375 0.10156
0 0.17432 0.1543 0.09082 0.16211
0 0.23242 0.06055 0.06641 0.12109
0 0.83838 0.56445 0.09277 0.13281
0 0.87012 0.72705 0.08789 0.09277
0 0.9834 0.91357 0.0332 0.09668
0 0.88184 0.87793 0.07422 0.07812
0 0.93994 0.9502 0.06934 0.04883
0 0.56055 0.90674 0.07422 0.08301
0 0.61377 0.87598 0.0498 0.05078
0 0.33398 0.96387 0.10938 0.07227
0 0.1875 0.95312 0.07617 0.06641
