0 0.86719 0.32031 0.13867 0.08594
0 0.84766 0.35547 0.05078 0.04102
0 0.74365 0.32227 0.05566 0.05078
0 0.68555 0.25391 0.08594 0.05469
0 0.66211 0.21289 0.04688 0.03516
0 0.62598 0.19482 0.05469 0.05957
0 0.5835 0.20264 0.05762 0.06934
0 0.62744 0.27441 0.07129 0.06836
0 0.73828 0.11523 0.03711 0.07227
0 0.87549 0.17773 0.0791 0.0957
0 0.89209 0.13965 0.08496 0.0918
0 0.95264 0.08594 0.06934 0.09961
0 0.96533 0.22266 0.04395 0.05078
0 0.44482 0.2251 0.07324 0.09863
0 0.4043 0.27002 0.05078 0.08105
0 0.36182 0.22852 0.06152 0.0625
0 0.32666 0.14014 0.06348 0.09863
0 0.26904 0.10742 0.0791 0.05469
0 0.24512 0.04199 0.05078 0.06055
0 0.38379 0.0166 0.05469 0.0332
0 0.13477 0.07227 0.12305 0.13281
0 0.20459 0.18408 0.1377 0.06348
0 0.13232 0.19189 0.14941 0.1123
0 0.28711 0.27148 0.10547 0.07031
0 0.3877 0.39062 0.08789 0.05664
0 0.08008 0.2876 0.16016 0.07324
0 0.21289 0.48486 0.05273 0.08105
0 0.06592 0.45361 0.10254 0.08301
0 0.06738 0.52246 0.11133 0.0918
0 0.22461 0.62354 0.0918 0.05957
0 0.30371 0.59668 0.12109 0.06055
0 0.33545 0.54785 0.06738 0.07617
0 0.40039 0.56201 0.07812 0.0498
0 0.39648 0.51758 0.0625 0.04297
0 0.52197 0.56689 0.11816 0.07129
0 0.56689 0.50439 0.05957 0.05371
0 0.48486 0.521 0.0752 0.0498
0 0.71289 0.56299 0.05469 0.06934
0 0.76025 0.55078 0.06152 0.08008
0 0.8584 0.58301 0.0625 0.08789
0 0.77148 0.60742 0.08203 0.06055
0 0.73242 0.62207 0.05469 0.05664
0 0.21143 0.74463 0.10059 0.05762
0 0.10986 0.71289 0.08105 0.04688
0 0.05762 0.75977 0.03711 0.04102
0 0.0293 0.6543 0.05859 0.05273
0 0.06055 0.64697 0.07031 0.04785
0 0.04297 0.58984 0.08594 0.04688
0 0.14307 0.92627 0.05371 0.09473
0 0.479 0.81689 0.08301 0.03809
0 0.52393 0.83496 0.05371 0.05664
0 0.36768 0.81299 0.08301 0.04785
0 0.38037 0.71875 0.04004 0.03711
0 0.2832 0.69287 0.12109 0.06543
0 0.32227 0.66504 0.0625 0.0332
0 0.37402 0.6792 0.06055 0.04395
0 0.42432 0.65381 0.08496 0.06543
0 0.53125 0.66748 0.04688 0.04395
0 0.60352 0.67236 0.04883 0.0459
0 0.62891 0.75342 0.07617 0.05176
0 0.50049 0.71582 0.05566 0.04688
0 0.81152 0.6958 0.0625 0.05566
0 0.88965 0.71631 0.07422 0.05566
0 0.86572 0.74756 0.08496 0.0459
0 0.89209 0.78271 0.1123 0.04004
0 0.75342 0.81982 0.07715 0.05762
0 0.73145 0.92627 0.05273 0.05957
0 0.66113 0.98291 0.0625 0.03418
0 0.84424 0.86035 0.04785 0.05859
0 0.79346 0.87891 0.06152 0.08008
0 0.8667 0.9624 0.04785 0.05762
0 0.90234 0.96973 0.03906 0.05859
0 0.85205 0.9126 0.05371 0.0498
0 0.91016 0.87695 0.05469 0.0625
0 0.97803 0.93311 0.04395 0.04785
0 0.97754 0.80762 0.04492 0.0625
0 0.11279 0.39307 0.06934 0.05176
0 0.45264 0.7334 0.03418 0.02734
0 0.6499 0.77979 0.03613 0.03418
0 0.57324 0.70361 0.05273 0.03418
0 0.44531 0.41602 0.04102 0.02539
0 0.94775 0.57129 0.04199 0.07617
0 0.97363 0.59912 0.05273 0.05371
0 0.80762 0.98682 0.07812 0.02637
0 0.3125 0.5625 0.04492 0.05859
0 0.42383 0.70361 0.04688 0.03027
0 0.90674 0.81494 0.0459 0.05176
0 0.90137 0.69141 0.04297 0.03906
0 0.57812 0.26172 0.07617 0.09375
0 0.44971 0.31738 0.02637 0.02734
0 0.7085 0.29883 0.05176 0.05859
0 0.44482 0.52197 0.04395 0.05371
0 0.66162 0.26074 0.0459 0.03906
0 0.12158 0.70264 0.06738 0.03027
0 0.8125 0.8877 0.05859 0.03711
