0 0.0249 0.93506 0.0498 0.07715
0 0.23584 0.95508 0.07715 0.08203
0 0.11035 0.7749 0.15039 0.10645
0 0.9707 0.96436 0.05859 0.07129
0 0.62646 0.88477 0.07715 0.06055
0 0.76562 0.93701 0.16992 0.07715
0 0.61377 0.65234 0.06543 0.08594
0 0.50195 0.66943 0.10547 0.10059
0 0.38037 0.5166 0.10254 0.08203
0 0.01465 0.5127 0.0293 0.11914
0 0.47266 0.26074 0.11914 0.08203
0 0.52197 0.14941 0.12402 0.06836
0 0.22266 0.05225 0.24414 0.07129
0 0.08691 0.1167 0.17383 0.05176
0 0.01465 0.02734 0.0293 0.05469
0 0.73193 0.24512 0.08301 0.06641
0 0.87744 0.15186 0.09863 0.07715
0 0.84033 0.64795 0.09473 0.09473
0 0.76758 0.59131 0.08008 0.08301
0 0.75049 0.75488 0.11621 0.07422
0 0.75879 0.70605 0.07422 0.04297
0 0.96338 0.85596 0.07324 0.11816
0 0.95605 0.03369 0.07227 0.06738
0 0.70361 0.48145 0.10645 0.08398
0 0.98389 0.15625 0.03223 0.10938
0 0.54834 0.79297 0.10059 0.07812
0 0.71143 0.49609 0.13965 0.11523
0 0.31299 0.18555 0.15723 0.10742
