0 0.9209 0.65771 0.05859 0.08691
0 0.44043 0.45068 0.07031 0.08691
0 0.84033 0.6958 0.06543 0.09082
0 0.82812 0.27148 0.06055 0.08984
0 0.93359 0.10303 0.06055 0.08105
0 0.59277 0.6709 0.05273 0.08984
0 0.72656 0.49902 0.04688 0.08398
0 0.66895 0.11914 0.12305 0.05469
0 0.2627 0.96094 0.06055 0.07227
0 0.46582 0.65576 0.06836 0.09082
0 0.2832 0.14502 0.05859 0.08301
0 0.23291 0.14355 0.04785 0.08594
0 0.25098 0.29346 0.0625 0.08691
0 0.36816 0.53564 0.06836 0.1123
0 0.15625 0.16797 0.07031 0.10547
0 0.04395 0.45166 0.08789 0.09082
0 0.50781 0.87695 0.07617 0.08008
0 0.79004 0.2749 0.05078 0.08691
0 0.75537 0.20215 0.04785 0.08594
0 0.96338 0.84375 0.06738 0.07617
0 0.03369 0.35889 0.06738 0.1084
0 0.73682 0.28516 0.0752 0.10938
0 0.28271 0.60303 0.06738 0.0752
0 0.1958 0.06836 0.05566 0.08984
0 0.41357 0.21729 0.04199 0.0791
0 0.02637 0.12109 0.05273 0.08398
0 0.65283 0.68652 0.0459 0.0918
0 0.43115 0.80664 0.06348 0.07812
0 0.46875 0.6084 0.06641 0.08398
0 0.70508 0.37988 0.04492 0.08398
0 0.94141 0.02686 0.02734 0.05371
0 0.45215 0.90088 0.06055 0.06934
0 0.21387 0.2915 0.07227 0.06738
0 0.69873 0.58643 0.07324 0.07715
0 0.11377 0.57227 0.07324 0.06445
0 0.92383 0.25195 0.0332 0.08984
0 0.07568 0.58008 0.06152 0.07812
0 0.84668 0.81201 0.04688 0.05762
0 0.5415 0.21533 0.05371 0.0752
0 0.24805 0.23877 0.06055 0.09277
0 0.36963 0.06787 0.0459 0.06348
0 0.91211 0.59717 0.04297 0.09082
0 0.52637 0.43604 0.04297 0.06738
0 0.55859 0.68945 0.05859 0.07617
0 0.81445 0.03418 0.0332 0.06836
0 0.80713 0.19727 0.06934 0.03906
0 0.57471 0.58057 0.0498 0.06152
0 0.25049 0.59961 0.06152 0.06836
0 0.75146 0.83838 0.05371 0.05371
0 0.02295 0.55762 0.0459 0.06055
0 0.25 0.68018 0.05078 0.07324
0 0.56445 0.75146 0.0332 0.09082
0 0.05127 0.73486 0.04785 0.04395
0 0.42383 0.71973 0.06445 0.0293
0 0.98096 0.04346 0.03809 0.04785
0 0.19873 0.68262 0.08105 0.05664
0 0.72363 0.98242 0.04297 0.03516
0 0.15869 0.66406 0.06934 0.07617
0 0.42041 0.15723 0.10449 0.13281
0 0.47705 0.02539 0.06348 0.05078
0 0.01758 0.17041 0.0332 0.07324
0 0.9043 0.54248 0.05273 0.04785
0 0.75586 0.67285 0.05859 0.07617
0 0.79785 0.62549 0.06641 0.10059
0 0.81006 0.58838 0.05762 0.06934
0 0.76123 0.63721 0.04785 0.08105
0 0.62402 0.21387 0.08594 0.12109
