0 0.24072 0.34131 0.05566 0.0791
0 0.04053 0.60742 0.08105 0.06641
0 0.03125 0.11719 0.0625 0.05469
0 0.34863 0.73682 0.10938 0.04785
0 0.97559 0.38428 0.03711 0.08105
0 0.39746 0.93652 0.08594 0.07227
0 0.1167 0.12744 0.10645 0.09277
0 0.95654 0.71387 0.05566 0.10938
0 0.21045 0.74854 0.12402 0.05957
0 0.07227 0.57715 0.09961 0.06641
0 0.15723 0.03955 0.08008 0.06152
0 0.02783 0.75439 0.05566 0.03418
0 0.70801 0.88672 0.08398 0.08594
0 0.42822 0.68115 0.09668 0.06934
0 0.8667 0.33252 0.05762 0.1709
0 0.89453 0.44287 0.05469 0.05762
0 0.43359 0.27832 0.04883 0.08594
0 0.83057 0.77051 0.06152 0.05859
0 0.65137 0.50635 0.07422 0.02637
0 0.21387 0.16162 0.05469 0.0498
0 0.33936 0.47803 0.07715 0.05566
0 0.38037 0.5918 0.04004 0.09766
0 0.84424 0.97168 0.0791 0.04492
0 0.25488 0.69385 0.06836 0.07324
0 0.0957 0.67578 0.13281 0.0293
0 0.55615 0.97607 0.06738 0.04199
0 0.03711 0.28369 0.07422 0.0459
0 0.02246 0.04834 0.04492 0.05176
0 0.87598 0.77002 0.03906 0.0752
0 0.11572 0.42236 0.13379 0.09082
0 0.77051 0.82031 0.07617 0.05469
0 0.50098 0.41895 0.05664 0.04883
0 0.03027 0.79248 0.06055 0.05762
0 0.33691 0.51367 0.07422 0.03906
0 0.04199 0.45557 0.08398 0.03809
0 0.3584 0.59912 0.17383 0.05176
0 0.41602 0.41797 0.07617 0.05078
0 0.01562 0.38281 0.03125 0.0332
0 0.2915 0.07617 0.07324 0.04883
0 0.44189 0.45752 0.06934 0.0459
0 0.40283 0.33154 0.13574 0.05566
0 0.64893 0.58594 0.08691 0.06641
0 0.06055 0.92285 0.12109 0.02734
0 0.93555 0.56396 0.05273 0.07324
0 0.76221 0.15137 0.03809 0.05859
0 0.31689 0.2417 0.08496 0.03613
0 0.21826 0.88965 0.06348 0.06055
0 0.53369 0.8042 0.0498 0.05762
0 0.77344 0.5957 0.08203 0.03516
0 0.55957 0.76465 0.08008 0.03125
0 0.04004 0.01611 0.06836 0.03027
0 0.24512 0.979 0.04297 0.03809
0 0.7627 0.32227 0.04102 0.11523
0 0.46533 0.87305 0.16113 0.05469
0 0.12012 0.57129 0.04688 0.02148
0 0.55469 0.54834 0.04102 0.06738
0 0.4248 0.09082 0.07031 0.0332
0 0.41553 0.98193 0.09082 0.03223
0 0.36328 0.17139 0.06641 0.0459
0 0.27295 0.85791 0.07129 0.04004
0 0.24219 0.43555 0.11133 0.05469
0 0.94971 0.01074 0.04395 0.01953
0 0.83755 0.58276 0.09775 0.05537
0 0.06592 0.85059 0.07324 0.0332
0 0.98486 0.82812 0.03027 0.04883
0 0.37354 0.84473 0.12207 0.07031
0 0.32715 0.96631 0.10742 0.06738
0 0.70947 0.83301 0.06934 0.03906
0 0.48975 0.66113 0.08496 0.03711
0 0.0542 0.98145 0.1084 0.03711
0 0.91064 0.05859 0.07129 0.04688
0 0.97803 0.27832 0.04395 0.07422
