0 0.57178 0.28223 0.05176 0.08398
0 0.37549 0.38574 0.07324 0.08008
0 0.27197 0.30615 0.07129 0.11035
0 0.01758 0.70215 0.03516 0.11133
0 0.65332 0.37939 0.06836 0.08105
0 0.37939 0.75391 0.05957 0.07812
0 0.02793 0.5792 0.05586 0.08203
0 0.9751 0.24512 0.0498 0.12305
0 0.0127 0.33496 0.02539 0.07812
0 0.69873 0.771 0.06152 0.09668
0 0.26318 0.7666 0.0791 0.07617
0 0.86084 0.2417 0.04785 0.0791
0 0.49023 0.3042 0.09766 0.0752
0 0.42432 0.20996 0.08496 0.16406
0 0.82959 0.84863 0.05957 0.04688
0 0.47217 0.62207 0.0498 0.0918
0 0.95703 0.32568 0.04883 0.07715
0 0.81299 0.12061 0.03223 0.09082
0 0.75342 0.33936 0.05176 0.07715
0 0.64111 0.65137 0.05176 0.08008
0 0.48145 0.87305 0.07422 0.03906
0 0.45801 0.46191 0.06836 0.07031
0 0.9585 0.61035 0.03223 0.06836
0 0.79443 0.81201 0.04395 0.08105
0 0.19189 0.64844 0.07715 0.03711
0 0.62305 0.40576 0.0293 0.05957
0 0.19189 0.3916 0.04395 0.06836
0 0.59326 0.45557 0.06934 0.03418
0 0.60986 0.67383 0.06934 0.04883
0 0.97559 0.39355 0.04688 0.05859
0 0.2168 0.49023 0.05859 0.04883
0 0.28564 0.65479 0.06738 0.0752
0 0.21045 0.28125 0.05957 0.07031
0 0.06689 0.47559 0.05762 0.04492
0 0.58057 0.82959 0.1123 0.07715
0 0.29736 0.48145 0.05957 0.0332
0 0.2207 0.37158 0.04883 0.03613
0 0.27686 0.03418 0.05957 0.05664
0 0.33252 0.32324 0.04395 0.06445
0 0.45312 0.56641 0.06641 0.08008
0 0.93848 0.87256 0.0293 0.04004
0 0.45215 0.14746 0.04688 0.05273
0 0.6665 0.29736 0.04004 0.04395
0 0.84375 0.32227 0.0625 0.07031
0 0.979 0.49023 0.04199 0.03711
0 0.5 0.42969 0.0918 0.03516
0 0.68066 0.86084 0.02344 0.06348
0 0.24463 0.4248 0.05371 0.05078
0 0.85156 0.46191 0.03516 0.04883
0 0.5752 0.7627 0.05859 0.05859
0 0.88232 0.80371 0.08105 0.06445
0 0.74268 0.05273 0.05176 0.05469
0 0.93018 0.08643 0.0459 0.04785
0 0.7373 0.80273 0.0332 0.07422
0 0.64941 0.84033 0.04492 0.04004
0 0.68652 0.55078 0.05273 0.03711
0 0.92383 0.48486 0.0293 0.04785
0 0.78711 0.42773 0.0332 0.04102
0 0.09766 0.20264 0.03906 0.0459
0 0.04199 0.14893 0.08398 0.04199
0 0.87207 0.88623 0.05273 0.04395
0 0.27441 0.14893 0.04883 0.05371
0 0.4917 0.39404 0.05957 0.05176
0 0.09668 0.9707 0.07422 0.05859
0 0.16699 0.92822 0.08398 0.06348
0 0.18604 0.97656 0.06152 0.04297
0 0.27051 0.98145 0.07227 0.03711
0 0.35303 0.97754 0.05762 0.04492
0 0.44824 0.97607 0.11133 0.04785
0 0.6709 0.97021 0.06445 0.05957
0 0.70947 0.98096 0.06348 0.03809
0 0.93896 0.98438 0.06348 0.03125
