0 0.87988 0.42236 0.16016 0.08496
0 0.58203 0.31201 0.08594 0.06543
0 0.6958 0.50342 0.08301 0.07715
0 0.07178 0.01123 0.08496 0.02246
0 0.05078 0.04688 0.0918 0.06445
0 0.41064 0.11084 0.06738 0.05762
0 0.01953 0.64844 0.03906 0.08789
0 0.0957 0.15967 0.08789 0.06934
0 0.93945 0.28418 0.09961 0.08008
0 0.04346 0.73975 0.08691 0.09473
0 0.33936 0.88184 0.0752 0.06445
0 0.27783 0.16309 0.10254 0.07227
0 0.35205 0.48535 0.0791 0.0625
0 0.56445 0.07031 0.12305 0.07812
0 0.33203 0.39746 0.08984 0.08008
0 0.60449 0.44189 0.09961 0.0752
0 0.17188 0.9458 0.11523 0.08691
0 0.28662 0.04932 0.08496 0.05957
0 0.13867 0.71826 0.09766 0.10254
0 0.81934 0.71729 0.14453 0.08496
0 0.38916 0.5332 0.12012 0.07812
0 0.29785 0.71973 0.10742 0.07031
0 0.96729 0.62207 0.06543 0.06445
0 0.34082 0.66455 0.08789 0.0459
0 0.31592 0.61328 0.08691 0.05664
