0 0.37109 0.00977 0.07227 0.01953
0 0.45215 0.021 0.06836 0.04199
0 0.48584 0.08887 0.06738 0.10352
0 0.56396 0.17041 0.11426 0.11426
0 0.51172 0.16797 0.05078 0.05469
0 0.74365 0.2207 0.08887 0.0625
0 0.4375 0.19922 0.08008 0.07617
0 0.17383 0.04102 0.11914 0.08203
0 0.05615 0.0752 0.09277 0.15039
0 0.09033 0.18994 0.12598 0.08105
0 0.06104 0.26758 0.06738 0.08008
0 0.05713 0.33789 0.07715 0.06836
0 0.14453 0.30225 0.05469 0.06738
0 0.21973 0.34961 0.125 0.07422
0 0.34766 0.24609 0.09766 0.0918
0 0.43018 0.31787 0.0752 0.07715
0 0.33447 0.32178 0.05957 0.08691
0 0.25 0.20996 0.05664 0.04883
0 0.03125 0.93896 0.0625 0.08301
0 0.09375 0.43652 0.16602 0.04492
0 0.25977 0.44238 0.09766 0.10742
0 0.04932 0.51221 0.09863 0.06934
0 0.06543 0.56836 0.09375 0.11523
0 0.2959 0.60107 0.19141 0.10449
0 0.25879 0.61768 0.06641 0.1416
0 0.13965 0.75293 0.12305 0.19141
0 0.08887 0.96045 0.07227 0.07324
0 0.14062 0.88184 0.07812 0.10156
0 0.33887 0.8916 0.06836 0.05664
0 0.29785 0.97998 0.08594 0.04004
0 0.42236 0.97754 0.05957 0.04492
0 0.63477 0.96875 0.05664 0.0625
0 0.72461 0.79541 0.07812 0.18262
0 0.93408 0.96436 0.12207 0.06934
0 0.92578 0.76465 0.14844 0.24219
0 0.95703 0.74219 0.08594 0.07031
0 0.52539 0.52783 0.09766 0.14941
0 0.59229 0.55176 0.06543 0.11328
0 0.65771 0.54932 0.06934 0.15723
0 0.68848 0.6665 0.07031 0.07715
0 0.75488 0.4917 0.0625 0.10059
0 0.69385 0.48975 0.07324 0.15527
0 0.49805 0.4209 0.06055 0.08398
0 0.9541 0.29297 0.08008 0.08203
0 0.85547 0.37451 0.16602 0.10059
0 0.89014 0.37939 0.05371 0.0459
0 0.9624 0.38818 0.0752 0.07324
0 0.94531 0.50293 0.08984 0.16797
0 0.85156 0.44727 0.11133 0.08594
0 0.91504 0.18994 0.08789 0.06348
0 0.93066 0.13086 0.13867 0.07227
0 0.77783 0.02881 0.08691 0.05762
0 0.89307 0.69531 0.08301 0.17969
0 0.8584 0.14844 0.19727 0.11719
0 0.18115 0.86035 0.1123 0.07617
0 0.71875 0.98145 0.07031 0.03711
