0 0.04395 0.09375 0.08789 0.09961
0 0.49072 0.0415 0.16309 0.06934
0 0.38525 0.03174 0.0752 0.06348
0 0.4165 0.11377 0.09277 0.08691
0 0.28125 0.06885 0.08984 0.1377
0 0.396 0.2373 0.16504 0.08984
0 0.51758 0.18213 0.08203 0.07324
0 0.69287 0.23193 0.0791 0.09668
0 0.67285 0.37158 0.11914 0.08301
0 0.56299 0.45605 0.07715 0.12109
0 0.41113 0.41504 0.13867 0.0957
0 0.36475 0.48975 0.06934 0.09277
0 0.22852 0.32861 0.07227 0.14551
0 0.06689 0.31689 0.12988 0.08105
0 0.08789 0.23389 0.12695 0.10059
0 0.01514 0.42822 0.03027 0.09277
0 0.14551 0.51611 0.12695 0.10254
0 0.01807 0.50146 0.03613 0.07715
0 0.25977 0.44678 0.10156 0.09082
0 0.24072 0.68701 0.1748 0.09863
0 0.22168 0.88232 0.16797 0.17285
0 0.30566 0.96338 0.09766 0.07324
0 0.55127 0.66309 0.08105 0.11523
0 0.76025 0.63525 0.0791 0.13965
0 0.66748 0.51074 0.05957 0.0957
0 0.01123 0.83398 0.02246 0.11914
0 0.94678 0.91602 0.10645 0.10938
0 0.95654 0.71582 0.08691 0.12109
0 0.98047 0.60156 0.03906 0.10742
0 0.9585 0.15039 0.08301 0.11719
0 0.83008 0.16943 0.07617 0.10254
0 0.93848 0.28955 0.12305 0.08496
0 0.85352 0.31494 0.11523 0.08887
0 0.15869 0.40088 0.06738 0.0791
0 0.20361 0.2041 0.10059 0.08984
