0 0.64209 0.12549 0.06934 0.10449
0 0.27979 0.03564 0.06543 0.07129
0 0.87354 0.2749 0.0752 0.11035
0 0.26221 0.56934 0.07129 0.10742
0 0.75391 0.28418 0.04492 0.08203
0 0.98584 0.47412 0.02832 0.07715
0 0.66211 0.87012 0.09375 0.07422
0 0.67236 0.27295 0.09863 0.06738
0 0.55127 0.70996 0.09473 0.06641
0 0.41602 0.55811 0.11328 0.06934
0 0.29248 0.53467 0.10645 0.05762
0 0.57812 0.84375 0.11523 0.10156
0 0.87012 0.86914 0.09375 0.05078
0 0.06836 0.79688 0.12891 0.08984
0 0.9834 0.60742 0.03125 0.04492
0 0.9126 0.52686 0.11426 0.0791
0 0.03516 0.33594 0.07031 0.06836
0 0.97021 0.79883 0.05957 0.04883
0 0.7666 0.41895 0.08398 0.08398
0 0.90771 0.59375 0.05566 0.06836
0 0.29688 0.8291 0.10352 0.05078
0 0.5459 0.13086 0.0957 0.08594
0 0.60303 0.55029 0.07324 0.0459
0 0.11084 0.62793 0.13379 0.05273
0 0.9082 0.80371 0.06445 0.03711
0 0.4585 0.21094 0.06152 0.05469
0 0.32129 0.87012 0.07031 0.05859
0 0.06543 0.74951 0.0625 0.06738
0 0.59766 0.33447 0.12695 0.03613
0 0.36719 0.83252 0.10938 0.05176
0 0.91016 0.28516 0.04492 0.0625
0 0.8252 0.62842 0.05078 0.03027
0 0.43701 0.875 0.09277 0.0332
0 0.0752 0.09961 0.13867 0.03711
0 0.70898 0.95996 0.13867 0.04688
0 0.71484 0.02686 0.08984 0.05176
0 0.77783 0.80664 0.07715 0.03906
0 0.78125 0.55469 0.07617 0.04883
0 0.19092 0.5332 0.09277 0.05469
0 0.55957 0.60596 0.08594 0.02637
0 0.41895 0.2124 0.08984 0.0498
0 0.78711 0.92871 0.07227 0.0293
0 0.16797 0.30713 0.0918 0.04395
0 0.12158 0.26172 0.19238 0.04297
0 0.84375 0.5332 0.05859 0.0293
0 0.85352 0.70459 0.0625 0.02637
0 0.02832 0.29736 0.05664 0.05762
0 0.08203 0.16943 0.16406 0.09863
0 0.76318 0.11035 0.15527 0.04297
0 0.84033 0.6665 0.15527 0.03418
0 0.21875 0.04492 0.07812 0.06055
0 0.77832 0.37842 0.08594 0.05371
0 0.40088 0.01367 0.06152 0.02734
0 0.08643 0.88623 0.05566 0.02637
0 0.18994 0.66211 0.10059 0.0332
0 0.58545 0.88965 0.06543 0.02539
0 0.83301 0.13867 0.05859 0.03906
0 0.4502 0.67822 0.125 0.04004
0 0.76904 0.86816 0.07715 0.0332
0 0.04248 0.17627 0.08496 0.07715
0 0.23145 0.28076 0.11523 0.0459
0 0.84619 0.41748 0.06348 0.04395
0 0.33057 0.68506 0.10254 0.01855
0 0.27637 0.63623 0.06055 0.02051
0 0.8374 0.04541 0.13184 0.05176
0 0.7124 0.18652 0.06543 0.05859
0 0.18262 0.91113 0.07031 0.04297
0 0.63281 0.74219 0.06836 0.07812
0 0.22803 0.02637 0.06543 0.05078
0 0.41602 0.3374 0.11328 0.03613
0 0.47168 0.36328 0.10352 0.0293
0 0.93408 0.63965 0.04785 0.0293
0 0.78174 0.01172 0.11035 0.02148
0 0.39258 0.90723 0.08789 0.0332
0 0.10498 0.23193 0.08105 0.03223
0 0.33008 0.66797 0.08008 0.03516
0 0.62207 0.53857 0.07812 0.05176
0 0.49023 0.32812 0.0957 0.04492
0 0.4292 0.29443 0.11035 0.06152
0 0.92627 0.1001 0.08887 0.07715
