0 0.9248 0.35742 0.11523 0.08008
0 0.92383 0.03613 0.09961 0.07227
0 0.77197 0.74463 0.11035 0.14941
0 0.41455 0.42334 0.11426 0.12207
0 0.48535 0.82227 0.11719 0.12109
0 0.30811 0.47705 0.12793 0.13574
0 0.8877 0.43848 0.11133 0.09766
0 0.15674 0.31152 0.12988 0.08008
0 0.77686 0.5166 0.10645 0.10156
0 0.19189 0.66992 0.09473 0.08008
0 0.93311 0.85449 0.09277 0.14453
0 0.17041 0.4082 0.15723 0.09766
0 0.31592 0.67822 0.08691 0.09668
0 0.17334 0.11719 0.08301 0.0957
0 0.29688 0.82812 0.09961 0.16797
0 0.37451 0.88574 0.09473 0.09766
0 0.35742 0.97217 0.08984 0.05566
0 0.76221 0.34326 0.0498 0.08301
