0 0.47266 0.99023 0.06836 0.01953
0 0.33057 0.98145 0.05762 0.03711
0 0.04199 0.9624 0.07617 0.0752
0 0.18506 0.94189 0.0791 0.08105
0 0.25635 0.85791 0.0791 0.07129
0 0.19287 0.78613 0.09473 0.09961
0 0.01709 0.70508 0.03418 0.07617
0 0.71826 0.90527 0.0752 0.0918
0 0.72852 0.80713 0.10352 0.06543
0 0.83789 0.93506 0.0918 0.06738
0 0.52051 0.78613 0.11133 0.06445
0 0.40283 0.66602 0.06543 0.05273
0 0.26221 0.67432 0.07129 0.06934
0 0.15918 0.58447 0.08398 0.08496
0 0.83984 0.69678 0.08398 0.08691
0 0.79102 0.56689 0.10547 0.08496
0 0.6416 0.50439 0.13867 0.15527
0 0.63135 0.63428 0.05176 0.08105
0 0.49658 0.479 0.06738 0.06738
0 0.37451 0.50049 0.07715 0.10645
0 0.2207 0.41797 0.08008 0.13281
0 0.10059 0.49365 0.05664 0.06934
0 0.46289 0.40234 0.05859 0.09766
0 0.94531 0.71973 0.10352 0.15234
0 0.90967 0.82373 0.06543 0.08301
0 0.7832 0.21094 0.10156 0.11133
0 0.82471 0.08496 0.06934 0.05273
0 0.61084 0.20068 0.07715 0.07129
0 0.51807 0.10986 0.06348 0.06738
0 0.30713 0.10254 0.07715 0.05273
0 0.28125 0.16064 0.07227 0.07715
0 0.26416 0.25049 0.05176 0.09082
0 0.05078 0.18701 0.10156 0.10254
0 0.12256 0.05518 0.06543 0.06152
0 0.35889 0.21191 0.0498 0.0625
0 0.7793 0.63721 0.04102 0.10645
0 0.2915 0.09521 0.16309 0.06934
