0 0.96924 0.05371 0.06152 0.05273
0 0.17676 0.31641 0.13281 0.04688
0 0.28125 0.06885 0.10742 0.06738
0 0.33936 0.12012 0.0459 0.03125
0 0.40527 0.44482 0.12305 0.05371
0 0.52539 0.2915 0.05664 0.05371
0 0.54395 0.34033 0.09766 0.0498
0 0.55469 0.0918 0.07422 0.04102
0 0.50537 0.11182 0.10449 0.04395
0 0.47363 0.09473 0.0918 0.07031
0 0.70459 0.1748 0.09473 0.08594
0 0.66895 0.23828 0.05273 0.06641
0 0.82129 0.08252 0.08984 0.05957
0 0.8335 0.19678 0.05176 0.04199
0 0.90234 0.24219 0.05859 0.04688
0 0.66455 0.40576 0.08691 0.06152
0 0.82178 0.47607 0.06934 0.06152
0 0.85205 0.51514 0.1416 0.0498
0 0.36572 0.64209 0.09277 0.0498
0 0.35059 0.51611 0.07227 0.06152
0 0.57764 0.51953 0.08691 0.0332
0 0.56934 0.53223 0.07812 0.03125
0 0.66064 0.61426 0.05176 0.10742
0 0.73633 0.60693 0.05469 0.0791
0 0.78271 0.60303 0.04785 0.05566
0 0.84375 0.67383 0.0293 0.05859
0 0.97168 0.53076 0.03711 0.04785
0 0.97119 0.71533 0.05566 0.05957
0 0.93066 0.76465 0.0332 0.11328
0 0.97705 0.85156 0.0459 0.05859
0 0.9668 0.91553 0.06641 0.05566
0 0.86865 0.8833 0.04199 0.03223
0 0.76367 0.92676 0.04492 0.07031
0 0.71777 0.9165 0.04883 0.07129
0 0.65527 0.92041 0.04492 0.04785
0 0.61475 0.84424 0.08691 0.05176
0 0.58594 0.68701 0.05859 0.04395
0 0.55859 0.62988 0.05078 0.04297
0 0.48877 0.69238 0.05566 0.05664
0 0.42139 0.81543 0.09863 0.0625
0 0.29492 0.90186 0.04688 0.0459
0 0.53369 0.87598 0.05762 0.06641
0 0.4502 0.91064 0.04492 0.08105
0 0.44434 0.94873 0.10547 0.10254
0 0.15088 0.75488 0.10059 0.10352
0 0.01709 0.69971 0.03418 0.05566
0 0.05566 0.51514 0.06055 0.04199
0 0.02246 0.89111 0.04492 0.0459
0 0.02734 0.95947 0.05469 0.06543
