0 0.91113 0.07129 0.07031 0.08984
0 0.96191 0.06934 0.06055 0.08594
0 0.96094 0.14209 0.07812 0.10449
0 0.83252 0.14844 0.13965 0.08203
0 0.79248 0.21289 0.06738 0.06055
0 0.8584 0.28467 0.09961 0.09473
0 0.97656 0.34229 0.04688 0.07715
0 0.74219 0.32861 0.08594 0.0752
0 0.98242 0.50195 0.03516 0.0625
0 0.87646 0.50488 0.07715 0.08008
0 0.92529 0.68359 0.13574 0.08984
0 0.68848 0.40723 0.07812 0.09961
0 0.56787 0.46582 0.06543 0.06641
0 0.51416 0.65674 0.07129 0.12012
0 0.729 0.7041 0.06348 0.10156
0 0.84912 0.8125 0.06738 0.06445
0 0.97852 0.90283 0.04297 0.11816
0 0.83057 0.95996 0.08691 0.08008
0 0.7666 0.94971 0.08008 0.0752
0 0.52979 0.97168 0.08887 0.05664
0 0.72705 0.83643 0.0791 0.1123
0 0.63525 0.84473 0.07129 0.13477
0 0.5166 0.84131 0.08398 0.08887
0 0.26074 0.95996 0.09375 0.08008
0 0.22461 0.73535 0.10742 0.06836
0 0.28418 0.56592 0.13867 0.14551
0 0.32568 0.5166 0.08887 0.11523
0 0.38428 0.479 0.07129 0.0752
0 0.45264 0.42188 0.08105 0.07812
0 0.22314 0.42334 0.0752 0.11426
0 0.34961 0.35742 0.11133 0.0918
0 0.40283 0.30615 0.06934 0.07129
0 0.48877 0.24658 0.05957 0.06543
0 0.53174 0.18115 0.06934 0.12988
0 0.35254 0.19824 0.10742 0.13867
0 0.21924 0.23877 0.08496 0.06738
0 0.23926 0.29785 0.08008 0.07812
0 0.13135 0.20117 0.13965 0.10547
0 0.04883 0.04736 0.0918 0.08887
0 0.09375 0.39795 0.0625 0.05566
0 0.05908 0.60791 0.11816 0.09473
0 0.02393 0.89551 0.04785 0.05469
0 0.45264 0.31543 0.06543 0.06445
0 0.5459 0.62305 0.05078 0.05859
0 0.55078 0.93115 0.05078 0.06348
0 0.84521 0.9585 0.04785 0.05566
