0 0.02832 0.37598 0.05664 0.06445
0 0.04541 0.43652 0.09082 0.07031
0 0.104 0.64062 0.09473 0.11328
0 0.3501 0.53809 0.08105 0.07617
0 0.37061 0.43945 0.07324 0.04883
0 0.46143 0.39014 0.0498 0.07129
0 0.40527 0.29443 0.07617 0.07129
0 0.21484 0.34619 0.11328 0.06934
0 0.51611 0.37305 0.11426 0.1582
0 0.52588 0.23682 0.06152 0.06934
0 0.45605 0.18945 0.0625 0.07031
0 0.53906 0.14795 0.10547 0.08496
0 0.34424 0.06885 0.08105 0.05762
0 0.15137 0.06738 0.08203 0.07422
0 0.63623 0.50488 0.08301 0.08398
0 0.73389 0.33447 0.09277 0.11035
0 0.87207 0.31738 0.19336 0.09961
0 0.96582 0.39795 0.06836 0.05371
0 0.98779 0.31787 0.02441 0.12207
0 0.81299 0.0459 0.06152 0.06055
0 0.68896 0.04736 0.06738 0.05176
0 0.73535 0.02393 0.0625 0.04785
0 0.0498 0.97168 0.07617 0.05664
0 0.5166 0.95117 0.06641 0.09766
0 0.59375 0.96924 0.08789 0.05371
0 0.56787 0.86523 0.08887 0.07227
0 0.75342 0.93555 0.08105 0.09375
0 0.76514 0.79199 0.09863 0.05859
0 0.92969 0.88037 0.10156 0.07324
0 0.89502 0.96289 0.06738 0.07422
0 0.44141 0.70117 0.125 0.06445
0 0.56445 0.63477 0.07617 0.08203
0 0.50635 0.78076 0.18262 0.1377
0 0.93994 0.58447 0.07129 0.1084
0 0.96387 0.01221 0.07227 0.02441
0 0.55762 0.70312 0.0625 0.04297
