0 0.02832 0.45605 0.05664 0.10352
0 0.06104 0.31494 0.07324 0.10449
0 0.21631 0.3208 0.1123 0.0459
0 0.18164 0.26611 0.07422 0.04395
0 0.16748 0.23242 0.07324 0.03711
0 0.09912 0.09033 0.09668 0.11816
0 0.07324 0.01807 0.06641 0.03613
0 0.2959 0.03906 0.05469 0.03516
0 0.38965 0.05811 0.06641 0.06348
0 0.46631 0.06787 0.06543 0.04785
0 0.4541 0.13037 0.11914 0.04395
0 0.40576 0.18164 0.12012 0.05273
0 0.47168 0.17822 0.0918 0.06348
0 0.80566 0.12988 0.07422 0.05859
0 0.80566 0.03564 0.05664 0.07129
0 0.9209 0.07227 0.10742 0.08789
0 0.77783 0.26465 0.06543 0.06055
0 0.85547 0.28955 0.05469 0.05566
0 0.97998 0.22998 0.04004 0.12988
0 0.36914 0.27197 0.0918 0.04004
0 0.4292 0.23535 0.06543 0.04102
0 0.53955 0.31152 0.08691 0.07422
0 0.62891 0.33691 0.10742 0.06836
0 0.38428 0.31006 0.06152 0.05176
0 0.31787 0.31445 0.07715 0.04102
0 0.23096 0.43115 0.06152 0.08301
0 0.37109 0.4292 0.05859 0.07324
0 0.46484 0.51611 0.11914 0.06348
0 0.52393 0.48145 0.06152 0.05273
0 0.70068 0.57422 0.1084 0.06055
0 0.68799 0.51807 0.06348 0.05176
0 0.81445 0.4502 0.0625 0.10547
0 0.91846 0.41748 0.1377 0.06543
0 0.98047 0.40674 0.03906 0.11035
0 0.96191 0.53076 0.07617 0.06543
0 0.97412 0.6377 0.05176 0.04883
0 0.89258 0.72656 0.08789 0.05078
0 0.95801 0.73926 0.08398 0.04492
0 0.63379 0.77539 0.10156 0.0625
0 0.19727 0.7334 0.05859 0.05078
0 0.27881 0.63721 0.08496 0.06543
0 0.30811 0.62012 0.10449 0.06641
0 0.27539 0.56787 0.08398 0.06152
0 0.04199 0.7207 0.08398 0.06055
0 0.31299 0.74268 0.14941 0.05371
0 0.85742 0.77734 0.06055 0.05078
0 0.9126 0.80078 0.06543 0.06055
0 0.96338 0.89307 0.07324 0.08887
0 0.83594 0.88184 0.11328 0.0625
0 0.89746 0.93555 0.11133 0.05273
0 0.82178 0.94873 0.07715 0.07324
0 0.6084 0.88428 0.08008 0.0752
0 0.60156 0.92334 0.06445 0.06738
0 0.69092 0.96436 0.1416 0.06934
0 0.62354 0.97363 0.1748 0.05078
0 0.19531 0.87988 0.10938 0.05078
0 0.18408 0.90674 0.04199 0.0459
0 0.19922 0.96484 0.04688 0.04492
0 0.39355 0.89062 0.06445 0.05078
0 0.49072 0.73096 0.07715 0.06152
