0 0.2207 0.10791 0.1582 0.09277
0 0.0293 0.1499 0.05859 0.08301
0 0.11719 0.17285 0.07617 0.08203
0 0.03955 0.33984 0.07129 0.1543
0 0.10742 0.33398 0.04688 0.06641
0 0.02881 0.71729 0.05762 0.11816
0 0.0293 0.54053 0.05859 0.08887
0 0.18848 0.48291 0.14453 0.09668
0 0.31592 0.60596 0.19043 0.10645
0 0.32129 0.75537 0.11328 0.11816
0 0.15625 0.94434 0.09375 0.10352
0 0.34863 0.97217 0.08789 0.05566
0 0.7583 0.00879 0.07324 0.01758
0 0.87793 0.05713 0.125 0.1123
0 0.97119 0.0127 0.05762 0.02539
0 0.58496 0.09717 0.09961 0.11035
0 0.38818 0.18115 0.15527 0.08301
0 0.56641 0.21533 0.07617 0.04785
0 0.55713 0.25537 0.06934 0.04785
0 0.49609 0.28613 0.13477 0.0957
0 0.45459 0.3418 0.0791 0.08398
0 0.49121 0.54102 0.1543 0.11719
0 0.68896 0.63574 0.11426 0.08398
0 0.55713 0.93896 0.07129 0.12207
0 0.47705 0.86279 0.08496 0.19434
0 0.57422 0.80469 0.0957 0.16016
0 0.77051 0.95703 0.05664 0.04688
0 0.84863 0.7002 0.10352 0.12305
0 0.91748 0.8291 0.08887 0.1582
0 0.86084 0.81592 0.05371 0.07715
0 0.83057 0.87402 0.08887 0.17773
0 0.90283 0.92773 0.08496 0.14453
0 0.98193 0.88428 0.03613 0.1709
0 0.95215 0.55371 0.07422 0.08203
0 0.90967 0.32324 0.07715 0.07227
0 0.97656 0.44434 0.04688 0.11914
0 0.78125 0.21631 0.07812 0.08105
0 0.71777 0.1001 0.1582 0.0791
