0 0.5874 0.59277 0.09668 0.14062
0 0.13525 0.30957 0.08691 0.16016
0 0.59375 0.47852 0.1582 0.12305
0 0.15381 0.59668 0.09473 0.05469
0 0.55908 0.25 0.14551 0.0625
0 0.70947 0.95703 0.07715 0.08594
0 0.71631 0.54102 0.06543 0.0918
0 0.04346 0.04492 0.08691 0.08984
0 0.4082 0.89844 0.09375 0.07422
0 0.76221 0.23633 0.0791 0.07031
0 0.49707 0.16846 0.14453 0.08105
0 0.69385 0.40869 0.07129 0.14355
0 0.65576 0.48535 0.08301 0.11133
0 0.55371 0.91895 0.0957 0.08008
0 0.70557 0.6001 0.07129 0.07715
0 0.79346 0.9834 0.08691 0.0332
0 0.68018 0.89307 0.07324 0.06934
0 0.63867 0.5332 0.0918 0.05664
0 0.72412 0.7085 0.08496 0.1084
0 0.9248 0.90967 0.14844 0.12402
0 0.10107 0.51807 0.1123 0.06152
0 0.36963 0.95654 0.12207 0.08691
0 0.68408 0.74805 0.10449 0.07227
0 0.48828 0.84473 0.18945 0.14453
0 0.73877 0.31982 0.06934 0.05371
0 0.7251 0.3667 0.06152 0.0752
0 0.22852 0.37744 0.08398 0.10059
0 0.37695 0.55469 0.15039 0.13086
0 0.18213 0.46973 0.08691 0.08203
0 0.79541 0.89502 0.07129 0.12793
0 0.84277 0.61719 0.07227 0.08789
0 0.93213 0.57178 0.10254 0.1123
0 0.62402 0.68652 0.10352 0.07422
0 0.81738 0.76416 0.06836 0.11035
0 0.88184 0.84033 0.09375 0.1084
0 0.7832 0.67627 0.07617 0.14551
0 0.9126 0.7666 0.10254 0.07422
0 0.67822 0.81836 0.09082 0.09961
0 0.5957 0.77832 0.13672 0.13867
0 0.87646 0.69336 0.06738 0.05078
0 0.50146 0.25195 0.1416 0.08789
0 0.70654 0.26416 0.1084 0.12988
0 0.62451 0.19336 0.08691 0.08008
0 0.65332 0.17139 0.08398 0.08496
0 0.69824 0.06201 0.07812 0.12402
0 0.62158 0.09082 0.16113 0.10156
0 0.85938 0.01807 0.05664 0.03613
0 0.95557 0.74316 0.05176 0.04102
0 0.94189 0.70801 0.07715 0.07031
0 0.75342 0.80469 0.05762 0.08594
