0 0.9126 0.07471 0.08105 0.06543
0 0.56592 0.95947 0.12793 0.0752
0 0.96191 0.21387 0.07617 0.11719
0 0.96338 0.81055 0.07324 0.07227
0 0.82178 0.08691 0.08691 0.06445
0 0.32227 0.03076 0.08008 0.05762
0 0.91064 0.93213 0.08301 0.0752
0 0.10205 0.53564 0.12988 0.15723
0 0.28369 0.59717 0.06738 0.0752
0 0.41602 0.50342 0.07227 0.1123
0 0.19189 0.81445 0.12988 0.08008
0 0.8208 0.7959 0.05762 0.14258
0 0.86816 0.32666 0.08203 0.08496
0 0.80469 0.53223 0.06445 0.08008
0 0.91064 0.76318 0.08301 0.08691
0 0.33105 0.86572 0.08789 0.11816
0 0.18311 0.87402 0.07715 0.07812
0 0.68945 0.3374 0.09961 0.0752
