0 0.18262 0.04932 0.11914 0.08105
0 0.03711 0.22705 0.07422 0.1084
0 0.34375 0.0166 0.07812 0.0332
0 0.08252 0.41602 0.05957 0.06055
0 0.06885 0.53711 0.06934 0.11328
0 0.03906 0.57324 0.07031 0.13086
0 0.20947 0.46143 0.08105 0.09082
0 0.24316 0.30371 0.10156 0.07812
0 0.25781 0.13477 0.08008 0.09766
0 0.05762 0.8125 0.11523 0.08984
0 0.22021 0.75098 0.08105 0.08398
0 0.0293 0.69189 0.05859 0.0459
0 0.30908 0.8584 0.09473 0.08203
0 0.17773 0.84619 0.09961 0.06543
0 0.38574 0.6499 0.06641 0.1123
0 0.49268 0.80566 0.10254 0.10742
0 0.48047 0.94287 0.06836 0.11426
0 0.56494 0.5874 0.06934 0.0752
0 0.61133 0.58252 0.12891 0.11621
0 0.6875 0.56787 0.11523 0.0752
0 0.60889 0.40625 0.08691 0.13281
0 0.52881 0.30469 0.08887 0.06836
0 0.75049 0.34131 0.05176 0.06934
0 0.75635 0.22314 0.06934 0.07129
0 0.58203 0.19043 0.0625 0.0625
0 0.66455 0.1748 0.06152 0.08203
0 0.57715 0.10889 0.08008 0.06934
0 0.92383 0.15967 0.15234 0.10254
0 0.97461 0.31543 0.05078 0.08203
0 0.97803 0.42041 0.04395 0.05566
0 0.92236 0.59521 0.10449 0.07324
0 0.9668 0.59717 0.06641 0.0791
0 0.87256 0.73291 0.09668 0.08105
0 0.59912 0.83203 0.06738 0.0957
0 0.84521 0.98242 0.06934 0.03516
0 0.91748 0.95264 0.0752 0.09473
0 0.98877 0.90918 0.02246 0.0625
0 0.92383 0.01416 0.09766 0.02832
0 0.48584 0.05029 0.08301 0.10059
0 0.40039 0.10986 0.07031 0.08691
0 0.74707 0.02734 0.0918 0.05469
