0 0.07666 0.07959 0.07715 0.15918
0 0.01318 0.26904 0.02637 0.10254
0 0.17627 0.23291 0.12207 0.0752
0 0.31348 0.16211 0.125 0.07227
0 0.19385 0.02539 0.08105 0.05078
0 0.25635 0.00879 0.06152 0.01758
0 0.2793 0.32812 0.16211 0.10156
0 0.21777 0.4834 0.13867 0.12891
0 0.10498 0.32373 0.09668 0.09082
0 0.00879 0.59082 0.01758 0.08984
0 0.16016 0.63281 0.06836 0.06445
0 0.1665 0.78271 0.08301 0.1084
0 0.03125 0.96631 0.05469 0.06738
0 0.11621 0.95557 0.09766 0.06543
0 0.41553 0.94336 0.1123 0.08398
0 0.4375 0.83691 0.10742 0.1582
0 0.44434 0.69043 0.0625 0.07031
0 0.42627 0.46191 0.08887 0.07227
0 0.52441 0.5083 0.07227 0.09863
0 0.52344 0.63135 0.08398 0.15527
0 0.61279 0.67627 0.07129 0.0752
0 0.44238 0.33252 0.11133 0.12207
0 0.40527 0.23584 0.05469 0.06934
0 0.56299 0.16064 0.07324 0.07129
0 0.67773 0.16797 0.06836 0.06836
0 0.51953 0.06006 0.05469 0.05762
0 0.85205 0.30713 0.1123 0.09277
0 0.8125 0.54688 0.08789 0.21094
0 0.85547 0.53662 0.0957 0.09277
0 0.91113 0.74756 0.12891 0.0791
0 0.96143 0.8584 0.07715 0.13477
0 0.82129 0.8418 0.08203 0.05859
0 0.7417 0.90869 0.0791 0.1123
0 0.68262 0.94824 0.08398 0.10352
0 0.8252 0.91699 0.07617 0.08398
0 0.82031 0.12305 0.07227 0.07227
0 0.95459 0.13965 0.09082 0.12695
0 0.81152 0.00879 0.08789 0.01758
0 0.73291 0.02002 0.0498 0.04004
0 0.3623 0.00732 0.09375 0.01465
