0 0.68604 0.30371 0.06934 0.08008
0 0.24756 0.42188 0.06738 0.07227
0 0.59082 0.05811 0.07031 0.0752
0 0.78271 0.43604 0.05176 0.08691
0 0.08984 0.77734 0.07617 0.07617
0 0.74463 0.46973 0.07715 0.08398
0 0.28076 0.95898 0.06152 0.07812
0 0.33936 0.04541 0.06934 0.06738
0 0.30664 0.34619 0.07812 0.06348
0 0.38867 0.70947 0.08789 0.0498
0 0.52588 0.03662 0.07324 0.06348
0 0.37061 0.09766 0.07324 0.06055
0 0.9458 0.28418 0.10254 0.05469
0 0.26025 0.18457 0.11035 0.04492
0 0.60938 0.52783 0.02734 0.07324
0 0.00732 0.32178 0.01465 0.07324
0 0.09131 0.68701 0.13379 0.05371
0 0.26074 0.28662 0.05859 0.0791
0 0.5835 0.77002 0.06934 0.04004
0 0.03125 0.12158 0.0625 0.03809
0 0.84619 0.07422 0.06152 0.06445
0 0.51953 0.74268 0.06055 0.03809
0 0.43457 0.81738 0.05859 0.02734
0 0.14062 0.50537 0.05078 0.04199
0 0.68896 0.38672 0.04004 0.08984
0 0.96436 0.55127 0.06348 0.0459
0 0.52637 0.38965 0.0918 0.06445
0 0.96191 0.3916 0.06445 0.0293
0 0.98389 0.41406 0.02832 0.08594
0 0.32471 0.52686 0.06348 0.04199
0 0.45898 0.48828 0.0332 0.05664
0 0.87207 0.02246 0.04297 0.04492
0 0.35059 0.63086 0.0625 0.07422
0 0.63672 0.48486 0.04297 0.02637
0 0.33838 0.4082 0.02441 0.08203
0 0.91846 0.05713 0.04199 0.07715
0 0.12158 0.01416 0.03809 0.02637
0 0.81055 0.52344 0.08789 0.04297
0 0.92188 0.24219 0.04297 0.05664
0 0.32422 0.51709 0.06055 0.04004
0 0.2627 0.10303 0.06055 0.03809
0 0.34619 0.4082 0.02637 0.07812
0 0.52002 0.53027 0.05176 0.06055
0 0.9668 0.51123 0.06055 0.04395
0 0.93711 0.42515 0.07383 0.0499
0 0.13037 0.54053 0.08105 0.0459
0 0.98389 0.12598 0.03223 0.05469
0 0.98438 0.04541 0.03125 0.08105
0 0.88672 0.06982 0.02344 0.0498
0 0.38818 0.98145 0.14355 0.03711
