0 0.05273 0.96191 0.04688 0.05859
0 0.05371 0.87549 0.06836 0.06348
0 0.18506 0.95361 0.07324 0.06152
0 0.50098 0.97119 0.04688 0.05762
0 0.57129 0.8501 0.08594 0.10645
0 0.58496 0.66113 0.06641 0.05273
0 0.40186 0.68701 0.08105 0.15918
0 0.25977 0.64795 0.08203 0.04199
0 0.27197 0.81201 0.09473 0.0498
0 0.33887 0.88184 0.04492 0.07031
0 0.19629 0.84033 0.06641 0.0459
0 0.75684 0.58398 0.07031 0.08398
0 0.89453 0.49121 0.11328 0.07031
0 0.65137 0.43799 0.06836 0.04785
0 0.53467 0.55615 0.08301 0.05566
0 0.38281 0.48193 0.08008 0.06934
0 0.29932 0.50879 0.06152 0.07812
0 0.22119 0.43359 0.11426 0.06445
0 0.14404 0.5249 0.10254 0.07324
0 0.11328 0.44189 0.06445 0.03223
0 0.23535 0.35645 0.08984 0.05078
0 0.18213 0.33057 0.05371 0.0498
0 0.31787 0.28027 0.15137 0.06836
0 0.63379 0.30225 0.06055 0.15527
0 0.64697 0.36963 0.08105 0.06543
0 0.80957 0.30273 0.07422 0.09766
0 0.81836 0.17725 0.16016 0.14355
0 0.63525 0.01318 0.12598 0.02441
0 0.96338 0.18652 0.07324 0.06445
0 0.45117 0.07031 0.10547 0.08008
0 0.46973 0.13672 0.08008 0.04492
0 0.12842 0.25488 0.05566 0.11719
0 0.25342 0.20215 0.05176 0.08203
0 0.08984 0.35352 0.08203 0.10156
0 0.96338 0.06592 0.07324 0.05762
0 0.06738 0.16748 0.04883 0.10449
0 0.0498 0.67236 0.04102 0.02637
0 0.02783 0.53711 0.05566 0.05859
0 0.01416 0.17188 0.02832 0.05273
0 0.0166 0.37402 0.0332 0.06445
0 0.03271 0.45068 0.06543 0.05566
0 0.40918 0.06787 0.04688 0.09277
0 0.11328 0.18408 0.06836 0.06152
