0 0.20361 0.91553 0.09473 0.08691
0 0.05762 0.73242 0.11523 0.07031
0 0.28125 0.80225 0.07031 0.08691
0 0.08545 0.6543 0.08301 0.05664
0 0.01465 0.52246 0.0293 0.05664
0 0.03613 0.56934 0.07227 0.05469
0 0.1792 0.50342 0.07129 0.10254
0 0.39209 0.52246 0.12793 0.06055
0 0.51221 0.49365 0.05176 0.12207
0 0.55859 0.5166 0.05664 0.06836
0 0.47461 0.47314 0.05664 0.07129
0 0.49023 0.59033 0.13477 0.06738
0 0.43945 0.71631 0.05273 0.12988
0 0.48633 0.68164 0.06641 0.05664
0 0.50244 0.73926 0.0752 0.0625
0 0.63037 0.68896 0.08301 0.10254
0 0.66455 0.78027 0.06348 0.07031
0 0.64111 0.83838 0.06543 0.05566
0 0.68506 0.896 0.08887 0.06934
0 0.63916 0.48779 0.09473 0.08301
0 0.75732 0.50586 0.09277 0.06445
0 0.22119 0.30664 0.09668 0.07031
0 0.20264 0.10449 0.06738 0.08203
0 0.41162 0.25 0.12402 0.17188
0 0.57715 0.18896 0.0625 0.08887
0 0.56738 0.04395 0.11133 0.08789
0 0.65674 0.11572 0.07324 0.10059
0 0.68506 0.03955 0.05957 0.05957
0 0.86963 0.20117 0.08496 0.11719
0 0.88965 0.26709 0.1875 0.1084
0 0.94287 0.03564 0.05371 0.07129
0 0.40918 0.65918 0.07422 0.0918
0 0.44287 0.03223 0.04004 0.06445
