0 0.1416 0.04688 0.06836 0.07617
0 0.1626 0.21484 0.06934 0.0957
0 0.24463 0.42676 0.05176 0.06836
0 0.06445 0.51074 0.12109 0.05469
0 0.03125 0.65186 0.0625 0.05176
0 0.2168 0.62061 0.0625 0.06934
0 0.34863 0.55908 0.11719 0.06934
0 0.18848 0.71143 0.05859 0.07715
0 0.11084 0.7915 0.08301 0.04785
0 0.09326 0.88428 0.13184 0.06934
0 0.0835 0.95361 0.07129 0.08105
0 0.02002 0.97656 0.04004 0.04688
0 0.33447 0.98926 0.08301 0.02148
0 0.75098 0.95898 0.0918 0.08203
0 0.64355 0.95312 0.0625 0.04883
0 0.53564 0.99365 0.06348 0.0127
0 0.3999 0.89307 0.08887 0.10645
0 0.38623 0.95654 0.05957 0.06348
0 0.15625 0.95117 0.0918 0.07031
0 0.52979 0.87598 0.0459 0.08984
0 0.55908 0.90381 0.0752 0.07324
0 0.66895 0.85791 0.09766 0.08301
0 0.5293 0.68945 0.10742 0.07227
0 0.56201 0.74805 0.11621 0.06445
0 0.78857 0.77588 0.05566 0.05566
0 0.89014 0.78467 0.10059 0.07324
0 0.82715 0.85498 0.08008 0.1084
0 0.89893 0.88672 0.09277 0.07812
0 0.9375 0.9873 0.05664 0.02539
0 0.79785 0.60986 0.10352 0.0791
0 0.60107 0.53711 0.13574 0.08594
0 0.69385 0.49951 0.09473 0.07715
0 0.6123 0.47998 0.07227 0.04199
0 0.63281 0.41602 0.09961 0.07227
0 0.48096 0.41895 0.09277 0.07422
0 0.57861 0.27393 0.10059 0.09082
0 0.47656 0.25098 0.06445 0.06836
0 0.35889 0.24316 0.0791 0.0625
0 0.68799 0.26904 0.0791 0.11035
0 0.81006 0.31396 0.05176 0.0791
0 0.8457 0.2959 0.04883 0.05469
0 0.86182 0.38623 0.06152 0.10059
0 0.81738 0.42383 0.08203 0.06836
0 0.76318 0.44092 0.05566 0.0498
0 0.89795 0.43506 0.09473 0.07324
0 0.96191 0.38818 0.06445 0.08105
0 0.85107 0.09912 0.07715 0.15137
0 0.97266 0.03662 0.04688 0.07324
0 0.98926 0.05859 0.02148 0.11719
0 0.55859 0.34229 0.06836 0.05371
0 0.85986 0.35352 0.05762 0.04492
0 0.40771 0.54785 0.03027 0.0625
0 0.00977 0.90479 0.01953 0.09668
