0 0.05469 0.42236 0.10938 0.06934
0 0.15381 0.47949 0.11426 0.0625
0 0.24756 0.55566 0.08301 0.05273
0 0.02979 0.55566 0.05957 0.06836
0 0.10107 0.58887 0.06934 0.04883
0 0.04102 0.52588 0.06641 0.08301
0 0.70508 0.21973 0.05469 0.04883
0 0.65283 0.229 0.06348 0.0752
0 0.57568 0.31201 0.04785 0.06348
0 0.58252 0.3667 0.05176 0.05371
0 0.45166 0.38867 0.06543 0.09375
0 0.5166 0.38916 0.05859 0.05566
0 0.56885 0.45605 0.07324 0.08984
0 0.48535 0.50342 0.08984 0.09277
0 0.67139 0.50195 0.08301 0.12109
0 0.6626 0.4248 0.08496 0.07031
0 0.74365 0.34961 0.05176 0.07031
0 0.83008 0.33252 0.05859 0.09863
0 0.91064 0.40479 0.08691 0.09473
0 0.82324 0.42627 0.05664 0.08301
0 0.78125 0.46729 0.08594 0.08301
0 0.76416 0.57568 0.09082 0.11621
0 0.64795 0.69775 0.10254 0.06738
0 0.54834 0.92725 0.07715 0.10059
0 0.75537 0.89014 0.09277 0.07715
0 0.77686 0.9668 0.07715 0.06641
0 0.83545 0.7041 0.08301 0.06055
