0 0.51611 0.04688 0.1709 0.09375
0 0.88916 0.01416 0.07129 0.02832
0 0.86475 0.18701 0.09277 0.10254
0 0.97656 0.15674 0.04688 0.07715
0 0.91797 0.41211 0.10156 0.10938
0 0.81396 0.54736 0.13379 0.08105
0 0.62744 0.29492 0.08691 0.08594
0 0.27637 0.19678 0.11523 0.14355
0 0.11621 0.43213 0.14844 0.18066
0 0.34912 0.46533 0.07715 0.18652
0 0.47266 0.54297 0.10352 0.13672
0 0.08984 0.75342 0.0957 0.18457
0 0.2666 0.77686 0.10352 0.17285
0 0.40039 0.8418 0.06641 0.0957
0 0.50293 0.92676 0.10742 0.14648
0 0.77637 0.75195 0.12305 0.11328
0 0.91406 0.74707 0.125 0.11719
0 0.13916 0.59766 0.09863 0.10352
0 0.08936 0.9751 0.08301 0.0498
0 0.84717 0.82031 0.1416 0.09961
