0 0.40576 0.96338 0.12207 0.07324
0 0.36914 0.63965 0.16016 0.09961
0 0.23828 0.96973 0.08789 0.06055
0 0.3833 0.33594 0.11816 0.12305
0 0.87305 0.88232 0.14258 0.09473
0 0.30811 0.56055 0.15332 0.10156
0 0.39697 0.08545 0.09082 0.15723
0 0.55176 0.8833 0.15039 0.08691
0 0.13525 0.64648 0.15723 0.18164
0 0.2334 0.33154 0.09961 0.09277
0 0.68262 0.1333 0.10938 0.23535
0 0.24316 0.89844 0.09766 0.07812
0 0.63477 0.60107 0.13477 0.17285
0 0.94092 0.96777 0.10449 0.0625
0 0.02734 0.04443 0.05469 0.08496
0 0.63721 0.79053 0.27441 0.1377
0 0.25293 0.47949 0.07227 0.07422
0 0.16602 0.29248 0.0957 0.10059
0 0.93506 0.5957 0.12598 0.08984
0 0.17285 0.20312 0.10938 0.16992
0 0.1333 0.49805 0.07129 0.07227
0 0.16455 0.09424 0.10059 0.09082
0 0.69189 0.74561 0.12012 0.07715
