0 0.76758 0.09619 0.05664 0.07715
0 0.77539 0.25977 0.06055 0.07617
0 0.83496 0.45312 0.06641 0.11719
0 0.68066 0.29932 0.0625 0.1084
0 0.55371 0.2168 0.07227 0.10352
0 0.62256 0.10596 0.06543 0.08691
0 0.69775 0.10938 0.06543 0.10938
0 0.22559 0.22754 0.08789 0.08398
0 0.16943 0.25684 0.06738 0.04883
0 0.07764 0.32422 0.07715 0.07812
0 0.0791 0.38721 0.08789 0.06934
0 0.04297 0.18652 0.08594 0.05859
0 0.02881 0.12842 0.05762 0.06152
0 0.53369 0.39893 0.09863 0.06738
0 0.45947 0.43652 0.05957 0.07617
0 0.42285 0.53906 0.08008 0.06445
0 0.60938 0.55713 0.07422 0.09473
0 0.74902 0.64648 0.09766 0.06836
0 0.89648 0.80811 0.07227 0.06738
0 0.80078 0.78125 0.06836 0.07422
0 0.64355 0.77783 0.07812 0.06152
0 0.46777 0.72705 0.0625 0.07715
0 0.40283 0.77832 0.05371 0.06836
0 0.2876 0.68408 0.07129 0.07715
0 0.30322 0.5835 0.06152 0.07129
0 0.36963 0.65869 0.06152 0.06152
0 0.13867 0.60449 0.08789 0.07617
0 0.13867 0.69531 0.08594 0.07031
0 0.2915 0.90576 0.06738 0.06543
0 0.22021 0.93164 0.04199 0.0625
0 0.03467 0.66455 0.06152 0.09082
0 0.05176 0.56006 0.07031 0.08496
0 0.02979 0.78369 0.05762 0.0498
0 0.33008 0.2832 0.05078 0.05273
0 0.45947 0.33252 0.02441 0.04004
0 0.396 0.40088 0.04395 0.02637
0 0.79492 0.13525 0.03711 0.06152
0 0.78174 0.13721 0.02441 0.06152
0 0.33496 0.78857 0.04492 0.06738
