0 0.10254 0.30469 0.09766 0.10547
0 0.05566 0.4834 0.11133 0.08984
0 0.07373 0.56299 0.10645 0.06934
0 0.2793 0.57178 0.12109 0.08691
0 0.48877 0.68994 0.1709 0.14941
0 0.30713 0.74268 0.10059 0.0752
0 0.25439 0.66846 0.08691 0.06543
0 0.1001 0.65967 0.08301 0.0752
0 0.1709 0.80908 0.13867 0.07715
0 0.07812 0.94189 0.08398 0.11621
0 0.16211 0.97852 0.0625 0.04297
0 0.52148 0.83545 0.09766 0.08301
0 0.84082 0.70703 0.12891 0.07227
0 0.85156 0.60693 0.10352 0.09668
0 0.69971 0.51611 0.07715 0.1748
0 0.83789 0.37207 0.10352 0.13281
0 0.97656 0.45898 0.04688 0.09961
0 0.95898 0.55664 0.06836 0.10938
0 0.56934 0.21094 0.125 0.10352
0 0.92383 0.15234 0.11719 0.10938
0 0.61035 0.06982 0.10938 0.09082
0 0.86523 0.07471 0.1543 0.1377
0 0.93408 0.78906 0.10449 0.10156
0 0.83789 0.93164 0.08789 0.10156
0 0.07422 0.17871 0.14844 0.13086
0 0.16748 0.42188 0.13184 0.10156
