0 0.77246 0.51172 0.07617 0.0957
0 0.66602 0.86572 0.08594 0.07324
0 0.43701 0.85107 0.09277 0.06934
0 0.63184 0.67773 0.07227 0.07617
0 0.06738 0.0293 0.09375 0.04883
0 0.65039 0.35498 0.07422 0.06738
0 0.99316 0.35938 0.01367 0.08008
0 0.96533 0.60889 0.06934 0.05371
0 0.19971 0.48242 0.09277 0.06445
0 0.8374 0.26318 0.10059 0.06152
0 0.94189 0.86719 0.08496 0.10156
0 0.2168 0.64355 0.07227 0.08984
0 0.83105 0.69141 0.06055 0.08594
0 0.57861 0.8501 0.08105 0.07715
0 0.4043 0.52783 0.05273 0.09082
0 0.31543 0.59717 0.08008 0.07324
0 0.72363 0.93848 0.05078 0.06641
0 0.18066 0.24951 0.11523 0.08496
0 0.15674 0.40869 0.09277 0.06152
0 0.18115 0.16504 0.13184 0.07422
0 0.18555 0.10791 0.0918 0.05762
0 0.13623 0.56738 0.12402 0.04297
0 0.50342 0.23438 0.09277 0.10352
0 0.92969 0.30566 0.0918 0.06836
0 0.69482 0.24414 0.11035 0.13672
0 0.95654 0.02783 0.08691 0.04395
0 0.44873 0.97363 0.09668 0.04102
0 0.58203 0.20947 0.11719 0.05762
0 0.56152 0.53564 0.06445 0.06152
0 0.24854 0.5791 0.09473 0.09766
0 0.03174 0.52832 0.06348 0.06055
0 0.98828 0.22754 0.02344 0.05664
0 0.96191 0.56543 0.06641 0.07812
0 0.51025 0.06201 0.09668 0.10449
0 0.59863 0.05518 0.06836 0.06543
0 0.12891 0.48877 0.0957 0.06738
0 0.04395 0.25537 0.08398 0.0752
0 0.46387 0.62842 0.13477 0.05957
0 0.3501 0.54541 0.09277 0.0791
0 0.7876 0.61621 0.08496 0.08203
0 0.51953 0.31494 0.08594 0.06543
0 0.75977 0.55273 0.08398 0.05859
0 0.06201 0.66162 0.11426 0.04395
0 0.80469 0.72119 0.08594 0.03613
0 0.91357 0.26367 0.0791 0.05664
0 0.9917 0.54199 0.0166 0.05859
0 0.46484 0.56982 0.08594 0.05176
0 0.40479 0.24121 0.07129 0.05078
0 0.35547 0.91846 0.11133 0.02637
0 0.83936 0.625 0.08496 0.10352
0 0.64941 0.26953 0.03125 0.08984
0 0.07422 0.61426 0.14844 0.08789
0 0.03906 0.79492 0.07812 0.03125
0 0.66455 0.98438 0.04395 0.03125
0 0.79688 0.38525 0.07422 0.03613
0 0.42676 0.17578 0.0918 0.04688
0 0.04297 0.12451 0.08398 0.04395
0 0.26611 0.94434 0.14941 0.10547
0 0.16748 0.92725 0.10059 0.04004
0 0.02393 0.15625 0.04785 0.0625
0 0.02979 0.67236 0.05762 0.0498
0 0.38721 0.86475 0.13965 0.06934
0 0.23291 0.83887 0.09863 0.05273
0 0.27979 0.48486 0.07324 0.04785
0 0.13428 0.98535 0.0752 0.02539
0 0.95166 0.4541 0.06152 0.02148
0 0.85156 0.98486 0.04883 0.02637
0 0.2373 0.78516 0.07617 0.0332
0 0.47363 0.53125 0.07812 0.04297
0 0.41553 0.51758 0.05371 0.06836
0 0.59375 0.02295 0.05859 0.04395
0 0.05176 0.87207 0.10352 0.03125
0 0.48291 0.17334 0.07129 0.03809
0 0.52881 0.56543 0.12402 0.04883
0 0.03271 0.57568 0.06543 0.05176
0 0.81982 0.93311 0.05371 0.05566
0 0.12549 0.87891 0.08691 0.04883
0 0.97412 0.18994 0.05176 0.05176
0 0.41406 0.31885 0.0625 0.0498
0 0.33398 0.2793 0.13281 0.09766
0 0.91357 0.55469 0.0498 0.04688
0 0.30518 0.84619 0.07324 0.04395
