0 0.29297 0.03076 0.125 0.06152
0 0.21387 0.15332 0.0918 0.11523
0 0.09521 0.07129 0.11426 0.13281
0 0.03027 0.17871 0.06055 0.125
0 0.35352 0.17822 0.08984 0.08887
0 0.13623 0.26416 0.12598 0.11816
0 0.05713 0.42285 0.09277 0.08008
0 0.65723 0.36523 0.0918 0.09961
0 0.54785 0.18652 0.05859 0.06445
0 0.46777 0.45801 0.08203 0.08594
0 0.17139 0.61719 0.12988 0.07031
0 0.27002 0.5835 0.08496 0.08496
0 0.40479 0.5166 0.05762 0.07812
0 0.47559 0.55127 0.0918 0.07129
0 0.55225 0.50781 0.08887 0.06055
0 0.6333 0.54004 0.08496 0.09766
0 0.35547 0.69775 0.09961 0.1123
0 0.12939 0.95117 0.0791 0.08008
0 0.22852 0.92188 0.08984 0.07422
0 0.2876 0.87744 0.06543 0.08301
0 0.48584 0.80176 0.11035 0.08008
0 0.53564 0.85986 0.11816 0.06543
0 0.97021 0.87598 0.05957 0.15039
0 0.87695 0.71729 0.07812 0.07324
0 0.85742 0.65625 0.06836 0.06836
0 0.63916 0.73096 0.07715 0.12988
0 0.71094 0.8252 0.11719 0.19922
0 0.88818 0.46289 0.10449 0.10156
0 0.8335 0.39062 0.08301 0.08008
0 0.7334 0.30176 0.14062 0.08008
0 0.73926 0.14941 0.10547 0.08398
0 0.8418 0.12598 0.09961 0.08984
0 0.96582 0.0293 0.06836 0.05859
0 0.7207 0.03271 0.12109 0.06543
0 0.85645 0.79395 0.06641 0.07617
0 0.09277 0.36084 0.13281 0.07324
0 0.26172 0.9458 0.12305 0.08301
0 0.73096 0.30615 0.07129 0.16113
0 0.89795 0.04248 0.05176 0.06152
0 0.7041 0.54639 0.05273 0.06934
