0 0.68408 0.2002 0.09082 0.09375
0 0.72803 0.15137 0.09277 0.07812
0 0.81689 0.23242 0.15527 0.08398
0 0.74805 0.29053 0.08008 0.06543
0 0.94531 0.36865 0.09375 0.0791
0 0.59668 0.31934 0.0918 0.06055
0 0.65967 0.34277 0.10059 0.07422
0 0.37695 0.2085 0.15039 0.06543
0 0.48242 0.26514 0.09766 0.08105
0 0.28564 0.27832 0.09668 0.05664
0 0.23242 0.22217 0.08789 0.06348
0 0.39307 0.2832 0.0791 0.07031
0 0.13086 0.25342 0.06445 0.06934
0 0.1875 0.31152 0.07422 0.06445
0 0.08105 0.31787 0.09961 0.09082
0 0.02881 0.3999 0.05762 0.06934
0 0.45654 0.09326 0.08691 0.09473
0 0.79395 0.03857 0.08789 0.07715
0 0.11328 0.91162 0.07422 0.09473
0 0.28564 0.96338 0.09277 0.07324
0 0.31934 0.93604 0.08398 0.09082
0 0.36475 0.85205 0.10254 0.09668
0 0.2832 0.85107 0.07617 0.08301
0 0.28809 0.75098 0.07422 0.08789
0 0.33154 0.70654 0.07324 0.09473
0 0.48779 0.64111 0.04785 0.12793
0 0.59521 0.71484 0.06934 0.13086
0 0.55127 0.79736 0.09473 0.06934
0 0.53564 0.87842 0.08691 0.08105
0 0.7334 0.96484 0.08789 0.07031
0 0.68896 0.81982 0.11035 0.08105
0 0.73926 0.73535 0.15039 0.07812
0 0.97021 0.83691 0.05957 0.11523
0 0.18555 0.43701 0.10742 0.06543
0 0.2124 0.57861 0.07715 0.06543
0 0.22852 0.521 0.10156 0.07129
0 0.10156 0.71143 0.06641 0.07129
0 0.15039 0.8208 0.08984 0.06543
0 0.43506 0.74023 0.07715 0.07812
0 0.38916 0.35938 0.07715 0.07812
0 0.85352 0.71289 0.07422 0.07422
0 0.76123 0.88086 0.08496 0.06055
0 0.62842 0.86865 0.06543 0.05957
0 0.94629 0.03125 0.09766 0.05469
