0 0.04492 0.74365 0.08984 0.14746
0 0.68311 0.35205 0.1123 0.09082
0 0.75928 0.021 0.0752 0.04199
0 0.88623 0.87646 0.13574 0.08496
0 0.02686 0.96973 0.05371 0.06055
0 0.89941 0.24609 0.0957 0.07227
0 0.72217 0.12939 0.10449 0.05957
0 0.76465 0.24316 0.15039 0.07227
0 0.7334 0.92578 0.11719 0.06836
0 0.78955 0.53711 0.1709 0.06445
0 0.7085 0.66455 0.12793 0.0459
0 0.91943 0.37012 0.10059 0.04883
0 0.94482 0.04053 0.11035 0.06738
0 0.66064 0.57812 0.06738 0.13281
0 0.80957 0.65039 0.0957 0.0625
0 0.71826 0.21191 0.10254 0.07031
0 0.81104 0.13574 0.07715 0.0625
0 0.7207 0.61328 0.08203 0.08789
0 0.94336 0.72705 0.11328 0.06934
0 0.90576 0.51172 0.13184 0.08008
0 0.89697 0.39307 0.1123 0.09473
0 0.96826 0.35254 0.06348 0.07227
