0 0.14404 0.0835 0.07715 0.1377
0 0.0791 0.06543 0.09375 0.10742
0 0.0542 0.09277 0.09277 0.13281
0 0.00928 0.04053 0.01855 0.08105
0 0.21191 0.08643 0.0625 0.12402
0 0.23828 0.22314 0.05273 0.07324
0 0.28516 0.25391 0.06641 0.07617
0 0.48779 0.11768 0.06543 0.09863
0 0.58398 0.04102 0.07422 0.06055
0 0.65576 0.02734 0.08105 0.05469
0 0.60156 0.09033 0.05273 0.07324
0 0.58643 0.20703 0.06934 0.07422
0 0.62305 0.33154 0.05469 0.07324
0 0.74707 0.24316 0.05859 0.05469
0 0.74072 0.27002 0.05957 0.05957
0 0.71875 0.38135 0.06445 0.06348
0 0.7915 0.41553 0.07324 0.0791
0 0.84229 0.28174 0.08105 0.08496
0 0.8501 0.18164 0.07129 0.10156
0 0.82275 0.08008 0.08496 0.10352
0 0.89453 0.01025 0.05859 0.02051
0 0.06934 0.55273 0.09375 0.08398
0 0.3999 0.57129 0.07324 0.11914
0 0.27881 0.62891 0.06934 0.0918
0 0.26367 0.70068 0.0625 0.10254
0 0.31152 0.69336 0.05469 0.05664
0 0.51904 0.73145 0.1123 0.09766
0 0.53809 0.56738 0.11328 0.11328
0 0.61768 0.66553 0.09082 0.10059
0 0.24707 0.43408 0.08398 0.05957
0 0.47559 0.88379 0.0625 0.0625
0 0.85303 0.96289 0.08105 0.07422
0 0.86719 0.81006 0.07227 0.08691
0 0.73584 0.74023 0.05762 0.07227
0 0.82666 0.71924 0.06348 0.06543
0 0.83008 0.61377 0.06055 0.09082
0 0.03027 0.73438 0.06055 0.08398
0 0.15576 0.70312 0.05176 0.06641
0 0.5752 0.85645 0.07617 0.08789
0 0.71191 0.7085 0.08008 0.09863
0 0.71484 0.0542 0.04492 0.1084
