0 0.07715 0.03467 0.06445 0.06934
0 0.25537 0.021 0.07129 0.04199
0 0.24268 0.06836 0.08496 0.06836
0 0.52344 0.01904 0.07422 0.03809
0 0.5874 0.03955 0.09473 0.07129
0 0.72168 0.01709 0.11719 0.03418
0 0.80762 0.80127 0.0918 0.08887
0 0.75732 0.86133 0.08301 0.07422
0 0.86182 0.94189 0.08301 0.0752
0 0.88818 0.98096 0.08887 0.03809
0 0.66992 0.88184 0.08008 0.0625
0 0.50537 0.97656 0.06934 0.04688
0 0.55664 0.93457 0.08398 0.07031
0 0.59961 0.97656 0.0918 0.04688
0 0.75391 0.94141 0.10352 0.08008
0 0.31885 0.92676 0.0791 0.08984
0 0.19385 0.96777 0.07715 0.06445
0 0.22119 0.92676 0.12402 0.12305
0 0.24707 0.94141 0.0625 0.07617
0 0.42773 0.90625 0.10352 0.06055
0 0.42285 0.85596 0.07617 0.05566
0 0.34521 0.80127 0.06738 0.06543
0 0.46387 0.80908 0.07812 0.08691
0 0.53809 0.79834 0.06641 0.07715
0 0.61182 0.78809 0.07129 0.06445
0 0.51318 0.70361 0.07715 0.06348
0 0.41895 0.69629 0.07422 0.07227
0 0.09863 0.83203 0.09766 0.06836
0 0.23535 0.68457 0.10352 0.10938
0 0.05518 0.66992 0.07129 0.11719
0 0.64697 0.58789 0.05957 0.11133
0 0.48682 0.56396 0.10645 0.09473
0 0.48096 0.646 0.06934 0.05371
0 0.21875 0.45947 0.07422 0.07715
0 0.31494 0.46436 0.06543 0.06543
0 0.53809 0.44531 0.06836 0.06836
0 0.64551 0.43115 0.07031 0.07715
0 0.80273 0.52246 0.0625 0.09766
0 0.90527 0.5498 0.06836 0.06055
0 0.89648 0.43945 0.08789 0.07422
0 0.80859 0.44238 0.07422 0.07227
0 0.51953 0.3667 0.08594 0.07129
0 0.69336 0.38623 0.06641 0.05371
0 0.76416 0.36768 0.06152 0.08301
0 0.83398 0.37256 0.08984 0.06152
0 0.67139 0.26709 0.08691 0.0791
0 0.59766 0.29199 0.07031 0.08008
0 0.11133 0.29932 0.06836 0.08887
0 0.05176 0.26074 0.07422 0.06641
0 0.92578 0.17822 0.09766 0.08887
0 0.32129 0.40576 0.08398 0.08301
0 0.59814 0.604 0.06934 0.08887
0 0.48291 0.75146 0.0752 0.06934
0 0.49365 0.8833 0.07324 0.08105
0 0.26025 0.48975 0.14551 0.08887
0 0.54346 0.5083 0.06934 0.06152
0 0.72803 0.46045 0.0791 0.07324
0 0.67383 0.9458 0.10742 0.1084
0 0.38477 0.93213 0.06641 0.0752
0 0.85205 0.97607 0.21387 0.04785
0 0.57373 0.66797 0.06348 0.0625
0 0.05322 0.40479 0.10645 0.11426
