0 0.92969 0.93848 0.06445 0.08203
0 0.77051 0.35938 0.11719 0.10547
0 0.79346 0.72217 0.08691 0.18066
0 0.95801 0.81445 0.07227 0.05469
0 0.09131 0.77002 0.18262 0.14746
0 0.54102 0.271 0.13477 0.06738
0 0.51221 0.69189 0.13965 0.05566
0 0.91699 0.64062 0.06445 0.0625
0 0.81104 0.89941 0.10254 0.05469
0 0.51074 0.35059 0.18164 0.15234
0 0.7998 0.0957 0.09961 0.1875
0 0.75928 0.26318 0.0752 0.17285
0 0.64355 0.32861 0.0625 0.14746
0 0.19092 0.18359 0.07324 0.09961
0 0.44434 0.84082 0.13477 0.12695
0 0.3623 0.90723 0.08008 0.15039
0 0.7832 0.45557 0.0625 0.12207
0 0.92627 0.2998 0.14746 0.17383
0 0.28467 0.11719 0.11035 0.17969
0 0.07324 0.90088 0.07227 0.07715
0 0.59473 0.19824 0.06055 0.05273
0 0.63818 0.91064 0.06738 0.14746
0 0.49805 0.51807 0.10742 0.07715
0 0.33936 0.37695 0.0498 0.10938
0 0.3833 0.66699 0.07324 0.23438
0 0.56787 0.56445 0.05762 0.07422
0 0.9624 0.40088 0.0752 0.08301
0 0.91064 0.51807 0.10254 0.06738
0 0.21826 0.41064 0.1123 0.07715
0 0.04932 0.55322 0.09473 0.07715
0 0.33691 0.4873 0.10938 0.13477
0 0.22852 0.5332 0.15234 0.13281
0 0.70605 0.77539 0.05273 0.0625
0 0.87305 0.4873 0.0625 0.08008
0 0.07959 0.37061 0.14551 0.09473
0 0.63574 0.84326 0.10742 0.19238
0 0.14844 0.21094 0.08789 0.10742
0 0.0957 0.146 0.13672 0.24707
0 0.45557 0.54102 0.10254 0.26758
0 0.61328 0.63867 0.08789 0.14258
0 0.03955 0.43213 0.0752 0.16504
0 0.42969 0.03809 0.08008 0.07227
0 0.62207 0.68701 0.10547 0.06543
0 0.67578 0.64209 0.06836 0.21973
0 0.62451 0.87207 0.05566 0.21484
0 0.64014 0.01367 0.06543 0.02344
0 0.07568 0.3374 0.14746 0.16504
0 0.25781 0.54297 0.06445 0.28711
0 0.52344 0.74463 0.09766 0.15527
0 0.97168 0.09668 0.05664 0.11523
0 0.03809 0.04346 0.07227 0.08301
0 0.05225 0.6748 0.09473 0.07031
0 0.32471 0.13672 0.08496 0.21484
0 0.35889 0.02686 0.0752 0.05371
0 0.02832 0.6499 0.05273 0.0752
0 0.32324 0.94287 0.08203 0.10254
0 0.32471 0.72705 0.0498 0.1709
0 0.65967 0.61816 0.0752 0.04688
0 0.55566 0.01807 0.0332 0.03223
0 0.35059 0.6123 0.13672 0.11914
0 0.90723 0.01562 0.04492 0.02734
