0 0.91553 0.27686 0.16895 0.13379
0 0.8457 0.10156 0.12305 0.10742
0 0.94775 0.14795 0.05762 0.09082
0 0.45996 0.04395 0.06445 0.07617
0 0.60938 0.18799 0.19141 0.06152
0 0.51025 0.13379 0.07324 0.07031
0 0.40576 0.13965 0.10645 0.0625
0 0.40137 0.20801 0.0957 0.07422
0 0.59814 0.27246 0.09082 0.07812
0 0.66504 0.28857 0.06836 0.06543
0 0.62988 0.37158 0.10547 0.06543
0 0.19629 0.02832 0.13281 0.05664
0 0.13623 0.12012 0.14355 0.08789
0 0.19727 0.20361 0.14648 0.06738
0 0.21143 0.24707 0.0791 0.06641
0 0.17236 0.29053 0.06152 0.08105
0 0.06689 0.34814 0.09668 0.05566
0 0.17822 0.37695 0.11621 0.06055
0 0.14014 0.41455 0.06152 0.04395
0 0.3291 0.3125 0.08008 0.07227
0 0.03027 0.12158 0.05469 0.07715
0 0.26904 0.62207 0.10254 0.06055
0 0.22559 0.68018 0.05859 0.06934
0 0.2251 0.76367 0.11035 0.0918
0 0.27295 0.8418 0.11621 0.08008
0 0.34082 0.73633 0.06836 0.06641
0 0.3999 0.61523 0.07129 0.10938
0 0.43262 0.74414 0.08984 0.09375
0 0.55762 0.70996 0.11719 0.06836
0 0.59668 0.6665 0.0625 0.0752
0 0.66064 0.55762 0.09863 0.08789
0 0.79297 0.44092 0.06836 0.15527
0 0.85791 0.44385 0.06934 0.12402
0 0.80518 0.62012 0.11035 0.08008
0 0.82764 0.63818 0.10254 0.07129
0 0.88965 0.66699 0.08594 0.06641
0 0.85107 0.75586 0.09082 0.06641
0 0.80664 0.80078 0.06641 0.0625
0 0.91162 0.81201 0.06543 0.05371
0 0.78906 0.95947 0.07812 0.08105
0 0.60889 0.95605 0.08105 0.06445
0 0.43799 0.88623 0.10254 0.07324
0 0.1792 0.90918 0.07715 0.0625
0 0.30615 0.90527 0.08691 0.07227
0 0.83008 0.26074 0.07031 0.05664
0 0.33008 0.45459 0.06445 0.05371
0 0.48975 0.96973 0.04395 0.05078
0 0.48926 0.85498 0.0332 0.0498
0 0.55518 0.74365 0.12598 0.06543
0 0.68018 0.66113 0.03223 0.04102
0 0.94385 0.60498 0.05957 0.09473
