0 0.1333 0.02197 0.13965 0.04395
0 0.31104 0.14502 0.07324 0.07129
0 0.15186 0.18506 0.07324 0.08301
0 0.04395 0.19482 0.08008 0.0752
0 0.31006 0.41797 0.15527 0.10547
0 0.11279 0.39453 0.07715 0.07812
0 0.53467 0.20654 0.06543 0.05957
0 0.60059 0.13672 0.14062 0.09375
0 0.61133 0.02832 0.11133 0.05664
0 0.79834 0.01514 0.0752 0.03027
0 0.76807 0.06982 0.0752 0.07129
0 0.85254 0.1582 0.09766 0.10156
0 0.56006 0.30029 0.09473 0.07129
0 0.33691 0.26172 0.10938 0.09766
0 0.49854 0.3877 0.09473 0.13867
0 0.25635 0.57422 0.08301 0.08789
0 0.13525 0.60742 0.06738 0.08008
0 0.02197 0.31885 0.04395 0.11621
0 0.64014 0.67822 0.07324 0.1123
0 0.65137 0.58691 0.08789 0.10547
0 0.7085 0.48584 0.08301 0.10449
0 0.37744 0.79297 0.05957 0.08203
0 0.46875 0.77734 0.0957 0.08203
0 0.13232 0.81885 0.08496 0.12012
0 0.021 0.74951 0.04199 0.08496
0 0.01123 0.65283 0.02246 0.07129
0 0.16406 0.9624 0.09375 0.0752
0 0.27881 0.87744 0.07715 0.09473
0 0.43408 0.91943 0.09668 0.06738
0 0.72559 0.71875 0.06055 0.10352
0 0.87939 0.72363 0.12793 0.17969
0 0.95068 0.9292 0.09863 0.09082
0 0.85889 0.41895 0.14941 0.08789
0 0.99121 0.21094 0.01758 0.07227
0 0.04102 0.03955 0.04688 0.0791
0 0.90576 0.27197 0.10254 0.08496
