0 0.70703 0.02344 0.125 0.04688
0 0.21484 0.20703 0.11523 0.08008
0 0.7334 0.11328 0.15234 0.11719
0 0.0708 0.18555 0.1416 0.08203
0 0.50977 0.87061 0.07031 0.06738
0 0.63965 0.31982 0.10547 0.11035
0 0.42334 0.85986 0.1123 0.08496
0 0.49951 0.34229 0.10059 0.0752
0 0.62305 0.96094 0.16211 0.07812
0 0.12354 0.79199 0.12207 0.07422
0 0.09473 0.44824 0.11523 0.08203
0 0.06104 0.37695 0.12207 0.10547
0 0.08203 0.64697 0.16406 0.06543
0 0.56836 0.29297 0.11328 0.09766
0 0.08984 0.70703 0.16016 0.07422
0 0.57812 0.59668 0.17188 0.08594
0 0.55469 0.7959 0.08203 0.07031
0 0.41797 0.5166 0.14062 0.06445
