0 0.71191 0.80713 0.09961 0.10059
0 0.74072 0.49268 0.1123 0.11426
0 0.35303 0.31592 0.12207 0.1123
0 0.7793 0.3418 0.09766 0.10742
0 0.51807 0.83691 0.10254 0.0957
0 0.16211 0.82812 0.17969 0.0918
0 0.21338 0.64355 0.14746 0.10742
0 0.97461 0.61963 0.05078 0.16504
0 0.87744 0.68018 0.09473 0.11426
0 0.59473 0.18701 0.09961 0.09473
0 0.3833 0.21289 0.14746 0.125
0 0.26758 0.36963 0.0957 0.10449
0 0.5957 0.53076 0.11719 0.09668
0 0.43896 0.67334 0.16895 0.09668
0 0.24463 0.55566 0.11035 0.08789
0 0.11914 0.9082 0.12305 0.08789
0 0.18652 0.26221 0.10156 0.19629
0 0.9585 0.1333 0.08301 0.13184
0 0.93848 0.24658 0.0957 0.11426
0 0.60107 0.95068 0.08496 0.0752
0 0.87598 0.0459 0.09766 0.08789
0 0.34717 0.08594 0.12988 0.12305
0 0.5498 0.22754 0.07031 0.09766
0 0.43506 0.7168 0.09668 0.09375
0 0.4707 0.23535 0.09766 0.0957
0 0.01465 0.74463 0.0293 0.05566
