0 0.30273 0.19775 0.12305 0.06543
0 0.96924 0.90186 0.06152 0.06152
0 0.32227 0.73877 0.06445 0.0791
0 0.70361 0.19629 0.07129 0.08984
0 0.41357 0.13281 0.12988 0.06055
0 0.31689 0.39795 0.09277 0.08496
0 0.87354 0.86426 0.12402 0.09766
0 0.06738 0.03564 0.11523 0.0459
0 0.45215 0.45312 0.11133 0.04297
0 0.93945 0.46436 0.06641 0.05176
0 0.0874 0.43213 0.10449 0.09668
0 0.75342 0.9707 0.18262 0.05664
0 0.67969 0.39795 0.11523 0.08496
0 0.53613 0.26074 0.13672 0.06055
0 0.68799 0.68896 0.08691 0.07715
0 0.69092 0.73682 0.10254 0.0752
0 0.06543 0.92236 0.12891 0.07715
0 0.61816 0.44873 0.08789 0.04785
0 0.7876 0.40918 0.07715 0.07617
0 0.81055 0.39551 0.07812 0.04883
0 0.93945 0.02197 0.08008 0.04395
0 0.96826 0.74316 0.06348 0.05859
0 0.31104 0.29932 0.11426 0.08691
0 0.46777 0.18652 0.05469 0.04688
0 0.49316 0.49561 0.12109 0.06152
0 0.29492 0.1582 0.07617 0.04297
0 0.75781 0.61133 0.06641 0.04102
0 0.4834 0.7998 0.11914 0.07812
0 0.10498 0.3252 0.0791 0.03516
0 0.45459 0.88525 0.11816 0.03613
0 0.89844 0.98975 0.06641 0.02051
0 0.84326 0.80176 0.08691 0.0293
0 0.16113 0.74072 0.07031 0.02832
0 0.07422 0.53613 0.10156 0.0332
0 0.42773 0.32275 0.14258 0.03613
0 0.17041 0.5752 0.13574 0.05273
0 0.86133 0.62744 0.08398 0.02637
0 0.09033 0.70605 0.11621 0.05664
0 0.92871 0.73389 0.08008 0.05371
0 0.96924 0.6626 0.06152 0.02246
0 0.15234 0.85938 0.14648 0.04102
0 0.21582 0.94482 0.15039 0.03223
0 0.46875 0.21533 0.06641 0.04785
0 0.48779 0.65283 0.13574 0.04004
0 0.08008 0.63525 0.10156 0.03027
0 0.56055 0.91406 0.12695 0.04688
0 0.97119 0.25684 0.05762 0.03125
0 0.84766 0.95312 0.06641 0.0332
0 0.90186 0.08594 0.1416 0.11328
0 0.79688 0.13916 0.0918 0.06543
0 0.80908 0.29443 0.10254 0.03613
0 0.23926 0.91553 0.11914 0.03027
0 0.11133 0.49756 0.11523 0.04004
0 0.49561 0.78223 0.11621 0.0293
0 0.71045 0.27832 0.14746 0.05859
0 0.04736 0.46094 0.09082 0.02734
0 0.93164 0.84961 0.03516 0.05664
0 0.76855 0.48193 0.18359 0.04199
0 0.27246 0.47607 0.04688 0.03809
0 0.61523 0.40527 0.10938 0.08008
0 0.84961 0.28711 0.10352 0.04688
0 0.43359 0.5415 0.1875 0.05762
0 0.62451 0.67139 0.08496 0.03027
0 0.13037 0.5332 0.09082 0.03906
0 0.05029 0.68115 0.10059 0.05371
0 0.03027 0.72559 0.05469 0.0332
0 0.52783 0.69678 0.08691 0.03613
0 0.84814 0.51758 0.09668 0.03906
0 0.74463 0.104 0.09082 0.0752
0 0.72949 0.50098 0.11914 0.10352
0 0.8833 0.06006 0.08301 0.07324
0 0.06641 0.56299 0.11133 0.02441
0 0.49902 0.56738 0.07422 0.04102
0 0.51758 0.5332 0.10156 0.03906
