0 0.89404 0.06104 0.06934 0.11426
0 0.81494 0.02002 0.05762 0.04004
0 0.59033 0.10254 0.06934 0.07031
0 0.69287 0.14697 0.13184 0.09082
0 0.85645 0.21777 0.11328 0.08594
0 0.91943 0.3833 0.09473 0.06348
0 0.67627 0.32666 0.11621 0.07715
0 0.71338 0.2583 0.07715 0.0791
0 0.54541 0.21875 0.06934 0.08789
0 0.41162 0.2002 0.08301 0.08594
0 0.35059 0.32861 0.06641 0.06934
0 0.64551 0.51367 0.11914 0.08984
0 0.54492 0.59473 0.10938 0.07227
0 0.78906 0.64258 0.12891 0.10938
0 0.59863 0.72559 0.08594 0.12109
0 0.53027 0.78809 0.08398 0.0957
0 0.19043 0.75635 0.12305 0.0752
0 0.06592 0.76172 0.13184 0.08008
0 0.10352 0.58203 0.13867 0.07617
0 0.2666 0.47705 0.12695 0.08691
0 0.33252 0.60547 0.09668 0.11523
0 0.39648 0.5957 0.07812 0.08008
0 0.74756 0.82764 0.08105 0.10254
0 0.95361 0.82715 0.09277 0.08203
0 0.60791 0.96094 0.19824 0.07227
0 0.05664 0.46143 0.11328 0.09473
0 0.06006 0.36523 0.12012 0.04492
0 0.10156 0.30713 0.09961 0.05371
0 0.16016 0.19385 0.14844 0.06543
0 0.27344 0.12354 0.10938 0.05176
0 0.9834 0.49854 0.0332 0.11621
0 0.2876 0.79736 0.08887 0.08105
0 0.19043 0.84424 0.10938 0.11035
0 0.43018 0.08838 0.08105 0.06348
0 0.98438 0.27295 0.03125 0.05176
