0 0.02734 0.70312 0.05469 0.08203
0 0.60059 0.33838 0.15234 0.08691
0 0.04834 0.1582 0.09668 0.11719
0 0.59814 0.53076 0.11816 0.12793
0 0.55371 0.6958 0.125 0.10254
0 0.4585 0.4873 0.1123 0.09961
0 0.01807 0.48047 0.03613 0.07031
0 0.3457 0.8916 0.09766 0.08008
0 0.02344 0.08496 0.04688 0.08008
0 0.85889 0.26611 0.21387 0.09863
0 0.37549 0.78857 0.04785 0.06738
0 0.39355 0.59961 0.15234 0.08008
0 0.20703 0.89893 0.14453 0.10059
0 0.07568 0.83252 0.09473 0.07715
0 0.00879 0.88672 0.01758 0.06445
0 0.29199 0.02441 0.09766 0.04883
0 0.7583 0.61475 0.06738 0.06543
0 0.79004 0.16406 0.125 0.10742
0 0.35449 0.95117 0.08984 0.09766
0 0.22852 0.45166 0.09766 0.0498
0 0.84326 0.86963 0.08496 0.06934
