0 0.9209 0.86426 0.12695 0.10742
0 0.84424 0.35693 0.1123 0.10254
0 0.34082 0.79688 0.17773 0.10547
0 0.17773 0.06348 0.08008 0.10742
0 0.38623 0.71338 0.15723 0.07324
0 0.09326 0.02344 0.07715 0.04688
0 0.73242 0.56592 0.0918 0.09473
0 0.63525 0.60059 0.09863 0.0918
0 0.78271 0.08936 0.07715 0.0791
0 0.32959 0.4248 0.12012 0.17969
0 0.86279 0.71094 0.0752 0.06445
0 0.44385 0.37646 0.08691 0.12598
0 0.12451 0.82324 0.0791 0.07812
0 0.5332 0.95703 0.17773 0.08594
0 0.78564 0.95898 0.08496 0.08203
0 0.97607 0.63965 0.04785 0.08008
0 0.18701 0.77002 0.0752 0.05762
0 0.73633 0.34912 0.06836 0.06348
0 0.06738 0.87256 0.13477 0.08887
0 0.63818 0.97852 0.08301 0.04297
0 0.06201 0.10205 0.12012 0.11426
0 0.51709 0.36816 0.10059 0.11328
