0 0.04736 0.29004 0.07129 0.06641
0 0.03711 0.35498 0.06641 0.06934
0 0.10645 0.41016 0.06641 0.07812
0 0.03467 0.50293 0.06934 0.0957
0 0.1958 0.56104 0.07129 0.09082
0 0.28564 0.66162 0.09277 0.12598
0 0.04248 0.96875 0.08105 0.0625
0 0.24609 0.95264 0.0957 0.09473
0 0.17383 0.84082 0.0957 0.06836
0 0.2002 0.80566 0.10742 0.08398
0 0.30029 0.77637 0.0791 0.06055
0 0.31982 0.86182 0.07324 0.0752
0 0.92725 0.98926 0.09082 0.02148
0 0.73291 0.97266 0.08105 0.05469
0 0.78271 0.9209 0.07715 0.06836
0 0.66113 0.83789 0.0957 0.08008
0 0.76904 0.81055 0.0752 0.06641
0 0.78662 0.73975 0.06543 0.06348
0 0.65527 0.67188 0.06445 0.04492
0 0.68213 0.72314 0.06738 0.05371
0 0.42871 0.77148 0.07031 0.0625
0 0.39209 0.82031 0.05762 0.06055
0 0.75488 0.66895 0.0918 0.06641
0 0.75488 0.63867 0.05859 0.03906
0 0.48486 0.52734 0.12402 0.10352
0 0.27979 0.50586 0.07129 0.07031
0 0.26221 0.40039 0.09277 0.13477
0 0.39209 0.40967 0.06934 0.06348
0 0.2793 0.26562 0.08984 0.06055
0 0.38867 0.23535 0.09375 0.13281
0 0.14355 0.18262 0.13086 0.08398
0 0.08594 0.13184 0.0625 0.125
0 0.57568 0.21338 0.10645 0.10254
0 0.59473 0.36719 0.0957 0.0625
0 0.77051 0.27539 0.08398 0.05859
0 0.79199 0.20312 0.07812 0.04883
0 0.9165 0.09131 0.09082 0.07324
0 0.87891 0.19873 0.08008 0.09863
0 0.94727 0.229 0.07422 0.05566
0 0.94873 0.30713 0.08691 0.06543
0 0.89062 0.37842 0.0957 0.0752
0 0.86133 0.45996 0.07031 0.08984
0 0.92383 0.53711 0.05664 0.06641
0 0.93896 0.74707 0.0791 0.06641
0 0.88428 0.83496 0.05762 0.10156
0 0.9375 0.83984 0.04883 0.0625
0 0.88477 0.61279 0.08984 0.12402
0 0.70752 0.47803 0.07324 0.0752
0 0.58984 0.45557 0.08789 0.09473
0 0.55713 0.5 0.07715 0.09375
0 0.85449 0.29199 0.04102 0.05664
