0 0.18506 0.97021 0.10645 0.05957
0 0.28027 0.98926 0.0918 0.02148
0 0.72461 0.89307 0.08789 0.09082
0 0.28809 0.80566 0.19531 0.10742
0 0.41064 0.7832 0.08105 0.08594
0 0.01709 0.80615 0.03418 0.09473
0 0.59961 0.70166 0.10742 0.08105
0 0.6543 0.60986 0.07812 0.0752
0 0.57959 0.55322 0.07129 0.08496
0 0.771 0.49756 0.15723 0.08496
0 0.41846 0.49072 0.09668 0.09473
0 0.96436 0.88525 0.07129 0.07129
0 0.13086 0.52441 0.10156 0.06836
0 0.2041 0.45752 0.11328 0.06543
0 0.21533 0.34082 0.06348 0.08203
0 0.22217 0.24854 0.07324 0.0752
0 0.23633 0.17871 0.12305 0.09961
0 0.04688 0.1543 0.09375 0.10156
0 0.29736 0.05469 0.10059 0.10938
0 0.51904 0.12646 0.09277 0.08887
0 0.65234 0.21094 0.10547 0.13867
0 0.55811 0.38232 0.10254 0.12012
0 0.82764 0.28613 0.10645 0.10742
0 0.94043 0.38184 0.11914 0.09961
0 0.80518 0.1377 0.12012 0.11914
0 0.9043 0.0542 0.14844 0.08691
0 0.48486 0.88232 0.0752 0.06934
