0 0.10059 0.33252 0.09961 0.15137
0 0.16211 0.11572 0.06641 0.08496
0 0.35449 0.26953 0.06641 0.10742
0 0.38916 0.34814 0.0791 0.06348
0 0.28076 0.43994 0.13965 0.11426
0 0.16943 0.57178 0.12793 0.15332
0 0.06641 0.72998 0.13281 0.09473
0 0.69629 0.98389 0.08594 0.03223
0 0.58203 0.94727 0.0957 0.09375
0 0.67627 0.83594 0.12598 0.10156
0 0.22852 0.89697 0.15039 0.10059
0 0.19092 0.72559 0.07715 0.0918
0 0.42529 0.77588 0.15137 0.15723
0 0.44238 0.64648 0.08789 0.10156
0 0.28223 0.54297 0.07422 0.10742
0 0.54492 0.5127 0.08398 0.10352
0 0.6416 0.45264 0.125 0.11621
0 0.7334 0.47852 0.11328 0.14258
0 0.8418 0.45361 0.07617 0.10059
0 0.79053 0.75293 0.0791 0.07031
0 0.78906 0.91602 0.08203 0.07422
0 0.88184 0.99023 0.08008 0.01953
0 0.67383 0.60156 0.11719 0.12305
0 0.65869 0.22754 0.08691 0.0918
0 0.41455 0.16992 0.06348 0.06445
0 0.78125 0.0835 0.07031 0.09863
0 0.875 0.20215 0.11719 0.09766
0 0.89014 0.02539 0.05957 0.05078
0 0.66211 0.02441 0.10938 0.04883
0 0.18799 0.17871 0.09473 0.17773
0 0.29395 0.01758 0.10938 0.03516
0 0.33301 0.75195 0.05469 0.08008
0 0.42676 0.22168 0.08398 0.07812
