0 0.56006 0.03467 0.08496 0.06934
0 0.4126 0.02197 0.09277 0.04395
0 0.33887 0.02539 0.06641 0.05078
0 0.13281 0.23535 0.05664 0.06641
0 0.1499 0.28906 0.09863 0.05859
0 0.08203 0.27002 0.06836 0.08691
0 0.02539 0.32812 0.04492 0.0625
0 0.41553 0.27197 0.07129 0.06738
0 0.48682 0.34619 0.06934 0.06738
0 0.30615 0.38379 0.06348 0.07422
0 0.35791 0.42969 0.05957 0.13477
0 0.3916 0.49951 0.06836 0.07324
0 0.229 0.51318 0.14551 0.08301
0 0.13428 0.47363 0.08691 0.06445
0 0.05811 0.40381 0.10645 0.07129
0 0.05176 0.48242 0.06641 0.05664
0 0.27588 0.60498 0.09082 0.07715
0 0.35156 0.57715 0.05859 0.06836
0 0.32178 0.72998 0.08691 0.11035
0 0.41699 0.74561 0.06445 0.05566
0 0.5293 0.73584 0.07227 0.06152
0 0.59814 0.69141 0.07129 0.07227
0 0.06738 0.81787 0.08984 0.07715
0 0.15234 0.85059 0.06641 0.06836
0 0.1543 0.90527 0.06641 0.05078
0 0.2168 0.90918 0.06445 0.06055
0 0.27637 0.87842 0.07422 0.06152
0 0.34375 0.8125 0.06836 0.06836
0 0.37842 0.83936 0.06348 0.05566
0 0.30762 0.9292 0.0957 0.07324
0 0.38184 0.94678 0.10938 0.08691
0 0.08984 0.98633 0.07227 0.02734
0 0.4126 0.98096 0.06934 0.03809
0 0.4834 0.9668 0.07422 0.06641
0 0.48926 0.90234 0.06055 0.06055
0 0.56299 0.88135 0.05762 0.07129
0 0.55713 0.93604 0.06934 0.06543
0 0.6167 0.92627 0.06543 0.07129
0 0.93066 0.96094 0.06641 0.07812
0 0.75098 0.81982 0.05469 0.07715
0 0.80469 0.83984 0.07227 0.0625
0 0.94141 0.69385 0.09766 0.0752
0 0.96387 0.81982 0.07227 0.08691
0 0.84131 0.58301 0.10059 0.06836
0 0.75732 0.42334 0.08691 0.0752
0 0.89941 0.43896 0.11914 0.08691
0 0.92676 0.02295 0.08398 0.0459
0 0.26514 0.06641 0.05371 0.05859
0 0.22998 0.96484 0.06152 0.03516
0 0.65918 0.01367 0.04492 0.02734
0 0.10693 0.95654 0.10254 0.03613
