0 0.30127 0.39648 0.0791 0.0957
0 0.30713 0.8584 0.06152 0.10352
0 0.98486 0.08154 0.03027 0.05957
0 0.79785 0.07422 0.05859 0.10156
0 0.60352 0.07422 0.06641 0.07422
0 0.95264 0.66846 0.09473 0.09082
0 0.73047 0.39062 0.04883 0.06445
0 0.6665 0.97021 0.12012 0.05957
0 0.50391 0.43896 0.10742 0.0498
0 0.67871 0.79541 0.0625 0.05371
0 0.9917 0.36426 0.0166 0.08398
0 0.27441 0.44287 0.09375 0.0791
0 0.48633 0.75635 0.06445 0.06543
0 0.53418 0.69336 0.08008 0.06836
0 0.47998 0.66602 0.06934 0.08203
0 0.79395 0.14502 0.10156 0.07715
0 0.05811 0.1001 0.11621 0.09863
0 0.73389 0.6792 0.08105 0.06738
0 0.54688 0.3291 0.06445 0.06445
0 0.41992 0.32471 0.07031 0.08301
0 0.67529 0.02979 0.0752 0.05762
0 0.32031 0.08691 0.13281 0.0625
0 0.26953 0.95605 0.07031 0.05469
0 0.93359 0.27832 0.07812 0.11133
0 0.63867 0.41797 0.06836 0.05273
0 0.23438 0.13037 0.08594 0.05371
0 0.94189 0.1582 0.0791 0.06641
0 0.6709 0.69873 0.05469 0.0498
0 0.11914 0.66797 0.13086 0.11914
0 0.6377 0.47461 0.08203 0.06055
0 0.36328 0.38428 0.06641 0.08301
0 0.5625 0.16357 0.0918 0.05957
0 0.99023 0.76367 0.01953 0.05273
0 0.83594 0.97998 0.05469 0.04004
0 0.37646 0.06787 0.12207 0.08301
0 0.04395 0.74316 0.08789 0.07617
0 0.76465 0.45459 0.06641 0.04395
0 0.08008 0.81982 0.16016 0.08105
0 0.26318 0.67969 0.14355 0.07422
0 0.96875 0.92871 0.0625 0.05469
0 0.8833 0.13184 0.05371 0.0625
0 0.8833 0.94238 0.06543 0.05664
0 0.83398 0.40479 0.10547 0.05957
0 0.38672 0.9834 0.0625 0.03125
0 0.3584 0.6792 0.08789 0.07324
0 0.92676 0.38965 0.05664 0.04688
0 0.03418 0.63477 0.05859 0.05664
0 0.74707 0.98389 0.05859 0.03223
0 0.43604 0.9668 0.0791 0.0332
0 0.69189 0.95752 0.07715 0.05371
0 0.86523 0.02295 0.05469 0.0459
0 0.58447 0.43213 0.09082 0.0498
0 0.84277 0.38623 0.06055 0.09082
0 0.64502 0.98486 0.09863 0.03027
0 0.06885 0.18945 0.1377 0.07227
0 0.0249 0.4707 0.04785 0.04688
0 0.07227 0.87988 0.14453 0.10938
0 0.33887 0.73828 0.06836 0.03516
0 0.63721 0.48242 0.08105 0.03711
0 0.43359 0.66455 0.07617 0.04785
0 0.08154 0.96484 0.16309 0.04883
0 0.15674 0.04395 0.11035 0.08789
0 0.25244 0.05518 0.06348 0.11035
0 0.36426 0.35938 0.06641 0.09961
0 0.58057 0.8335 0.06152 0.03613
0 0.45996 0.69824 0.08398 0.03125
0 0.98291 0.2002 0.03418 0.04688
0 0.05127 0.12207 0.10254 0.08594
0 0.50879 0.38623 0.06055 0.06934
0 0.44873 0.15918 0.18066 0.05859
0 0.4541 0.33301 0.06836 0.0625
0 0.36279 0.7251 0.05957 0.06738
0 0.56641 0.51855 0.06445 0.0625
0 0.26611 0.71387 0.08301 0.04688
0 0.02783 0.76416 0.05566 0.04395
0 0.88232 0.75879 0.0752 0.06055
0 0.9834 0.95947 0.0332 0.04395
0 0.06885 0.99219 0.05371 0.01562
0 0.1626 0.80322 0.06543 0.02832
0 0.10645 0.80322 0.07031 0.05176
0 0.22314 0.08398 0.12012 0.10938
0 0.94189 0.68066 0.05371 0.06641
0 0.82617 0.14404 0.09961 0.0752
0 0.93848 0.4502 0.0625 0.04492
0 0.50879 0.74219 0.06055 0.03711
0 0.06738 0.70508 0.08594 0.0625
0 0.15234 0.73486 0.11719 0.04785
