0 0.02832 0.0459 0.05664 0.0918
0 0.27295 0.08594 0.08105 0.06445
0 0.51367 0.06055 0.14062 0.11328
0 0.53613 0.15137 0.11133 0.09961
0 0.37891 0.23975 0.12695 0.13379
0 0.15967 0.2124 0.0752 0.08301
0 0.07178 0.23242 0.11816 0.11523
0 0.20312 0.42383 0.11914 0.08984
0 0.08105 0.40039 0.12891 0.08594
0 0.73145 0.31738 0.10156 0.10547
0 0.85352 0.20752 0.11523 0.08887
0 0.89355 0.46289 0.10352 0.11133
0 0.89355 0.60693 0.11133 0.07715
0 0.73926 0.63037 0.125 0.11621
0 0.63135 0.48096 0.0752 0.09863
0 0.72754 0.41748 0.07031 0.09082
0 0.36133 0.50146 0.13477 0.09668
0 0.47461 0.59033 0.0918 0.08105
0 0.05713 0.69873 0.06152 0.07129
0 0.03271 0.60596 0.06543 0.09082
0 0.10352 0.78516 0.12305 0.08984
0 0.16602 0.87695 0.10156 0.14062
0 0.27393 0.80615 0.08301 0.09863
0 0.39844 0.78711 0.08984 0.09766
0 0.6792 0.72559 0.15918 0.06641
0 0.68457 0.85205 0.11133 0.09082
0 0.7168 0.96777 0.07031 0.06445
0 0.39941 0.95361 0.14648 0.09277
0 0.28662 0.92041 0.06152 0.07324
0 0.9458 0.85352 0.1084 0.07617
0 0.8667 0.76904 0.08105 0.06934
0 0.94287 0.73438 0.09082 0.11523
