0 0.03564 0.98047 0.07129 0.03906
0 0.03516 0.83984 0.07031 0.0625
0 0.10498 0.30664 0.0791 0.06641
0 0.08203 0.43555 0.05273 0.06641
0 0.02295 0.48193 0.0459 0.05371
0 0.02734 0.40527 0.05469 0.05664
0 0.12598 0.08838 0.10938 0.07324
0 0.21191 0.03809 0.0625 0.0625
0 0.29346 0.1499 0.11426 0.10449
0 0.23096 0.22559 0.09473 0.11914
0 0.28467 0.3125 0.06934 0.09766
0 0.3457 0.35791 0.0918 0.06348
0 0.3125 0.42041 0.07031 0.05371
0 0.18701 0.52148 0.06934 0.06836
0 0.19189 0.5791 0.05957 0.04883
0 0.39014 0.50684 0.05566 0.0625
0 0.30176 0.56836 0.07031 0.05078
0 0.35986 0.60205 0.09473 0.05957
0 0.35107 0.72266 0.08105 0.08203
0 0.26025 0.76074 0.05762 0.07812
0 0.17676 0.80078 0.07031 0.05469
0 0.32861 0.8999 0.09473 0.06152
0 0.45215 0.93604 0.07812 0.06348
0 0.58984 0.6377 0.08398 0.12695
0 0.58105 0.45264 0.06836 0.08691
0 0.54688 0.36768 0.09375 0.04785
0 0.61719 0.29785 0.06445 0.07227
0 0.56836 0.25 0.06445 0.07227
0 0.45068 0.18066 0.05957 0.09766
0 0.67188 0.10693 0.10352 0.05371
0 0.61279 0.02637 0.09863 0.05273
0 0.7207 0.37842 0.06641 0.07715
0 0.77588 0.46973 0.07715 0.05078
0 0.87354 0.49854 0.06543 0.06543
0 0.74316 0.58789 0.06836 0.07227
0 0.87988 0.60156 0.11523 0.10156
0 0.98438 0.53418 0.03125 0.07031
0 0.94531 0.43652 0.05078 0.07031
0 0.83252 0.24805 0.0498 0.0957
0 0.97266 0.26904 0.05469 0.05566
0 0.97998 0.21631 0.04004 0.05957
0 0.96924 0.10254 0.06152 0.11719
0 0.75391 0.05664 0.06836 0.06641
0 0.96289 0.72461 0.07227 0.07031
0 0.83398 0.78027 0.0625 0.06836
0 0.97705 0.81152 0.0459 0.07031
0 0.9624 0.93018 0.06934 0.07715
0 0.86182 0.88965 0.06152 0.0918
0 0.8042 0.9458 0.06543 0.09668
0 0.91504 0.97168 0.06641 0.05664
0 0.67773 0.94629 0.07031 0.06641
0 0.58154 0.93359 0.0498 0.05078
0 0.56689 0.98682 0.10059 0.02637
0 0.84961 0.98438 0.05273 0.03125
0 0.91211 0.89697 0.07227 0.03613
0 0.53418 0.61035 0.06445 0.07031
0 0.08643 0.37891 0.05176 0.07031
0 0.70996 0.21729 0.04297 0.09473
0 0.32666 0.02051 0.06348 0.04102
0 0.11133 0.47119 0.04883 0.05176
0 0.04395 0.59082 0.05273 0.13867
