0 0.21924 0.63428 0.09082 0.06152
0 0.77246 0.31934 0.05078 0.0957
0 0.67822 0.3252 0.0752 0.09766
0 0.0293 0.4126 0.05859 0.1123
0 0.88037 0.03906 0.03809 0.07617
0 0.22705 0.36475 0.04004 0.09863
0 0.79883 0.74072 0.07422 0.0752
0 0.2251 0.03906 0.05566 0.07812
0 0.07129 0.3252 0.11328 0.05859
0 0.66309 0.6875 0.05469 0.09375
0 0.8584 0.4585 0.05859 0.07715
0 0.94092 0.39697 0.11426 0.04785
0 0.5498 0.18311 0.0918 0.08105
0 0.01318 0.55713 0.02637 0.05371
0 0.4165 0.4082 0.07715 0.09375
0 0.49023 0.36182 0.08594 0.04785
0 0.55469 0.13867 0.03906 0.08398
0 0.32227 0.38037 0.04297 0.1377
0 0.62207 0.40479 0.08203 0.06738
0 0.21533 0.2627 0.06348 0.03906
0 0.76904 0.45752 0.09082 0.07129
0 0.47852 0.41113 0.10156 0.0332
0 0.33887 0.60498 0.02539 0.08301
0 0.02686 0.72559 0.05371 0.04688
0 0.51514 0.05811 0.06543 0.07324
0 0.89111 0.82715 0.02832 0.08789
0 0.88086 0.71338 0.03125 0.08691
0 0.46533 0.78662 0.09277 0.03613
0 0.38623 0.4502 0.03418 0.06641
0 0.16943 0.81396 0.05957 0.04785
0 0.26074 0.37012 0.0293 0.08789
0 0.84912 0.49561 0.02637 0.06738
0 0.60303 0.07715 0.06934 0.04297
0 0.33105 0.82666 0.09766 0.04395
0 0.49072 0.48584 0.05176 0.06152
0 0.15381 0.83838 0.05176 0.03223
0 0.78076 0.41113 0.04199 0.0625
0 0.73828 0.15674 0.02344 0.05566
0 0.14795 0.39941 0.07324 0.05078
0 0.24414 0.80127 0.08203 0.03027
0 0.28564 0.47803 0.11426 0.03418
0 0.05566 0.80664 0.07812 0.04883
0 0.6709 0.04395 0.09375 0.05664
0 0.9585 0.80176 0.05566 0.05078
0 0.4292 0.09766 0.03613 0.06055
0 0.71826 0.02832 0.04004 0.05664
0 0.45605 0.38037 0.08398 0.02051
0 0.40967 0.17529 0.03613 0.04004
0 0.86182 0.89648 0.04395 0.05078
0 0.95801 0.82617 0.03516 0.04883
0 0.49561 0.07129 0.07715 0.04492
0 0.30273 0.34912 0.07617 0.0752
