0 0.49121 0.0957 0.10547 0.08008
0 0.48584 0.1582 0.10059 0.09375
0 0.52148 0.35254 0.07422 0.12109
0 0.59131 0.43018 0.0752 0.12598
0 0.30518 0.41602 0.09277 0.07812
0 0.24072 0.26709 0.07129 0.10059
0 0.12646 0.08789 0.08887 0.0957
0 0.76758 0.07275 0.11719 0.14551
0 0.87793 0.16016 0.125 0.12109
0 0.21143 0.65039 0.08887 0.10547
0 0.10059 0.57373 0.06641 0.05957
0 0.3291 0.64844 0.08594 0.125
0 0.51611 0.69775 0.09863 0.1123
0 0.75391 0.49951 0.12305 0.16895
0 0.98438 0.57861 0.03125 0.09277
0 0.88379 0.82764 0.09961 0.15137
0 0.59277 0.89453 0.08984 0.11719
0 0.45703 0.91309 0.11523 0.17383
0 0.27051 0.93408 0.13477 0.13184
0 0.35156 0.09229 0.05469 0.07715
0 0.67725 0.91113 0.09473 0.08789
0 0.30176 0.81494 0.08594 0.09277
