0 0.3833 0.19727 0.12012 0.10156
0 0.79736 0.22949 0.08887 0.06445
0 0.50015 0.80962 0.09736 0.06045
0 0.69482 0.93262 0.09668 0.04297
0 0.6958 0.28662 0.11621 0.0791
0 0.8418 0.17969 0.10938 0.125
0 0.59961 0.29346 0.08594 0.0459
0 0.59766 0.05957 0.08398 0.07812
0 0.52637 0.14941 0.08789 0.08984
0 0.0542 0.25928 0.1084 0.06934
0 0.31738 0.02686 0.08398 0.04395
0 0.55762 0.48242 0.03906 0.08008
0 0.75146 0.4375 0.09863 0.10742
0 0.42334 0.32227 0.08496 0.04492
0 0.30615 0.68555 0.05566 0.07031
0 0.6665 0.17725 0.08691 0.07129
0 0.14404 0.92529 0.10449 0.05566
0 0.67676 0.45215 0.05859 0.0625
0 0.35254 0.93945 0.11523 0.0625
0 0.18262 0.22119 0.10547 0.05762
0 0.65918 0.64795 0.07227 0.04395
0 0.80322 0.80566 0.08496 0.04102
0 0.85352 0.90381 0.06445 0.04004
0 0.97656 0.28906 0.04688 0.03711
0 0.92676 0.02783 0.07812 0.05566
0 0.53906 0.62549 0.07031 0.0459
0 0.25342 0.71289 0.07129 0.04297
0 0.21143 0.6123 0.11426 0.0625
0 0.04785 0.1665 0.0957 0.05176
0 0.52344 0.75098 0.05273 0.05469
0 0.95898 0.84717 0.06836 0.04395
0 0.20605 0.88232 0.15039 0.04395
0 0.53027 0.90186 0.07227 0.04004
0 0.27686 0.98877 0.09277 0.01855
0 0.20117 0.47021 0.06641 0.04004
0 0.76025 0.98926 0.0752 0.01758
0 0.78174 0.28418 0.04395 0.0332
0 0.25049 0.51807 0.09863 0.03418
0 0.93115 0.12988 0.06152 0.08398
0 0.1875 0.79102 0.10156 0.04688
0 0.14258 0.51953 0.11523 0.06055
0 0.33447 0.84131 0.1709 0.05566
0 0.83203 0.62305 0.04883 0.04883
0 0.03564 0.87549 0.07129 0.04395
0 0.15039 0.68994 0.0625 0.04199
0 0.08057 0.78271 0.0752 0.05566
0 0.80127 0.05225 0.05176 0.0498
0 0.97852 0.18115 0.04297 0.04395
0 0.53955 0.55908 0.05957 0.0498
0 0.95459 0.19287 0.04785 0.06348
0 0.57422 0.15771 0.10352 0.08105
0 0.02246 0.61182 0.04492 0.04004
0 0.75 0.50586 0.10742 0.05664
0 0.53906 0.32471 0.09961 0.05566
0 0.75098 0.35156 0.10352 0.04297
0 0.72803 0.01367 0.03809 0.02539
0 0.50439 0.95898 0.0791 0.01758
0 0.95117 0.85498 0.0625 0.04199
0 0.37842 0.76562 0.05566 0.03906
0 0.02148 0.63818 0.04297 0.03613
0 0.50391 0.83203 0.08789 0.04102
0 0.21777 0.55371 0.11719 0.04102
0 0.25146 0.50732 0.09863 0.02637
0 0.06055 0.55469 0.09766 0.04297
0 0.34131 0.75439 0.0498 0.05371
0 0.4585 0.95801 0.03223 0.05859
0 0.13379 0.00781 0.05078 0.01562
0 0.08496 0.26221 0.0957 0.06738
0 0.0752 0.5791 0.07812 0.04297
0 0.29248 0.5918 0.17871 0.0625
0 0.42041 0.52051 0.09082 0.06641
0 0.85303 0.78613 0.07715 0.06055
0 0.95898 0.35889 0.04102 0.05371
0 0.23682 0.81982 0.06738 0.04395
0 0.16699 0.77393 0.06836 0.04004
0 0.55322 0.28467 0.09277 0.05176
0 0.04834 0.20068 0.04199 0.03223
0 0.81787 0.11279 0.04395 0.06152
0 0.7793 0.1709 0.05859 0.04688
