0 0.16211 0.02588 0.0625 0.05176
0 0.05176 0.15869 0.10352 0.1084
0 0.87549 0.06543 0.13379 0.12695
0 0.68799 0.1377 0.08887 0.0957
0 0.81006 0.23975 0.12988 0.09277
0 0.70996 0.34082 0.12891 0.09766
0 0.71143 0.47803 0.16895 0.08887
0 0.63574 0.57471 0.13477 0.08105
0 0.4834 0.43506 0.13672 0.09863
0 0.35693 0.35254 0.15723 0.10156
0 0.29492 0.26318 0.14062 0.08105
0 0.49561 0.22754 0.12988 0.09766
0 0.94482 0.42822 0.11035 0.09277
0 0.92725 0.31689 0.08691 0.07715
0 0.98145 0.50146 0.03711 0.07715
0 0.8584 0.66602 0.12891 0.14453
0 0.81006 0.73975 0.09082 0.06152
0 0.97021 0.83398 0.05957 0.11914
0 0.72363 0.83203 0.13281 0.07617
0 0.4707 0.82666 0.13477 0.08105
0 0.36719 0.93311 0.15039 0.0752
0 0.63965 0.92432 0.11133 0.07324
0 0.57471 0.97852 0.08887 0.04297
0 0.37646 0.69873 0.09668 0.0791
0 0.41553 0.64014 0.08691 0.06543
0 0.16016 0.56006 0.10547 0.14355
0 0.10547 0.66846 0.13867 0.09668
0 0.23975 0.8252 0.1084 0.09375
0 0.24512 0.71973 0.12695 0.07227
0 0.05859 0.44336 0.11719 0.10742
0 0.83594 0.3374 0.12305 0.08496
0 0.80811 0.89258 0.18262 0.14258
0 0.94434 0.96582 0.08594 0.06836
