0 0.12256 0.02051 0.12988 0.04102
0 0.78076 0.86426 0.1123 0.08984
0 0.35205 0.6958 0.11426 0.09277
0 0.18213 0.83691 0.12988 0.08008
0 0.46826 0.51074 0.1084 0.07227
0 0.84229 0.02051 0.06348 0.04102
0 0.0166 0.59473 0.0332 0.10547
0 0.15234 0.35498 0.08984 0.05371
0 0.43945 0.65576 0.09961 0.08301
0 0.91846 0.55176 0.1123 0.08984
0 0.32715 0.34814 0.1543 0.07715
0 0.96875 0.43701 0.0625 0.0791
0 0.57324 0.34473 0.16211 0.08008
0 0.49609 0.47705 0.07227 0.06543
0 0.44434 0.00098 0.06445 0.00195
0 0.31836 0.02734 0.07227 0.05469
0 0.75732 0.06836 0.0752 0.04688
0 0.75439 0.06934 0.06934 0.04492
0 0.5918 0.01953 0.08008 0.03906
0 0.95654 0.93164 0.08691 0.08594
0 0.73584 0.59961 0.07715 0.06055
0 0.18555 0.24854 0.0625 0.06738
0 0.41211 0.0249 0.10938 0.0498
