0 0.05273 0.12451 0.07617 0.0498
0 0.16455 0.20557 0.05176 0.05762
0 0.04102 0.32617 0.08203 0.0918
0 0.01709 0.375 0.03418 0.04883
0 0.13623 0.31104 0.07715 0.08301
0 0.17236 0.40039 0.05176 0.05469
0 0.25537 0.2041 0.05566 0.11328
0 0.03906 0.49023 0.07422 0.07031
0 0.0874 0.57422 0.06934 0.07617
0 0.14307 0.61865 0.0498 0.06543
0 0.01074 0.67822 0.02148 0.06152
0 0.26514 0.49219 0.05957 0.07031
0 0.12354 0.80176 0.06738 0.07617
0 0.10986 0.97803 0.05566 0.04004
0 0.31982 0.91211 0.09473 0.07422
0 0.40332 0.7915 0.07227 0.08887
0 0.49512 0.82861 0.07812 0.06543
0 0.4917 0.93457 0.11035 0.07617
0 0.61963 0.92334 0.09082 0.05957
0 0.59033 0.95801 0.1084 0.06445
0 0.77002 0.84668 0.06934 0.09375
0 0.60498 0.78955 0.12012 0.09668
0 0.41016 0.62158 0.08984 0.05566
0 0.29688 0.55713 0.05078 0.07129
0 0.31543 0.44434 0.05664 0.04297
0 0.39404 0.43848 0.07324 0.05078
0 0.43506 0.52539 0.06934 0.10352
0 0.56641 0.53223 0.06641 0.05078
0 0.68066 0.41943 0.06836 0.12988
0 0.86523 0.37402 0.06836 0.07227
0 0.93799 0.34766 0.05371 0.06055
0 0.89648 0.51318 0.06641 0.06152
0 0.85986 0.58008 0.12598 0.08203
0 0.86572 0.63623 0.13965 0.11035
0 0.75928 0.65674 0.12402 0.0791
0 0.96387 0.84326 0.07227 0.15137
0 0.84668 0.979 0.04883 0.04199
0 0.75586 0.98389 0.05078 0.03223
0 0.97266 0.98096 0.05273 0.03809
0 0.56836 0.24658 0.05859 0.05566
0 0.41113 0.28955 0.06641 0.09863
0 0.67285 0.0376 0.06641 0.06152
0 0.60645 0.00781 0.07422 0.01562
0 0.82812 0.13379 0.07812 0.05469
0 0.88281 0.21826 0.08594 0.10645
0 0.96826 0.22607 0.06348 0.06738
0 0.95654 0.10107 0.08691 0.0791
0 0.97461 0.45752 0.05078 0.05957
0 0.97998 0.69385 0.04004 0.05566
