0 0.01514 0.02637 0.03027 0.04688
0 0.10645 0.09424 0.11328 0.06348
0 0.05664 0.10156 0.0918 0.07812
0 0.06543 0.17041 0.10352 0.06934
0 0.26904 0.1333 0.09473 0.0791
0 0.19336 0.04492 0.0957 0.08984
0 0.15674 0.22803 0.05371 0.08105
0 0.04297 0.2627 0.08008 0.0957
0 0.09863 0.60156 0.06641 0.06836
0 0.14941 0.64404 0.07227 0.05371
0 0.1377 0.68994 0.05078 0.0498
0 0.21826 0.7124 0.11035 0.10645
0 0.04834 0.72021 0.09668 0.07324
0 0.01855 0.82422 0.03711 0.07812
0 0.19189 0.98584 0.09277 0.02832
0 0.27393 0.83398 0.06543 0.0918
0 0.31885 0.1001 0.0752 0.10645
0 0.35205 0.02051 0.05176 0.04102
0 0.37939 0.10107 0.05957 0.10254
0 0.4082 0.07324 0.05859 0.08594
0 0.75977 0.03174 0.08398 0.06348
0 0.83203 0.13623 0.10156 0.07129
0 0.75195 0.41553 0.08008 0.15332
0 0.4043 0.41943 0.08398 0.07129
0 0.38525 0.46094 0.08496 0.10156
0 0.48877 0.37256 0.06543 0.0791
0 0.3999 0.2627 0.09277 0.12891
0 0.50537 0.51562 0.12207 0.07617
0 0.56396 0.55518 0.07129 0.06348
0 0.61768 0.5249 0.06934 0.0752
0 0.62305 0.62061 0.05859 0.08496
0 0.37646 0.68994 0.08496 0.06934
0 0.42676 0.79883 0.08984 0.07031
0 0.6167 0.7417 0.1123 0.08691
0 0.68457 0.62744 0.04297 0.0498
0 0.76465 0.61768 0.04688 0.05762
0 0.88184 0.56885 0.05664 0.04199
0 0.91797 0.5791 0.14844 0.12305
0 0.87939 0.41309 0.07324 0.13281
0 0.95459 0.39062 0.09082 0.1582
0 0.97803 0.07812 0.04395 0.05664
0 0.90186 0.02246 0.08105 0.04492
