0 0.79639 0.30029 0.10449 0.09277
0 0.75879 0.3252 0.06445 0.08008
0 0.77686 0.40186 0.07129 0.10645
0 0.79053 0.5415 0.09863 0.08301
0 0.67627 0.59912 0.10645 0.1123
0 0.63232 0.43262 0.0752 0.08008
0 0.46143 0.08398 0.08301 0.13086
0 0.33203 0.06689 0.11133 0.09668
0 0.63623 0.07959 0.09863 0.13184
0 0.76416 0.1377 0.0752 0.10938
0 0.83545 0.16553 0.05957 0.10059
0 0.88184 0.14209 0.07617 0.10059
0 0.85938 0.0415 0.07031 0.08301
0 0.94385 0.06689 0.1123 0.12793
0 0.98633 0.03955 0.02734 0.0791
0 0.33691 0.17627 0.17773 0.12598
0 0.22607 0.21777 0.15137 0.08398
0 0.1792 0.41357 0.16699 0.15332
0 0.14014 0.51611 0.06738 0.07129
0 0.05176 0.47461 0.05859 0.10156
0 0.08154 0.57422 0.09668 0.10352
0 0.23145 0.58545 0.15039 0.0752
0 0.27539 0.4541 0.05664 0.13672
0 0.32812 0.44727 0.06641 0.08008
0 0.4209 0.521 0.0625 0.10059
0 0.42334 0.59619 0.07129 0.0791
0 0.01807 0.11768 0.03613 0.10059
0 0.10107 0.01758 0.09473 0.03516
0 0.0874 0.03418 0.09863 0.05469
0 0.26221 0.73389 0.11816 0.07324
0 0.07666 0.77832 0.13184 0.0918
0 0.03125 0.7832 0.0625 0.04492
0 0.03662 0.89502 0.07324 0.06543
0 0.12207 0.92969 0.10547 0.05273
0 0.33008 0.94531 0.20117 0.10938
0 0.479 0.95459 0.06738 0.07324
0 0.55762 0.92383 0.08008 0.11719
0 0.68262 0.89746 0.08398 0.08203
0 0.79199 0.95557 0.11719 0.05762
0 0.71826 0.74268 0.05762 0.08496
0 0.78711 0.77979 0.05859 0.07324
0 0.83008 0.88721 0.08398 0.13184
0 0.96094 0.80225 0.07812 0.11035
0 0.95557 0.87012 0.0791 0.07031
0 0.9292 0.67871 0.06934 0.07227
0 0.9248 0.59619 0.14062 0.12988
0 0.96533 0.36182 0.06934 0.08301
0 0.41064 0.53271 0.11035 0.16309
0 0.92676 0.26953 0.05078 0.08594
0 0.96094 0.31982 0.07812 0.05566
0 0.57373 0.74951 0.04395 0.04395
0 0.28662 0.96143 0.09863 0.07715
