0 0.16748 0.97998 0.08887 0.04004
0 0.20898 0.91699 0.07422 0.06445
0 0.39355 0.97949 0.11133 0.04102
0 0.2959 0.83496 0.07031 0.0918
0 0.35352 0.76416 0.07031 0.08887
0 0.13721 0.74463 0.07715 0.09473
0 0.1499 0.57422 0.07324 0.10742
0 0.2251 0.49707 0.08496 0.09375
0 0.15088 0.42773 0.09668 0.10352
0 0.12598 0.2207 0.08789 0.06836
0 0.09619 0.26709 0.18652 0.20996
0 0.21875 0.21631 0.08789 0.14746
0 0.27881 0.20361 0.0791 0.07324
0 0.37109 0.22461 0.07422 0.07617
0 0.41064 0.41699 0.07129 0.0918
0 0.49902 0.39795 0.08594 0.07129
0 0.44629 0.5498 0.0625 0.10938
0 0.20312 0.04102 0.06836 0.08203
0 0.04004 0.0293 0.08008 0.05859
0 0.28955 0.02002 0.09473 0.04004
0 0.46777 0.17871 0.07617 0.07227
0 0.53418 0.1709 0.07617 0.10742
0 0.58789 0.19336 0.08398 0.11328
0 0.63086 0.05225 0.06836 0.05762
0 0.70654 0.1416 0.10449 0.07422
0 0.74414 0.09521 0.07422 0.05762
0 0.97217 0.06982 0.05566 0.09473
0 0.72803 0.20215 0.08301 0.06641
0 0.70215 0.30078 0.06641 0.07812
0 0.78418 0.2793 0.09961 0.06641
0 0.87158 0.21436 0.07129 0.05566
0 0.86572 0.32617 0.13965 0.07422
0 0.68604 0.41309 0.06543 0.11914
0 0.63379 0.46973 0.06836 0.07227
0 0.82715 0.40039 0.08008 0.08008
0 0.90234 0.44922 0.08594 0.10352
0 0.96436 0.5 0.07129 0.06445
0 0.6416 0.56836 0.07422 0.07422
0 0.56152 0.6709 0.08203 0.07422
0 0.91016 0.62842 0.07227 0.07715
0 0.62109 0.83008 0.14648 0.24219
0 0.98926 0.32666 0.02148 0.09473
0 0.54688 0.85156 0.07031 0.125
0 0.52979 0.95215 0.09668 0.08594
0 0.69482 0.96045 0.08105 0.0791
0 0.97217 0.82178 0.05566 0.10059
0 0.13867 0.37988 0.10352 0.18359
0 0.01709 0.89209 0.03418 0.12012
0 0.27441 0.98584 0.09375 0.02637
0 0.48486 0.88965 0.05566 0.05664
0 0.4248 0.01465 0.09375 0.02734
0 0.81201 0.01025 0.10645 0.01855
