0 0.45166 0.03369 0.14746 0.06738
0 0.60254 0.05322 0.11328 0.10645
0 0.77588 0.19775 0.12012 0.12598
0 0.54492 0.18652 0.14453 0.15234
0 0.646 0.48242 0.1377 0.10938
0 0.87646 0.41064 0.11035 0.10449
0 0.8252 0.6333 0.20898 0.2002
0 0.95508 0.88818 0.08984 0.12402
0 0.6416 0.65674 0.12109 0.1084
0 0.45166 0.51514 0.0752 0.0752
0 0.43311 0.71387 0.10449 0.16992
0 0.57178 0.78223 0.12012 0.14648
0 0.61133 0.93506 0.14648 0.12988
0 0.16553 0.70215 0.11035 0.1543
0 0.2251 0.53027 0.1084 0.21484
0 0.14551 0.92529 0.16211 0.1084
0 0.23096 0.86182 0.1084 0.08105
0 0.05225 0.104 0.10449 0.12207
0 0.20117 0.11279 0.16016 0.08301
0 0.5127 0.58643 0.08789 0.0791
