0 0.02539 0.12012 0.05078 0.08398
0 0.01709 0.19482 0.03418 0.0791
0 0.09375 0.99023 0.09961 0.01953
0 0.05713 0.95703 0.0791 0.05664
0 0.01367 0.78516 0.02734 0.06445
0 0.26074 0.82617 0.14453 0.10352
0 0.53613 0.85156 0.11523 0.11523
0 0.75049 0.80713 0.08496 0.07129
0 0.91309 0.86133 0.0918 0.07031
0 0.93457 0.46582 0.12305 0.08984
0 0.9585 0.45166 0.05957 0.17871
0 0.56836 0.43066 0.06836 0.08203
0 0.45654 0.40527 0.0752 0.08594
0 0.41797 0.33008 0.11914 0.07227
0 0.52246 0.30371 0.05469 0.06445
0 0.22119 0.16553 0.08496 0.05957
0 0.39844 0.15137 0.08398 0.05664
0 0.50195 0.19043 0.07227 0.07422
0 0.63232 0.22998 0.09082 0.09668
0 0.66064 0.0918 0.09668 0.09766
0 0.71729 0.04883 0.08105 0.09766
0 0.37256 0.05566 0.0791 0.08008
0 0.18408 0.06934 0.04199 0.08203
0 0.02832 0.03027 0.05664 0.06055
0 0.9707 0.10352 0.05859 0.06641
0 0.86963 0.10156 0.09863 0.0957
0 0.88477 0.03125 0.17578 0.0625
0 0.979 0.97607 0.04199 0.04785
0 0.69922 0.96436 0.11133 0.07129
0 0.26318 0.2583 0.11426 0.08496
0 0.31445 0.93359 0.08594 0.07422
0 0.12939 0.89795 0.09082 0.08496
