0 0.89014 0.71777 0.07129 0.07617
0 0.22656 0.15625 0.09766 0.08203
0 0.06201 0.42285 0.08301 0.07031
0 0.37012 0.07324 0.06445 0.10547
0 0.97754 0.90186 0.04492 0.05762
0 0.93164 0.09717 0.05664 0.10645
0 0.07129 0.12207 0.08789 0.07422
0 0.64746 0.06934 0.06055 0.07617
0 0.79492 0.08691 0.09961 0.09766
0 0.85693 0.17432 0.04785 0.09863
0 0.55273 0.15771 0.12305 0.1084
0 0.30371 0.49805 0.08008 0.05859
0 0.96094 0.59473 0.06641 0.08203
0 0.13672 0.95996 0.08789 0.0625
0 0.44434 0.71484 0.06836 0.07422
0 0.76221 0.87061 0.0498 0.06934
0 0.80322 0.17041 0.07715 0.08496
0 0.52148 0.42725 0.07617 0.06543
0 0.44824 0.40869 0.08594 0.05371
0 0.93213 0.43896 0.10059 0.07324
0 0.11182 0.73291 0.13379 0.08496
0 0.08789 0.54492 0.08008 0.05664
0 0.2085 0.39209 0.09473 0.06738
0 0.81055 0.03906 0.07617 0.07617
0 0.76025 0.21875 0.06543 0.08398
0 0.57324 0.2168 0.07031 0.07422
0 0.77832 0.74365 0.10938 0.04199
0 0.61328 0.70264 0.07617 0.05762
0 0.88135 0.06006 0.06543 0.07129
0 0.59131 0.71973 0.06934 0.08008
0 0.88721 0.50146 0.04395 0.05762
0 0.9585 0.50684 0.08301 0.0625
0 0.21191 0.97559 0.08203 0.04688
0 0.1167 0.04492 0.09082 0.08203
0 0.65186 0.58545 0.05762 0.06543
0 0.76562 0.18018 0.07812 0.05176
0 0.38672 0.4502 0.07812 0.04297
0 0.31182 0.42329 0.11191 0.0458
0 0.9082 0.38184 0.09766 0.04688
0 0.05566 0.07812 0.06641 0.06445
0 0.48633 0.70117 0.08008 0.05078
0 0.37549 0.48926 0.07129 0.0625
0 0.3457 0.78271 0.07617 0.05176
0 0.53662 0.86377 0.09473 0.03613
0 0.56299 0.07812 0.05762 0.07812
0 0.19873 0.46484 0.05762 0.05078
0 0.91699 0.19385 0.08008 0.03613
0 0.67188 0.97705 0.05078 0.0459
0 0.62354 0.50586 0.06738 0.0293
0 0.96289 0.27686 0.04883 0.08301
0 0.18262 0.67578 0.05469 0.04492
0 0.44043 0.51465 0.05859 0.03906
0 0.13818 0.896 0.09277 0.04395
0 0.69727 0.85693 0.07031 0.04004
0 0.32471 0.98096 0.0459 0.03809
0 0.09814 0.76416 0.05566 0.06543
0 0.52979 0.82617 0.05762 0.05273
0 0.02588 0.21973 0.05176 0.03711
0 0.91504 0.56934 0.05469 0.05469
0 0.10498 0.80664 0.12598 0.04492
0 0.36768 0.57764 0.06152 0.04395
0 0.21191 0.23682 0.07031 0.02637
0 0.42773 0.24463 0.06445 0.04785
0 0.40234 0.16211 0.09375 0.04883
0 0.17969 0.57324 0.0957 0.04883
0 0.72852 0.76904 0.08789 0.04785
0 0.05664 0.83105 0.08789 0.03125
0 0.6582 0.18457 0.03516 0.05078
0 0.5498 0.021 0.04102 0.04199
0 0.14355 0.0498 0.06641 0.07617
0 0.54395 0.10547 0.05859 0.06055
0 0.36963 0.13818 0.14355 0.0459
0 0.01514 0.73828 0.03027 0.04297
0 0.79004 0.78174 0.05664 0.02051
0 0.02148 0.01611 0.04102 0.03027
0 0.11572 0.75684 0.07715 0.06445
0 0.26221 0.00781 0.05566 0.01562
0 0.26807 0.20801 0.0791 0.04297
0 0.87842 0.58496 0.05566 0.04297
0 0.68066 0.80811 0.06055 0.04199
0 0.28369 0.9165 0.08691 0.04199
0 0.02295 0.4502 0.0459 0.04102
0 0.02246 0.79688 0.03906 0.03711
