0 0.2998 0.94727 0.09766 0.08984
0 0.25635 0.97754 0.09473 0.04492
0 0.12988 0.92822 0.09961 0.14355
0 0.01465 0.58545 0.0293 0.13379
0 0.03564 0.49316 0.07129 0.08008
0 0.10791 0.52588 0.07715 0.18066
0 0.32812 0.62207 0.17188 0.17969
0 0.35107 0.74707 0.19434 0.06836
0 0.34863 0.82373 0.17969 0.08105
0 0.20068 0.90234 0.07324 0.11719
0 0.18506 0.97461 0.06152 0.05078
0 0.52539 0.47461 0.13281 0.12695
0 0.61328 0.57471 0.10156 0.08496
0 0.59814 0.6416 0.05566 0.05859
0 0.625 0.68701 0.05664 0.03809
0 0.6958 0.66357 0.06934 0.05176
0 0.68164 0.73438 0.10938 0.05664
0 0.04883 0.15332 0.07812 0.12305
0 0.01562 0.04102 0.03125 0.06055
0 0.13477 0.03223 0.08594 0.05664
0 0.50879 0.05322 0.07422 0.10645
0 0.59619 0.06885 0.06152 0.08105
0 0.32617 0.13428 0.18359 0.0498
0 0.20068 0.22705 0.1709 0.12402
0 0.34717 0.08838 0.10059 0.0459
0 0.54297 0.24463 0.17969 0.1084
0 0.64453 0.21436 0.19141 0.06543
0 0.4126 0.34375 0.09863 0.0625
0 0.73438 0.83643 0.14062 0.0791
0 0.85449 0.62988 0.10352 0.07617
0 0.77441 0.57568 0.07227 0.04785
0 0.87158 0.41943 0.0752 0.09863
0 0.91113 0.35352 0.17188 0.14258
0 0.79785 0.23828 0.13672 0.06836
0 0.90479 0.21533 0.13379 0.07324
0 0.78662 0.08105 0.15527 0.06055
0 0.72852 0.02148 0.0625 0.04297
0 0.91846 0.78125 0.16309 0.08008
