0 0.03027 0.45605 0.05273 0.08203
0 0.77344 0.0542 0.08984 0.06934
0 0.97021 0.4541 0.05957 0.09375
0 0.41064 0.94287 0.04785 0.1123
0 0.13965 0.6001 0.10156 0.08105
0 0.14697 0.73438 0.05762 0.07617
0 0.15381 0.39209 0.09473 0.06543
0 0.41895 0.54346 0.08203 0.06934
0 0.39941 0.75684 0.0957 0.11719
0 0.43359 0.18359 0.06836 0.07422
0 0.33887 0.61084 0.0625 0.07129
0 0.40918 0.0332 0.05859 0.06641
0 0.95898 0.73975 0.0625 0.06543
0 0.29541 0.36279 0.08496 0.06738
0 0.48877 0.07178 0.06934 0.04785
0 0.35693 0.35791 0.07129 0.06152
0 0.8457 0.83154 0.07617 0.09082
0 0.38232 0.3374 0.07324 0.05762
0 0.01514 0.58252 0.03027 0.05957
0 0.38867 0.84424 0.08008 0.0791
0 0.24219 0.44287 0.07812 0.05371
0 0.74805 0.3584 0.0625 0.04297
0 0.56055 0.49805 0.05469 0.05664
0 0.26953 0.64648 0.06055 0.03906
0 0.07129 0.85938 0.11133 0.05078
0 0.49023 0.74951 0.0625 0.04004
0 0.33447 0.02588 0.06152 0.05176
0 0.48633 0.6123 0.0625 0.04883
0 0.48145 0.82178 0.07227 0.03027
0 0.88232 0.24346 0.0752 0.03809
0 0.56689 0.76074 0.06348 0.02539
0 0.41455 0.47949 0.04395 0.05273
0 0.58789 0.05273 0.0625 0.04297
0 0.83252 0.0415 0.06934 0.04395
0 0.14941 0.81885 0.09766 0.02832
0 0.50781 0.54834 0.05469 0.06348
0 0.86279 0.72266 0.05176 0.04297
0 0.43848 0.66797 0.07812 0.03906
0 0.75537 0.69141 0.04199 0.07227
0 0.14209 0.64893 0.13965 0.06934
0 0.70361 0.02637 0.03809 0.05273
0 0.10596 0.89502 0.09473 0.04004
0 0.27051 0.59131 0.07031 0.06543
0 0.04248 0.74658 0.06543 0.04004
0 0.43018 0.13477 0.12012 0.04883
0 0.52588 0.26855 0.07129 0.05469
0 0.74707 0.43311 0.05469 0.04785
0 0.64697 0.04053 0.0498 0.05176
0 0.57715 0.9873 0.05859 0.01953
0 0.91211 0.33057 0.03906 0.04004
0 0.37402 0.10645 0.05664 0.0332
0 0.14404 0.99023 0.09668 0.01953
0 0.1001 0.91016 0.0752 0.04883
0 0.11279 0.39697 0.05371 0.02637
0 0.05176 0.69287 0.06641 0.02832
0 0.62109 0.58643 0.03906 0.05176
0 0.52686 0.01123 0.04199 0.02246
0 0.28369 0.49365 0.0498 0.02832
0 0.91455 0.58301 0.04395 0.02539
0 0.63623 0.84961 0.07129 0.03906
0 0.04443 0.59766 0.08887 0.07031
0 0.0542 0.95508 0.06152 0.0293
0 0.44189 0.88086 0.07324 0.04492
0 0.19873 0.58398 0.08887 0.0332
0 0.96826 0.1377 0.0498 0.04688
0 0.22656 0.28223 0.03711 0.05469
0 0.59619 0.25244 0.04395 0.05957
0 0.79443 0.5752 0.0498 0.03906
0 0.70117 0.70654 0.04492 0.03809
0 0.60205 0.57324 0.03418 0.05664
0 0.28711 0.1001 0.09375 0.0498
0 0.98535 0.5415 0.0293 0.05371
0 0.93945 0.02002 0.08789 0.04004
