0 0.39209 0.02344 0.10645 0.04688
0 0.2749 0.03857 0.06934 0.07715
0 0.30371 0.10986 0.12109 0.07324
0 0.21289 0.05322 0.07617 0.10645
0 0.36426 0.25928 0.13477 0.08105
0 0.39014 0.20117 0.06348 0.0625
0 0.10205 0.21191 0.07715 0.06836
0 0.13721 0.2915 0.05762 0.06152
0 0.62598 0.13379 0.0918 0.08008
0 0.59473 0.17383 0.08203 0.06641
0 0.61426 0.24805 0.08398 0.0957
0 0.64111 0.34082 0.1748 0.16797
0 0.54443 0.37158 0.06152 0.05762
0 0.60889 0.41504 0.0791 0.10742
0 0.83252 0.26709 0.09863 0.07324
0 0.69043 0.20947 0.06641 0.06348
0 0.78809 0.19922 0.10156 0.08398
0 0.85596 0.16211 0.08691 0.0625
0 0.92334 0.11523 0.1084 0.04883
0 0.93457 0.38232 0.0625 0.06934
0 0.6792 0.5 0.05566 0.15625
0 0.53516 0.6001 0.09375 0.06543
0 0.3125 0.61914 0.06055 0.06836
0 0.61377 0.68164 0.11816 0.06641
0 0.33545 0.40967 0.14941 0.20801
0 0.2793 0.43262 0.2207 0.08789
0 0.16504 0.59814 0.10156 0.06543
0 0.19141 0.64551 0.05469 0.07227
0 0.2124 0.5332 0.07715 0.04883
0 0.07715 0.63574 0.08398 0.07812
0 0.13525 0.66992 0.07715 0.07422
0 0.0127 0.57959 0.02539 0.10645
0 0.97314 0.5708 0.05371 0.08691
0 0.88867 0.5415 0.06641 0.05957
0 0.9292 0.32178 0.05176 0.0459
0 0.74707 0.96826 0.07227 0.06348
0 0.45898 0.97168 0.08008 0.05469
0 0.94922 0.93799 0.0625 0.08887
0 0.04883 0.09326 0.04688 0.05762
0 0.09668 0.68115 0.08008 0.06348
0 0.08057 0.03857 0.05176 0.05566
