0 0.63232 0.71338 0.09473 0.12793
0 0.30371 0.31738 0.10938 0.16016
0 0.26611 0.45996 0.1123 0.12109
0 0.90332 0.93994 0.12305 0.12012
0 0.89307 0.42578 0.14746 0.10742
0 0.45654 0.56787 0.10254 0.12012
0 0.76025 0.84619 0.15137 0.12402
0 0.85107 0.59424 0.1377 0.14355
0 0.83691 0.30713 0.0957 0.15527
0 0.71973 0.96338 0.09961 0.07324
0 0.68701 0.50098 0.14551 0.16211
0 0.19922 0.1333 0.11523 0.20801
0 0.86084 0.06592 0.09668 0.12793
0 0.68555 0.3208 0.14258 0.1377
0 0.53223 0.74561 0.08008 0.09277
0 0.63672 0.05469 0.12109 0.10742
0 0.27197 0.04199 0.13574 0.08008
0 0.07178 0.92871 0.1377 0.13867
0 0.92188 0.0791 0.07227 0.11914
