0 0.21582 0.17334 0.07812 0.06738
0 0.05127 0.2124 0.0752 0.07324
0 0.30273 0.28857 0.09961 0.08301
0 0.3457 0.04639 0.08203 0.06152
0 0.39404 0.0708 0.05566 0.07324
0 0.36182 0.11182 0.06543 0.07129
0 0.43311 0.14453 0.07715 0.07031
0 0.47607 0.12061 0.06152 0.08691
0 0.48291 0.21777 0.0498 0.04883
0 0.57373 0.15137 0.0791 0.07422
0 0.63379 0.15625 0.05664 0.06641
0 0.46045 0.36377 0.06543 0.06348
0 0.70557 0.24512 0.08301 0.06055
0 0.08496 0.54297 0.07812 0.09375
0 0.0752 0.65137 0.10742 0.09961
0 0.2627 0.604 0.0918 0.11035
0 0.2041 0.73242 0.06836 0.05664
0 0.07129 0.80127 0.10547 0.06738
0 0.38281 0.69043 0.10352 0.06836
0 0.41846 0.73828 0.0791 0.07422
0 0.47217 0.73047 0.08691 0.07422
0 0.52441 0.75439 0.07617 0.07324
0 0.50781 0.62988 0.06641 0.07422
0 0.56201 0.65039 0.06934 0.0625
0 0.60449 0.67188 0.05859 0.07422
0 0.65967 0.73584 0.06738 0.06738
0 0.7373 0.7168 0.08398 0.09375
0 0.79004 0.79053 0.06641 0.07129
0 0.77393 0.56641 0.09277 0.0625
0 0.85303 0.55762 0.07129 0.08008
0 0.91504 0.55176 0.06055 0.07617
0 0.87451 0.19775 0.12012 0.06543
0 0.88086 0.14258 0.08008 0.05664
0 0.79785 0.03662 0.06445 0.06152
0 0.92578 0.0918 0.07812 0.10742
0 0.97949 0.10742 0.04102 0.05469
0 0.98389 0.229 0.03223 0.08887
0 0.15869 0.17041 0.06934 0.05176
0 0.01807 0.15479 0.03613 0.06543
0 0.01367 0.09424 0.02734 0.05957
0 0.4209 0.16943 0.09961 0.05762
0 0.41846 0.21045 0.06543 0.06934
0 0.68311 0.28027 0.03809 0.03711
0 0.99561 0.02002 0.00879 0.04004
0 0.97949 0.04688 0.03125 0.0625
0 0.98535 0.1416 0.0293 0.0293
