0 0.46533 0.13477 0.06934 0.10156
0 0.3877 0.17236 0.06055 0.08496
0 0.37988 0.24512 0.07227 0.08008
0 0.44434 0.29785 0.07422 0.10938
0 0.57471 0.32227 0.06152 0.09766
0 0.51904 0.396 0.06934 0.09863
0 0.43701 0.42725 0.05762 0.12012
0 0.4668 0.44189 0.04883 0.08105
0 0.24805 0.37158 0.05859 0.06738
0 0.17725 0.27344 0.06543 0.10352
0 0.07471 0.30371 0.09082 0.11914
0 0.01855 0.14111 0.03711 0.08105
0 0.01074 0.04785 0.02148 0.05859
0 0.23682 0.03125 0.10059 0.0625
0 0.40283 0.01416 0.06348 0.02832
0 0.61377 0.01855 0.06934 0.03711
0 0.57031 0.06787 0.10547 0.06543
0 0.81641 0.02734 0.10156 0.05469
0 0.94971 0.13086 0.0752 0.09375
0 0.63818 0.16113 0.05176 0.0918
0 0.61621 0.24072 0.07227 0.13184
0 0.88916 0.33936 0.08105 0.1084
0 0.84131 0.38281 0.09277 0.0957
0 0.82422 0.45068 0.11523 0.12207
0 0.8125 0.53613 0.07617 0.07422
0 0.9248 0.55713 0.08594 0.06934
0 0.70215 0.55518 0.06836 0.09473
0 0.53271 0.57959 0.10254 0.06348
0 0.5415 0.70215 0.07129 0.06445
0 0.77344 0.7666 0.07812 0.0957
0 0.75439 0.61084 0.05762 0.05566
0 0.96094 0.95264 0.06836 0.09473
0 0.78906 0.97803 0.07812 0.04395
0 0.5835 0.92676 0.06543 0.05859
0 0.67383 0.86865 0.04688 0.06543
0 0.49805 0.83154 0.07812 0.11816
0 0.46338 0.88623 0.06738 0.06738
0 0.33691 0.84717 0.07812 0.1123
0 0.33838 0.95703 0.06934 0.07031
0 0.39844 0.96436 0.05078 0.05566
0 0.0249 0.8584 0.0498 0.08984
0 0.14355 0.81055 0.09766 0.07422
0 0.03125 0.65137 0.0625 0.07031
0 0.02734 0.55469 0.05469 0.0957
0 0.1748 0.57666 0.08984 0.08105
0 0.22461 0.48242 0.07617 0.07617
0 0.12793 0.46582 0.06445 0.08789
0 0.00732 0.4707 0.01465 0.08203
0 0.05078 0.97754 0.07812 0.04492
0 0.02344 0.92383 0.04688 0.05469
0 0.37744 0.6333 0.08301 0.06934
0 0.30811 0.69385 0.09277 0.06152
0 0.94189 0.39893 0.06738 0.03809
0 0.80713 0.05127 0.08105 0.10254
0 0.18604 0.81885 0.04395 0.06348
