0 0.1333 0.04199 0.08887 0.06445
0 0.76367 0.01855 0.05664 0.03711
0 0.6084 0.03076 0.10352 0.06152
0 0.3374 0.15674 0.0459 0.0498
0 0.37451 0.15723 0.1377 0.09961
0 0.20166 0.28027 0.12207 0.07031
0 0.47998 0.30615 0.10059 0.08691
0 0.58008 0.19678 0.10352 0.1084
0 0.72754 0.14648 0.0625 0.08203
0 0.75586 0.22998 0.07812 0.10645
0 0.72217 0.29541 0.05762 0.07715
0 0.96045 0.4043 0.06934 0.05859
0 0.92236 0.40625 0.05566 0.0918
0 0.98145 0.4751 0.03711 0.08691
0 0.77246 0.53711 0.08594 0.05664
0 0.68701 0.4165 0.09863 0.07129
0 0.64209 0.49609 0.06152 0.08789
0 0.59961 0.48682 0.04688 0.0498
0 0.54492 0.37939 0.08789 0.06348
0 0.50928 0.43848 0.09863 0.04688
0 0.46436 0.36426 0.0791 0.05859
0 0.31592 0.36816 0.08496 0.06055
0 0.35303 0.41992 0.08301 0.0625
0 0.19922 0.38037 0.06836 0.05566
0 0.21533 0.33105 0.06934 0.02734
0 0.146 0.33545 0.06934 0.06543
0 0.08789 0.3291 0.07422 0.05273
0 0.04883 0.40674 0.08594 0.09082
0 0.15674 0.42725 0.10449 0.05566
0 0.27881 0.52588 0.07715 0.07129
0 0.37207 0.62354 0.08398 0.07715
0 0.05762 0.76123 0.11523 0.10449
0 0.46582 0.85498 0.18555 0.09863
0 0.72607 0.79834 0.11426 0.0791
0 0.83057 0.771 0.08105 0.05176
0 0.95996 0.85303 0.06445 0.08301
0 0.54443 0.59326 0.0791 0.06348
0 0.8125 0.30859 0.03906 0.03516
