0 0.20557 0.16406 0.14746 0.0957
0 0.3418 0.21729 0.13672 0.10449
0 0.38623 0.0957 0.09668 0.08008
0 0.48584 0.23682 0.08301 0.09277
0 0.5708 0.15869 0.16895 0.15137
0 0.57471 0.25586 0.1416 0.07031
0 0.65918 0.26416 0.12695 0.05371
0 0.68018 0.15771 0.10449 0.11426
0 0.75977 0.09277 0.08594 0.07617
0 0.91113 0.10303 0.08789 0.1084
0 0.53516 0.39014 0.07227 0.06738
0 0.39209 0.60205 0.06738 0.05566
0 0.32324 0.67725 0.07617 0.06152
0 0.07422 0.71484 0.14648 0.13867
0 0.11768 0.74463 0.09277 0.09863
0 0.21777 0.83057 0.0625 0.06152
0 0.56299 0.72607 0.08691 0.09668
0 0.91797 0.79688 0.08594 0.08984
0 0.95996 0.64502 0.08008 0.09277
0 0.88574 0.61475 0.07617 0.08691
0 0.80859 0.68164 0.08398 0.07227
0 0.74609 0.64844 0.05664 0.05078
0 0.92773 0.48682 0.14453 0.1084
0 0.97998 0.2998 0.04004 0.07031
0 0.90967 0.32324 0.06934 0.0625
0 0.57031 0.12109 0.08984 0.05859
