0 0.89014 0.73096 0.12988 0.12793
0 0.11719 0.32031 0.06445 0.06055
0 0.35059 0.13232 0.08984 0.07129
0 0.09131 0.92285 0.06738 0.06055
0 0.22852 0.75635 0.09766 0.08105
0 0.54688 0.64844 0.14062 0.08203
0 0.46924 0.54346 0.21582 0.13965
0 0.59473 0.40527 0.16992 0.16602
0 0.03662 0.27979 0.07324 0.1084
0 0.24316 0.18115 0.16797 0.08496
0 0.02686 0.50342 0.05371 0.10059
0 0.86523 0.90918 0.11133 0.08789
0 0.38965 0.24316 0.15625 0.11914
0 0.69727 0.9707 0.12695 0.05859
0 0.33643 0.7793 0.12793 0.07031
0 0.38623 0.97998 0.09668 0.04004
0 0.23975 0.37646 0.17871 0.08496
0 0.12695 0.76562 0.11719 0.11719
0 0.27246 0.32764 0.08789 0.05762
0 0.38525 0.74561 0.1709 0.06152
0 0.02783 0.88428 0.05566 0.0752
0 0.96387 0.9126 0.07227 0.06348
0 0.98438 0.85938 0.03125 0.04102
0 0.93506 0.93311 0.12793 0.13184
0 0.98682 0.7041 0.02637 0.08789
0 0.60645 0.77734 0.06055 0.08984
0 0.66748 0.72803 0.07715 0.05957
0 0.10889 0.96826 0.06934 0.06348
0 0.11133 0.27148 0.07227 0.06055
