0 0.79102 0.45166 0.08789 0.08496
0 0.97217 0.72607 0.05566 0.1377
0 0.38818 0.87207 0.06543 0.0957
0 0.91748 0.61328 0.08496 0.11719
0 0.37939 0.64062 0.12012 0.13281
0 0.19434 0.35596 0.125 0.09277
0 0.90479 0.02588 0.09473 0.05176
0 0.35449 0.16699 0.09961 0.13477
0 0.09033 0.40381 0.14941 0.07324
0 0.84912 0.28613 0.12988 0.15625
0 0.49805 0.05811 0.09766 0.08691
0 0.26074 0.85791 0.0918 0.1123
0 0.06201 0.03516 0.10254 0.0625
0 0.91064 0.35449 0.12207 0.07031
0 0.8042 0.72217 0.09473 0.16504
0 0.53369 0.34473 0.10254 0.07031
0 0.28467 0.01953 0.11035 0.03906
0 0.50732 0.25977 0.08496 0.07031
0 0.86084 0.68164 0.08301 0.08008
0 0.24609 0.08936 0.10742 0.10059
0 0.7168 0.89453 0.09961 0.16406
0 0.3457 0.40625 0.10938 0.07812
