0 0.21924 0.20312 0.06543 0.10938
0 0.14551 0.36182 0.06836 0.0752
0 0.05908 0.35303 0.09277 0.07324
0 0.22461 0.42334 0.07031 0.06348
0 0.16406 0.53174 0.0625 0.07324
0 0.271 0.55273 0.09082 0.08398
0 0.42871 0.46289 0.08008 0.06445
0 0.36865 0.60498 0.07324 0.06738
0 0.52783 0.35986 0.06348 0.10449
0 0.47412 0.36572 0.06152 0.09473
0 0.57861 0.62891 0.08887 0.10352
0 0.65283 0.6582 0.07129 0.06055
0 0.03955 0.86426 0.05371 0.07617
0 0.21484 0.94336 0.08789 0.07422
0 0.52637 0.9126 0.09961 0.06543
0 0.80859 0.95557 0.08789 0.06738
0 0.87598 0.92578 0.06445 0.08008
0 0.7749 0.91895 0.05762 0.05469
0 0.9126 0.95996 0.08887 0.07617
0 0.97168 0.91455 0.05664 0.07129
0 0.87842 0.66357 0.09473 0.07129
0 0.9585 0.59131 0.08301 0.07129
0 0.89062 0.52881 0.0918 0.08301
0 0.95752 0.52148 0.08496 0.06836
0 0.69922 0.4917 0.0625 0.08301
0 0.7085 0.3667 0.05566 0.07715
0 0.75732 0.36084 0.05762 0.08301
0 0.84717 0.38428 0.06543 0.08691
0 0.9458 0.3877 0.08301 0.08008
0 0.91162 0.32422 0.08496 0.06641
0 0.96436 0.25439 0.07129 0.12012
0 0.50928 0.87207 0.08105 0.07227
0 0.86523 0.47803 0.08789 0.07324
0 0.13916 0.98828 0.0498 0.02344
0 0.7002 0.89209 0.05664 0.06152
