0 0.69434 0.54346 0.11523 0.1377
0 0.03613 0.95996 0.07227 0.08008
0 0.66797 0.19531 0.11523 0.13281
0 0.67822 0.83203 0.12207 0.125
0 0.86963 0.38916 0.14746 0.10449
0 0.24316 0.97705 0.11719 0.0459
0 0.73584 0.27734 0.1123 0.10156
0 0.02734 0.61963 0.05469 0.16504
0 0.32812 0.87354 0.08789 0.0752
0 0.3457 0.61328 0.15234 0.11719
0 0.31201 0.06934 0.10449 0.11523
0 0.6333 0.65674 0.1084 0.09473
0 0.85596 0.91016 0.09863 0.08203
0 0.70605 0.09229 0.13281 0.11035
0 0.95459 0.76465 0.09082 0.13477
0 0.32715 0.52148 0.11719 0.14258
0 0.79834 0.07471 0.11816 0.11035
0 0.96094 0.17969 0.07812 0.0918
0 0.96729 0.03857 0.06543 0.07324
0 0.29346 0.43311 0.09668 0.08496
0 0.69531 0.03809 0.07812 0.07031
