0 0.0127 0.6543 0.02539 0.14453
0 0.02734 0.53467 0.05469 0.0752
0 0.19238 0.85352 0.07617 0.20312
0 0.05273 0.75146 0.08789 0.14551
0 0.27148 0.72998 0.0918 0.11816
0 0.4707 0.92822 0.04688 0.06152
0 0.55469 0.86719 0.12109 0.08789
0 0.63672 0.89648 0.08398 0.0625
0 0.70605 0.93506 0.06836 0.12988
0 0.48193 0.97119 0.05176 0.05762
0 0.53467 0.74854 0.06348 0.06738
0 0.64258 0.76367 0.05859 0.07812
0 0.48535 0.42578 0.13672 0.25
0 0.61182 0.5459 0.17676 0.18359
0 0.35498 0.29639 0.06934 0.07715
0 0.27734 0.34766 0.0625 0.30078
0 0.32812 0.47021 0.06836 0.25684
0 0.26025 0.55518 0.08105 0.10254
0 0.12549 0.48096 0.0752 0.26855
0 0.07471 0.59912 0.07324 0.08105
0 0.21094 0.38818 0.06836 0.15527
0 0.06055 0.47168 0.06055 0.0918
0 0.56592 0.22705 0.08496 0.10059
0 0.71289 0.2666 0.05664 0.1543
0 0.25635 0.08936 0.09473 0.17871
0 0.12988 0.0459 0.09961 0.0918
0 0.01807 0.06543 0.03613 0.11133
0 0.18506 0.01221 0.06152 0.02441
0 0.83154 0.24023 0.14941 0.12109
0 0.93848 0.19775 0.12305 0.08301
0 0.97119 0.29639 0.05762 0.08887
0 0.76562 0.40332 0.16602 0.13672
0 0.87402 0.50488 0.10156 0.07422
0 0.77637 0.61328 0.12109 0.13281
0 0.93066 0.70215 0.13086 0.11914
0 0.80566 0.84619 0.19727 0.09277
0 0.82324 0.90967 0.11133 0.09277
0 0.61426 0.97607 0.05469 0.04785
0 0.74805 0.9751 0.04883 0.0498
