0 0.22266 0.48682 0.07617 0.08887
0 0.45459 0.62598 0.06543 0.10352
0 0.15967 0.09814 0.0752 0.08496
0 0.43506 0.71631 0.0498 0.09082
0 0.06738 0.68652 0.05859 0.07617
0 0.01172 0.47412 0.02344 0.06934
0 0.8335 0.45068 0.03809 0.08887
0 0.67383 0.87158 0.06641 0.06934
0 0.82129 0.07812 0.04883 0.10938
0 0.1123 0.14404 0.03125 0.11621
0 0.5542 0.14014 0.05371 0.07324
0 0.89551 0.69385 0.03516 0.06934
0 0.3584 0.58545 0.04297 0.06738
0 0.50342 0.87939 0.06738 0.07715
0 0.23486 0.70117 0.07129 0.0625
0 0.08447 0.33789 0.04004 0.11328
0 0.84033 0.12939 0.04199 0.07129
0 0.46924 0.2041 0.09082 0.05664
0 0.75684 0.56592 0.03125 0.06152
0 0.9834 0.96631 0.02734 0.06348
0 0.55713 0.78125 0.03613 0.0625
0 0.01709 0.19092 0.03418 0.07324
0 0.38965 0.24609 0.02539 0.07422
0 0.94531 0.51807 0.03125 0.06934
0 0.03174 0.5498 0.03223 0.07031
0 0.0332 0.02588 0.04102 0.05176
0 0.65674 0.30811 0.02637 0.0752
0 0.0249 0.4541 0.02637 0.07422
0 0.97852 0.0332 0.0293 0.0625
0 0.34668 0.23389 0.0332 0.06152
0 0.74707 0.31592 0.05859 0.05176
0 0.90332 0.77246 0.03711 0.06836
0 0.72998 0.40283 0.02637 0.06738
0 0.38916 0.54639 0.03027 0.07715
0 0.43115 0.20264 0.04395 0.06543
0 0.72949 0.91113 0.0332 0.07031
0 0.18115 0.28076 0.06348 0.05762
0 0.29639 0.46533 0.05762 0.05762
0 0.78223 0.04688 0.0293 0.06836
0 0.38916 0.1875 0.04785 0.07422
0 0.77393 0.25098 0.04004 0.06836
0 0.6001 0.375 0.03418 0.06641
0 0.71924 0.83984 0.04395 0.05859
0 0.98779 0.46484 0.02441 0.08984
0 0.34326 0.75977 0.02637 0.05469
0 0.96094 0.78076 0.03711 0.06348
0 0.56982 0.64307 0.04395 0.07324
0 0.9082 0.90332 0.10156 0.04492
0 0.36328 0.92676 0.05078 0.06836
0 0.29102 0.94482 0.0332 0.05566
0 0.06152 0.81982 0.02734 0.05566
0 0.12891 0.78906 0.04883 0.05078
0 0.93555 0.16797 0.04297 0.04102
0 0.81299 0.0249 0.03418 0.0498
0 0.57178 0.5415 0.04785 0.04199
0 0.53467 0.08398 0.03613 0.08984
0 0.76611 0.84277 0.03809 0.05469
0 0.57129 0.90332 0.04492 0.0293
0 0.62549 0.42773 0.0459 0.06641
0 0.21484 0.65967 0.04883 0.04004
0 0.49365 0.01709 0.03613 0.03418
0 0.43018 0.06934 0.03809 0.04883
0 0.97949 0.68604 0.04102 0.03418
0 0.86328 0.04248 0.03516 0.06152
0 0.20264 0.94531 0.03613 0.03906
0 0.43896 0.98242 0.03613 0.03516
0 0.14209 0.24951 0.07324 0.05957
0 0.82959 0.86426 0.06738 0.04688
0 0.36963 0.65918 0.02832 0.04688
0 0.50098 0.43945 0.03516 0.02734
0 0.21045 0.59668 0.03613 0.04492
0 0.99072 0.10107 0.01855 0.0791
0 0.14355 0.0083 0.03711 0.0166
0 0.64111 0.99268 0.05176 0.01465
