0 0.10303 0.15234 0.07129 0.05859
0 0.27637 0.1626 0.07227 0.05762
0 0.36182 0.07959 0.06348 0.05176
0 0.59326 0.07422 0.10645 0.05664
0 0.74805 0.13672 0.11133 0.0625
0 0.84473 0.11328 0.04883 0.07031
0 0.93848 0.05664 0.06641 0.11133
0 0.96875 0.20508 0.0625 0.07422
0 0.89746 0.271 0.04883 0.10449
0 0.94922 0.2998 0.0625 0.08594
0 0.82715 0.28418 0.05859 0.06641
0 0.93555 0.42334 0.06445 0.0752
0 0.64893 0.32031 0.09277 0.08008
0 0.5625 0.39258 0.06836 0.0918
0 0.43652 0.33594 0.05664 0.05469
0 0.33105 0.35889 0.08789 0.15723
0 0.17383 0.30127 0.07422 0.06543
0 0.08838 0.27148 0.04395 0.05859
0 0.16797 0.46338 0.11523 0.0752
0 0.10645 0.54248 0.10742 0.05566
0 0.13623 0.62695 0.07129 0.09766
0 0.43213 0.49561 0.08496 0.0791
0 0.52832 0.55518 0.09961 0.05762
0 0.77588 0.67188 0.1084 0.07227
0 0.82715 0.5625 0.08398 0.10938
0 0.91602 0.58398 0.06445 0.0918
0 0.979 0.59814 0.04199 0.10254
0 0.9707 0.69434 0.05859 0.08203
0 0.75879 0.81152 0.0625 0.07031
0 0.61035 0.76367 0.10352 0.05859
0 0.43799 0.84814 0.07324 0.06934
0 0.33545 0.87109 0.06152 0.0625
0 0.46875 0.92725 0.07031 0.06348
0 0.68555 0.88281 0.10547 0.07812
0 0.7666 0.97119 0.07617 0.05762
0 0.95996 0.97021 0.07031 0.05957
0 0.25586 0.98877 0.07031 0.02246
0 0.07275 0.89941 0.0498 0.05273
0 0.87109 0.43896 0.0625 0.05762
0 0.41748 0.19629 0.05566 0.07617
