0 0.94141 0.50146 0.08594 0.0752
0 0.87012 0.59619 0.07031 0.08496
0 0.80127 0.61963 0.09473 0.10059
0 0.87256 0.70703 0.06934 0.06641
0 0.85986 0.79053 0.09473 0.05566
0 0.8208 0.86035 0.07324 0.06445
0 0.63721 0.73291 0.09863 0.08887
0 0.63721 0.54932 0.08301 0.08496
0 0.51855 0.42139 0.08398 0.1123
0 0.69824 0.26221 0.06836 0.13965
0 0.73877 0.32617 0.06738 0.06055
0 0.69678 0.40918 0.06348 0.05859
0 0.94043 0.24951 0.10156 0.06934
0 0.88965 0.03418 0.08008 0.06836
0 0.89941 0.09131 0.05273 0.05762
0 0.75342 0.0791 0.05566 0.04297
0 0.76953 0.13672 0.08594 0.07617
0 0.68555 0.13086 0.07422 0.07422
0 0.47998 0.15234 0.08301 0.10352
0 0.37158 0.05518 0.07324 0.06934
0 0.19775 0.3457 0.12012 0.08789
0 0.12305 0.37109 0.05469 0.05469
0 0.09912 0.27441 0.11426 0.07617
0 0.20557 0.56396 0.12207 0.0752
0 0.25195 0.65869 0.07422 0.09863
0 0.19336 0.71289 0.125 0.06445
0 0.19141 0.89111 0.0918 0.12012
0 0.16748 0.96484 0.08691 0.07031
0 0.31689 0.95996 0.05176 0.06445
0 0.28418 0.85107 0.10938 0.06934
0 0.3418 0.80859 0.07227 0.06836
0 0.52686 0.84863 0.08496 0.0625
0 0.59424 0.81982 0.10254 0.09473
0 0.67725 0.92139 0.06152 0.06152
0 0.78857 0.95166 0.08105 0.06543
0 0.0249 0.43896 0.0498 0.0791
0 0.92432 0.95068 0.0752 0.09082
0 0.9668 0.87451 0.06641 0.06543
0 0.10352 0.87793 0.05664 0.0625
0 0.07861 0.75195 0.08301 0.08008
0 0.09717 0.5542 0.06543 0.06543
0 0.64355 0.20557 0.04102 0.06152
0 0.97363 0.66504 0.05273 0.05859
0 0.01367 0.90186 0.02734 0.0791
