0 0.01855 0.18066 0.03711 0.08594
0 0.38379 0.03516 0.05078 0.07031
0 0.12158 0.29248 0.05957 0.10254
0 0.57129 0.18994 0.06445 0.08496
0 0.64502 0.76025 0.04004 0.09668
0 0.2876 0.20068 0.06934 0.09277
0 0.19971 0.27393 0.08496 0.08301
0 0.1875 0.63818 0.04297 0.08887
0 0.10547 0.54053 0.07422 0.09082
0 0.4541 0.59375 0.05664 0.0918
0 0.25342 0.86963 0.07129 0.05957
0 0.09668 0.18213 0.05859 0.07129
0 0.03223 0.02979 0.02734 0.05957
0 0.79297 0.47119 0.03711 0.08105
0 0.15283 0.18018 0.06348 0.08496
0 0.6582 0.69629 0.06055 0.07617
0 0.23438 0.22998 0.07422 0.08496
0 0.63818 0.24756 0.04004 0.07715
0 0.38818 0.72021 0.0459 0.0791
0 0.92139 0.20752 0.07129 0.08887
0 0.08691 0.3916 0.04688 0.08008
0 0.72998 0.14307 0.04785 0.0791
0 0.93408 0.03369 0.0459 0.06738
0 0.54297 0.31348 0.05664 0.07812
0 0.23926 0.56592 0.06445 0.06152
0 0.72363 0.2876 0.06641 0.06934
0 0.93652 0.57031 0.03711 0.06641
0 0.65869 0.6665 0.06543 0.06934
0 0.13037 0.88135 0.06934 0.10059
0 0.66943 0.3291 0.06348 0.06641
0 0.77441 0.53613 0.04297 0.06836
0 0.32275 0.50049 0.04199 0.11035
0 0.01025 0.66797 0.02051 0.0332
0 0.22461 0.79346 0.06641 0.0498
0 0.46533 0.54443 0.03613 0.0791
0 0.00977 0.88281 0.01953 0.06055
0 0.60498 0.53027 0.03223 0.08008
0 0.35986 0.22607 0.04004 0.09863
0 0.72021 0.97705 0.06348 0.0459
0 0.88672 0.54199 0.02734 0.07227
0 0.25732 0.02783 0.05176 0.05176
0 0.84619 0.62549 0.0459 0.09277
0 0.52686 0.53564 0.05371 0.05566
0 0.17578 0.7998 0.09961 0.08398
0 0.7041 0.21875 0.02734 0.08984
0 0.07178 0.5835 0.03223 0.0791
0 0.12402 0.83447 0.0625 0.06152
0 0.65283 0.58154 0.06152 0.05176
0 0.54736 0.86914 0.05371 0.05078
0 0.13428 0.61523 0.06152 0.0293
0 0.8877 0.90186 0.04297 0.06934
0 0.70215 0.9082 0.0293 0.05469
0 0.31299 0.93018 0.05566 0.03027
0 0.12402 0.979 0.07617 0.04199
0 0.9624 0.87256 0.05371 0.05566
0 0.20508 0.85596 0.05078 0.05762
0 0.52148 0.58691 0.04883 0.02734
0 0.54639 0.42041 0.06348 0.03027
0 0.0918 0.01465 0.03711 0.0293
0 0.35107 0.84619 0.04004 0.07129
0 0.22461 0.94482 0.0293 0.05371
0 0.2876 0.8623 0.0459 0.05078
0 0.87939 0.01709 0.03418 0.03418
0 0.15332 0.10645 0.08789 0.03711
0 0.58691 0.66992 0.02734 0.08008
0 0.33691 0.58057 0.07031 0.03809
0 0.80664 0.24561 0.0293 0.05762
0 0.98047 0.8418 0.03906 0.03516
0 0.07568 0.82812 0.03418 0.05664
0 0.77441 0.65576 0.03516 0.05371
0 0.51123 0.92236 0.02637 0.06934
0 0.75342 0.06006 0.03613 0.0791
0 0.38672 0.76758 0.07617 0.03711
0 0.12549 0.93945 0.04395 0.04883
0 0.78271 0.89404 0.04395 0.04199
0 0.18408 0.59375 0.0459 0.06836
0 0.93994 0.34766 0.04199 0.06836
0 0.72803 0.85498 0.04395 0.05176
0 0.21582 0.58936 0.03711 0.06543
0 0.82471 0.97754 0.04004 0.04492
0 0.37744 0.11328 0.04199 0.02539
0 0.88672 0.62939 0.05469 0.05762
0 0.06885 0.9502 0.0459 0.03711
0 0.51709 0.04102 0.06934 0.05859
0 0.31396 0.67529 0.10254 0.04004
0 0.38379 0.97119 0.04688 0.05762
0 0.56787 0.04785 0.08887 0.06055
0 0.79395 0.97314 0.02734 0.04199
0 0.8125 0.63037 0.03711 0.0459
