0 0.93799 0.57324 0.05371 0.08594
0 0.50879 0.19531 0.06641 0.07422
0 0.62549 0.15771 0.08105 0.08887
0 0.50098 0.54688 0.15234 0.06055
0 0.4917 0.83887 0.09082 0.06445
0 0.28613 0.37842 0.11914 0.06152
0 0.40771 0.55518 0.14355 0.05176
0 0.04541 0.34814 0.09082 0.0498
0 0.94727 0.16016 0.06641 0.06445
0 0.83105 0.04346 0.09961 0.04785
0 0.70654 0.53613 0.08496 0.05859
0 0.87012 0.25293 0.07227 0.06641
0 0.10645 0.29199 0.0957 0.04883
0 0.31787 0.49805 0.1084 0.04492
0 0.19775 0.03271 0.09863 0.04199
0 0.46094 0.27441 0.08203 0.04492
0 0.97705 0.52393 0.0459 0.06738
0 0.68359 0.58154 0.07617 0.05176
0 0.52686 0.48877 0.10449 0.06348
0 0.60107 0.46826 0.0791 0.08496
0 0.46387 0.02295 0.08008 0.03809
0 0.56104 0.17725 0.08301 0.04395
0 0.90723 0.87549 0.0625 0.06348
0 0.24658 0.12402 0.13965 0.11328
0 0.22949 0.51318 0.06055 0.07715
0 0.39893 0.1709 0.12988 0.08398
0 0.9375 0.25928 0.07422 0.06152
0 0.98242 0.60889 0.03516 0.05566
0 0.38477 0.62744 0.09375 0.03027
0 0.23779 0.97119 0.04004 0.05762
0 0.70752 0.7002 0.06152 0.0332
0 0.56104 0.53223 0.08105 0.0625
0 0.16992 0.25879 0.06445 0.03516
0 0.2583 0.17969 0.11035 0.06445
0 0.5498 0.6084 0.07812 0.04297
0 0.89697 0.81885 0.09863 0.04199
0 0.10742 0.0625 0.05664 0.04297
0 0.94922 0.55859 0.10156 0.05469
0 0.75732 0.57422 0.06934 0.04102
0 0.7627 0.2749 0.04883 0.0498
0 0.08936 0.52881 0.10254 0.08887
0 0.07324 0.6416 0.12695 0.05273
0 0.63721 0.63525 0.06152 0.05371
0 0.76562 0.45605 0.07422 0.12305
0 0.2373 0.30615 0.08008 0.03809
0 0.71436 0.74902 0.07715 0.03906
0 0.48291 0.92432 0.09277 0.03809
0 0.19141 0.97559 0.07031 0.03906
0 0.36621 0.01367 0.03711 0.02734
0 0.68262 0.4751 0.05078 0.09277
0 0.38525 0.3042 0.15137 0.05957
0 0.10449 0.5874 0.15039 0.04004
0 0.11182 0.9834 0.08496 0.03125
0 0.15186 0.53662 0.08691 0.0498
0 0.74268 0.94141 0.11426 0.04297
0 0.29346 0.35156 0.0498 0.02148
0 0.19678 0.57373 0.07715 0.03613
0 0.04248 0.27148 0.06543 0.06641
0 0.94629 0.98877 0.07422 0.02246
0 0.31787 0.55518 0.09277 0.04395
0 0.0249 0.52344 0.0498 0.04492
0 0.26562 0.48486 0.03906 0.06348
0 0.93408 0.96436 0.09863 0.02637
0 0.73242 0.6709 0.08008 0.05664
0 0.40723 0.64355 0.06641 0.05664
0 0.36572 0.57812 0.06738 0.03125
0 0.42188 0.48779 0.06641 0.05371
0 0.88428 0.22461 0.05371 0.05469
0 0.45801 0.17871 0.04297 0.07617
0 0.2002 0.6084 0.09961 0.03711
0 0.54688 0.93799 0.08398 0.05176
0 0.92236 0.91943 0.0498 0.04004
0 0.95703 0.94629 0.08398 0.0293
0 0.19873 0.5127 0.0459 0.03516
0 0.94092 0.01025 0.06738 0.02051
