0 0.03711 0.0127 0.07422 0.02539
0 0.04346 0.88428 0.08691 0.1709
0 0.14697 0.72607 0.05762 0.07715
0 0.06543 0.67969 0.08594 0.1582
0 0.32764 0.70557 0.07129 0.09473
0 0.21875 0.7334 0.06641 0.18359
0 0.2959 0.93262 0.14453 0.11523
0 0.38818 0.76611 0.05762 0.09863
0 0.15234 0.49707 0.07617 0.13672
0 0.24219 0.55957 0.08398 0.18945
0 0.0376 0.44434 0.0752 0.11914
0 0.17529 0.35205 0.10059 0.08301
0 0.33643 0.37207 0.11035 0.09766
0 0.06348 0.27246 0.06641 0.06445
0 0.09229 0.07617 0.05762 0.06055
0 0.07422 0.12402 0.05664 0.06055
0 0.18359 0.13965 0.07422 0.14258
0 0.271 0.02783 0.12988 0.05566
0 0.16797 0.02637 0.06641 0.05273
0 0.70166 0.02979 0.10254 0.05957
0 0.8916 0.04492 0.11133 0.08984
0 0.77832 0.02344 0.07031 0.04688
0 0.4917 0.22949 0.0752 0.20312
0 0.58154 0.14209 0.06934 0.18066
0 0.65771 0.15039 0.10645 0.10742
0 0.85156 0.3374 0.20703 0.18262
0 0.91992 0.32959 0.09766 0.08691
0 0.53125 0.69775 0.07031 0.12793
0 0.59131 0.7627 0.07324 0.07812
0 0.6416 0.70947 0.14453 0.16504
0 0.60791 0.44775 0.13184 0.21387
0 0.45752 0.53955 0.09277 0.11035
0 0.42529 0.63037 0.07324 0.0752
0 0.68652 0.35547 0.05273 0.09375
0 0.96289 0.59863 0.06836 0.33008
0 0.82812 0.89795 0.10547 0.2041
0 0.5 0.95312 0.12695 0.08789
0 0.68066 0.96924 0.08984 0.06152
0 0.36328 0.92285 0.05859 0.07031
