0 0.47949 0.7583 0.06445 0.09277
0 0.90723 0.51123 0.05859 0.09082
0 0.1875 0.39551 0.10352 0.07227
0 0.53418 0.13623 0.06445 0.12402
0 0.51172 0.85938 0.10156 0.05273
0 0.86426 0.56006 0.06836 0.07129
0 0.57666 0.53125 0.10449 0.05859
0 0.74561 0.05029 0.09668 0.09863
0 0.62109 0.45703 0.10938 0.06641
0 0.43408 0.47998 0.09277 0.08105
0 0.78955 0.52686 0.08105 0.05762
0 0.24658 0.19873 0.1084 0.0791
0 0.71436 0.19385 0.10449 0.07715
0 0.3335 0.4707 0.1084 0.12109
0 0.66016 0.11035 0.09375 0.11523
0 0.55811 0.72314 0.09082 0.08105
0 0.26221 0.14258 0.10645 0.05664
0 0.71338 0.27686 0.10059 0.0459
0 0.98438 0.26172 0.03125 0.04102
0 0.68408 0.79785 0.06543 0.04492
0 0.14893 0.85449 0.07715 0.04688
0 0.73682 0.63232 0.09668 0.03809
0 0.32715 0.29639 0.10547 0.03418
0 0.30859 0.37256 0.09375 0.03613
0 0.34277 0.62891 0.10547 0.03516
0 0.1123 0.54297 0.12891 0.04883
0 0.229 0.45703 0.09082 0.04102
0 0.43408 0.22266 0.0752 0.07031
0 0.70166 0.0874 0.10254 0.07715
0 0.39399 0.24482 0.11611 0.04434
0 0.58105 0.12012 0.08398 0.05469
0 0.87646 0.3877 0.07324 0.04297
0 0.66357 0.96045 0.10254 0.0459
0 0.44482 0.89941 0.05957 0.07227
0 0.91016 0.86328 0.07422 0.03711
0 0.17139 0.80322 0.12598 0.04004
0 0.93164 0.04883 0.06641 0.03711
0 0.06641 0.84814 0.0957 0.03418
0 0.02979 0.57422 0.05957 0.05273
0 0.3125 0.54199 0.13477 0.03906
0 0.34375 0.43262 0.09375 0.04492
0 0.03662 0.13672 0.07324 0.03711
0 0.12402 0.11377 0.10742 0.03027
0 0.77441 0.46631 0.07812 0.03027
0 0.35938 0.01758 0.09375 0.03516
0 0.28223 0.56006 0.07227 0.04395
0 0.26074 0.25146 0.07422 0.04785
0 0.26562 0.91992 0.08398 0.0332
0 0.0459 0.50098 0.07617 0.05078
0 0.61279 0.51025 0.10059 0.03223
0 0.52881 0.77148 0.0752 0.05078
0 0.98242 0.72217 0.03516 0.03223
0 0.40283 0.90332 0.09277 0.05078
0 0.58057 0.24023 0.0791 0.0293
0 0.93262 0.78955 0.05078 0.04199
0 0.76416 0.37695 0.06348 0.02344
0 0.59229 0.41943 0.08105 0.02441
0 0.27686 0.58936 0.05566 0.04395
0 0.55957 0.65625 0.08789 0.03906
0 0.42676 0.97119 0.13477 0.03418
0 0.21191 0.64404 0.09961 0.03613
0 0.37695 0.34521 0.09961 0.02637
0 0.10791 0.91455 0.1416 0.04199
0 0.0752 0.6582 0.05469 0.02344
0 0.61914 0.98486 0.08008 0.02637
0 0.94629 0.02637 0.05078 0.05078
0 0.75244 0.32617 0.06934 0.06055
0 0.22949 0.73145 0.05273 0.04492
0 0.68848 0.94385 0.05859 0.04785
0 0.59912 0.08643 0.07324 0.06543
0 0.01611 0.4043 0.03027 0.07812
0 0.73877 0.17041 0.06738 0.04785
0 0.22656 0.83496 0.08008 0.0332
0 0.40039 0.27002 0.06055 0.03223
0 0.01367 0.98633 0.02734 0.02344
0 0.81543 0.61475 0.05859 0.0498
