0 0.64062 0.12598 0.07812 0.09766
0 0.24951 0.26953 0.14941 0.08594
0 0.21045 0.08594 0.1123 0.0625
0 0.71973 0.06689 0.08008 0.10449
0 0.49316 0.03223 0.13281 0.06445
0 0.49756 0.1001 0.14551 0.13965
0 0.95947 0.3667 0.06934 0.08496
0 0.45557 0.39844 0.09277 0.11719
0 0.97461 0.28467 0.04492 0.08496
0 0.16309 0.54297 0.11523 0.09961
0 0.36963 0.60107 0.10254 0.11035
0 0.47998 0.46436 0.08496 0.10059
0 0.12842 0.16846 0.10254 0.10254
0 0.53906 0.56494 0.11133 0.12012
0 0.21973 0.17578 0.05469 0.0625
0 0.62549 0.56104 0.07715 0.1123
0 0.95752 0.47314 0.06934 0.10254
0 0.61084 0.37158 0.07715 0.08496
0 0.04688 0.21924 0.09375 0.06934
0 0.06494 0.29688 0.12988 0.15625
0 0.97461 0.15625 0.05078 0.0625
0 0.50342 0.32178 0.12793 0.05957
0 0.04834 0.03955 0.08301 0.05957
0 0.13818 0.0459 0.09277 0.0625
0 0.24316 0.33203 0.08789 0.09961
0 0.35596 0.33838 0.08301 0.10254
0 0.42822 0.36963 0.07715 0.11426
0 0.54736 0.46582 0.09473 0.12305
0 0.96973 0.09961 0.06055 0.06445
0 0.12402 0.27197 0.07617 0.06543
