0 0.2666 0.16064 0.08008 0.07715
0 0.45215 0.09326 0.08594 0.18652
0 0.08496 0.33398 0.13867 0.10352
0 0.34326 0.31934 0.08887 0.18555
0 0.41553 0.33887 0.06934 0.10156
0 0.29639 0.44043 0.15137 0.08594
0 0.479 0.38965 0.08691 0.11133
0 0.55322 0.41309 0.09473 0.19727
0 0.63623 0.42969 0.08887 0.05664
0 0.14502 0.65137 0.08105 0.06641
0 0.11963 0.50391 0.13965 0.13477
0 0.0708 0.53564 0.11426 0.0791
0 0.37354 0.7085 0.11816 0.06934
0 0.06348 0.43945 0.12109 0.07812
0 0.7417 0.6167 0.11426 0.06543
0 0.68457 0.63623 0.08789 0.05566
0 0.64502 0.23389 0.08496 0.14941
0 0.3291 0.93018 0.14062 0.13965
0 0.64404 0.96777 0.10449 0.06445
0 0.75879 0.34521 0.12109 0.06543
0 0.68994 0.27246 0.11621 0.08984
0 0.83252 0.49805 0.06738 0.05078
0 0.39502 0.46729 0.0752 0.07324
0 0.57373 0.04785 0.05176 0.08008
0 0.98633 0.02197 0.02734 0.04395
0 0.04443 0.56543 0.08887 0.07031
0 0.01904 0.51318 0.03809 0.04004
