0 0.86182 0.46094 0.11621 0.06641
0 0.8291 0.18994 0.07422 0.06543
0 0.43359 0.11523 0.12109 0.05469
0 0.26904 0.61426 0.04004 0.0957
0 0.94043 0.1416 0.08789 0.12109
0 0.396 0.13818 0.11035 0.06348
0 0.37891 0.6665 0.11133 0.08691
0 0.40088 0.05078 0.13379 0.07617
0 0.14697 0.40479 0.11621 0.09863
0 0.98633 0.44775 0.02734 0.06934
0 0.68701 0.15723 0.13184 0.06445
0 0.14355 0.66553 0.15234 0.09277
0 0.81641 0.0376 0.04883 0.0752
0 0.21875 0.15869 0.0918 0.04395
0 0.05029 0.76221 0.09277 0.03809
0 0.28076 0.5127 0.08496 0.05078
0 0.22754 0.12646 0.13086 0.06152
0 0.28027 0.80322 0.0918 0.05176
0 0.66455 0.25293 0.12012 0.05078
0 0.13281 0.85498 0.10938 0.04199
0 0.72607 0.74707 0.09082 0.03906
0 0.39502 0.16455 0.07324 0.05371
0 0.52832 0.03906 0.06836 0.07031
0 0.6665 0.17725 0.07324 0.05957
0 0.50098 0.0791 0.08789 0.04688
0 0.48486 0.7251 0.0752 0.03613
0 0.0835 0.15869 0.06934 0.07324
0 0.42871 0.43555 0.07227 0.03711
0 0.69092 0.60596 0.09277 0.05566
0 0.1001 0.4165 0.0752 0.05176
0 0.4126 0.2373 0.09277 0.04688
0 0.94287 0.21826 0.05176 0.07129
0 0.64697 0.11426 0.11035 0.05664
0 0.34424 0.17285 0.10254 0.06055
0 0.99121 0.50879 0.01758 0.04297
0 0.60498 0.77148 0.06738 0.03516
0 0.98389 0.79004 0.03223 0.03516
0 0.87012 0.76904 0.10156 0.05566
0 0.83887 0.24561 0.07812 0.03613
0 0.79688 0.62402 0.13867 0.03711
0 0.10337 0.80259 0.10713 0.06221
0 0.62012 0.85107 0.06445 0.04395
0 0.53174 0.02295 0.06348 0.0459
0 0.1001 0.25342 0.2002 0.05371
0 0.75488 0.23193 0.07617 0.03027
0 0.89404 0.13623 0.04785 0.03027
0 0.2251 0.54248 0.1416 0.02832
0 0.25439 0.07178 0.09473 0.04395
0 0.07617 0.51514 0.15234 0.03809
0 0.49219 0.82422 0.06836 0.03906
0 0.34521 0.81689 0.05762 0.02051
0 0.15625 0.46533 0.11914 0.02051
0 0.78125 0.87207 0.12695 0.03516
0 0.09766 0.49512 0.08984 0.02539
0 0.95947 0.11035 0.0752 0.04492
0 0.72021 0.47656 0.12402 0.0332
0 0.0249 0.44727 0.0498 0.02539
0 0.83105 0.50146 0.07812 0.05176
0 0.88135 0.08594 0.05176 0.05469
0 0.0708 0.33691 0.08691 0.02344
0 0.9751 0.25488 0.0498 0.03711
0 0.87549 0.51709 0.08496 0.02441
0 0.06641 0.0166 0.06641 0.0293
0 0.76562 0.85449 0.13672 0.03125
0 0.76074 0.51758 0.13867 0.0957
0 0.13867 0.78711 0.12109 0.04688
0 0.03564 0.14502 0.07129 0.04004
