0 0.78369 0.45557 0.06934 0.08496
0 0.02295 0.68359 0.0459 0.06641
0 0.34717 0.3667 0.09863 0.05762
0 0.88721 0.18848 0.07715 0.0625
0 0.53662 0.35693 0.06934 0.10059
0 0.68652 0.49463 0.08008 0.05957
0 0.37354 0.47168 0.14355 0.05664
0 0.17432 0.41211 0.06934 0.06055
0 0.07861 0.46924 0.09473 0.05176
0 0.70996 0.39941 0.06641 0.07227
0 0.34229 0.83154 0.09863 0.0459
0 0.7207 0.3418 0.05664 0.08008
0 0.50391 0.11816 0.07617 0.05664
0 0.70166 0.16113 0.05176 0.06641
0 0.23096 0.04883 0.06543 0.04492
0 0.35352 0.92188 0.07422 0.05078
0 0.68018 0.95947 0.0791 0.04199
0 0.6001 0.76758 0.08691 0.03711
0 0.80615 0.97266 0.06152 0.05078
0 0.74951 0.95752 0.05957 0.05957
0 0.1167 0.20996 0.07715 0.04492
0 0.46143 0.98486 0.08887 0.03027
0 0.94238 0.50635 0.07422 0.04004
0 0.10986 0.01514 0.04785 0.03027
0 0.03125 0.49512 0.05859 0.03906
0 0.51123 0.44629 0.06934 0.04492
0 0.10352 0.43848 0.07422 0.0332
0 0.11377 0.05518 0.08691 0.03613
0 0.4165 0.76123 0.05176 0.03613
0 0.82227 0.35254 0.05664 0.04297
0 0.7666 0.74512 0.05859 0.04492
0 0.63965 0.5874 0.05859 0.03418
0 0.11865 0.14209 0.07324 0.03809
0 0.10205 0.77197 0.08496 0.04004
0 0.49121 0.45947 0.06641 0.0459
0 0.97461 0.06885 0.04688 0.06934
0 0.44727 0.54736 0.06445 0.02637
0 0.2749 0.84814 0.08691 0.03613
0 0.97168 0.02832 0.04492 0.05469
0 0.39551 0.7915 0.08594 0.02637
0 0.646 0.80811 0.06934 0.02832
0 0.40576 0.42871 0.05957 0.06445
0 0.97119 0.29346 0.05762 0.03027
0 0.87451 0.98291 0.04004 0.03418
0 0.01953 0.80176 0.03906 0.01953
0 0.18066 0.85547 0.08594 0.01953
0 0.09082 0.16797 0.0918 0.0625
0 0.86914 0.74707 0.04688 0.04102
0 0.79736 0.53955 0.0498 0.04004
0 0.89258 0.43457 0.05859 0.04688
0 0.80811 0.77979 0.03027 0.04785
0 0.34131 0.49121 0.08691 0.03906
0 0.82617 0.84229 0.02344 0.07129
0 0.89941 0.46924 0.05078 0.06152
0 0.76172 0.01514 0.0332 0.03027
0 0.27539 0.23291 0.05859 0.04785
0 0.16895 0.5415 0.08789 0.04785
0 0.30322 0.22803 0.05371 0.03809
0 0.94336 0.83789 0.06641 0.07422
0 0.97559 0.76562 0.04883 0.05078
