0 0.33447 0.75684 0.10059 0.09961
0 0.27588 0.61475 0.12207 0.06543
0 0.73535 0.26416 0.11719 0.05957
0 0.36084 0.08203 0.1377 0.10938
0 0.6582 0.34961 0.10742 0.07031
0 0.22803 0.43115 0.10254 0.06738
0 0.46826 0.12109 0.12793 0.07227
0 0.05078 0.20898 0.10156 0.10938
0 0.7334 0.61084 0.11719 0.08301
0 0.62549 0.51367 0.10254 0.09766
0 0.67969 0.14355 0.20508 0.13281
0 0.27051 0.1958 0.16211 0.1084
0 0.07959 0.59473 0.09082 0.07031
0 0.76953 0.37207 0.13477 0.06445
0 0.90234 0.27588 0.15039 0.1748
0 0.15723 0.39355 0.10547 0.08789
0 0.18701 0.11084 0.09082 0.07715
0 0.42578 0.41895 0.14062 0.07422
0 0.33203 0.56348 0.125 0.05273
0 0.16602 0.8623 0.10742 0.08008
0 0.61133 0.79639 0.06836 0.04004
0 0.80811 0.69043 0.12207 0.17773
0 0.37549 0.51953 0.1377 0.06055
0 0.8291 0.78662 0.08008 0.08496
0 0.17725 0.19482 0.12988 0.08496
0 0.36572 0.47119 0.08691 0.05762
0 0.23096 0.36963 0.09277 0.05957
0 0.74951 0.29834 0.13965 0.03223
0 0.13379 0.1792 0.0625 0.0752
0 0.55566 0.11182 0.12305 0.08496
0 0.50342 0.04053 0.09277 0.07715
0 0.83936 0.03076 0.15723 0.05957
0 0.65088 0.10254 0.06348 0.05078
0 0.6543 0.75098 0.07617 0.04492
