0 0.05273 0.57373 0.06836 0.06738
0 0.09668 0.53076 0.07617 0.08496
0 0.10156 0.4375 0.0625 0.08984
0 0.19092 0.38721 0.06934 0.08887
0 0.12256 0.35254 0.05371 0.06445
0 0.3457 0.40039 0.06641 0.07812
0 0.21387 0.20117 0.14453 0.06055
0 0.11816 0.06689 0.06055 0.06738
0 0.0249 0.0542 0.0498 0.06348
0 0.31934 0.01904 0.08789 0.03809
0 0.16455 0.10059 0.0752 0.05859
0 0.3584 0.11328 0.0957 0.06836
0 0.38037 0.20947 0.0791 0.06543
0 0.50684 0.32373 0.14258 0.07129
0 0.49854 0.27148 0.0752 0.04297
0 0.64551 0.21729 0.07227 0.08301
0 0.7583 0.28662 0.07715 0.08301
0 0.72949 0.34326 0.06055 0.06738
0 0.7749 0.42041 0.0752 0.10645
0 0.59229 0.39209 0.08301 0.05566
0 0.5415 0.16602 0.10059 0.05859
0 0.48389 0.11182 0.12012 0.04395
0 0.4502 0.04248 0.0625 0.07129
0 0.57129 0.04785 0.06836 0.05273
0 0.64453 0.0127 0.08594 0.02539
0 0.70947 0.0415 0.10059 0.06348
0 0.27393 0.51465 0.12598 0.06445
0 0.21094 0.64307 0.20898 0.06348
0 0.12891 0.75 0.11328 0.03906
0 0.09082 0.80029 0.0918 0.05762
0 0.16895 0.85791 0.07422 0.04785
0 0.10254 0.95605 0.0625 0.08789
0 0.35059 0.87207 0.11133 0.07031
0 0.5625 0.86768 0.14258 0.1084
0 0.43701 0.97803 0.06348 0.04395
0 0.54883 0.78369 0.05859 0.07715
0 0.54395 0.67822 0.08594 0.06738
0 0.62109 0.77441 0.06836 0.06055
0 0.72705 0.84619 0.07715 0.04199
0 0.74756 0.74951 0.08301 0.05762
0 0.7832 0.66699 0.14453 0.07617
0 0.94434 0.63477 0.09961 0.08789
0 0.68457 0.55176 0.10547 0.06641
0 0.65527 0.46973 0.08008 0.0625
0 0.6875 0.89453 0.06055 0.05078
0 0.82275 0.94922 0.11426 0.07422
0 0.53564 0.49707 0.08691 0.10547
0 0.44678 0.49805 0.1084 0.10156
0 0.38037 0.72852 0.07324 0.06445
0 0.896 0.78418 0.06543 0.05273
0 0.84619 0.83984 0.05371 0.07617
0 0.92871 0.85645 0.06445 0.06836
0 0.96289 0.36816 0.07422 0.05664
0 0.97705 0.51709 0.0459 0.05762
0 0.86426 0.29102 0.08594 0.0625
0 0.95752 0.28076 0.06543 0.07715
0 0.84668 0.15771 0.08789 0.10254
0 0.89062 0.07812 0.09766 0.05664
0 0.9668 0.11865 0.06641 0.05762
0 0.45898 0.16992 0.05078 0.04492
0 0.0293 0.16113 0.05859 0.0918
0 0.02295 0.27246 0.0459 0.08594
0 0.58936 0.229 0.07324 0.06152
0 0.05762 0.31885 0.06641 0.06348
0 0.68164 0.71533 0.04688 0.0498
