0 0.09424 0.74561 0.09473 0.09668
0 0.03125 0.91846 0.0625 0.05566
0 0.56201 0.95752 0.08887 0.08496
0 0.21045 0.94531 0.10449 0.06836
0 0.1499 0.85303 0.07324 0.11621
0 0.20508 0.84521 0.07812 0.08105
0 0.3501 0.83447 0.05762 0.08496
0 0.44092 0.89941 0.08105 0.07617
0 0.4165 0.77832 0.05566 0.06445
0 0.44824 0.82861 0.06641 0.06738
0 0.53223 0.79736 0.06836 0.06738
0 0.54248 0.85986 0.09473 0.06152
0 0.65674 0.83887 0.0752 0.06836
0 0.69287 0.8042 0.09277 0.08691
0 0.72998 0.77881 0.06152 0.0791
0 0.90381 0.86621 0.07324 0.06445
0 0.896 0.92432 0.06934 0.05762
0 0.95215 0.80566 0.08008 0.07227
0 0.9751 0.87109 0.04785 0.05469
0 0.81934 0.05615 0.07227 0.08887
0 0.69531 0.23975 0.06836 0.05957
0 0.87158 0.20312 0.05762 0.07422
0 0.80371 0.2666 0.10938 0.08398
0 0.91162 0.30908 0.06738 0.05371
0 0.8584 0.37891 0.05469 0.0625
0 0.74023 0.33936 0.0625 0.0498
0 0.71436 0.39502 0.09082 0.08105
0 0.48828 0.44727 0.16406 0.08008
0 0.49902 0.37646 0.07422 0.06543
0 0.39453 0.35107 0.0957 0.08496
0 0.48682 0.22607 0.07129 0.0752
0 0.49805 0.15234 0.12109 0.10352
0 0.12109 0.20752 0.16211 0.08691
0 0.30078 0.27637 0.05859 0.07031
0 0.25 0.30322 0.06641 0.06348
0 0.30322 0.34375 0.06152 0.07031
0 0.24512 0.35645 0.06836 0.06445
0 0.09131 0.26416 0.04785 0.05566
0 0.26025 0.57959 0.06543 0.10059
0 0.28662 0.66162 0.09473 0.13965
0 0.38184 0.66504 0.06836 0.06445
0 0.43945 0.2334 0.05078 0.05664
0 0.20264 0.23438 0.0459 0.05469
0 0.27686 0.38037 0.04395 0.04395
0 0.31006 0.96484 0.04395 0.04883
0 0.90039 0.33545 0.05859 0.03809
0 0.83545 0.29932 0.0459 0.04004
0 0.01172 0.42969 0.02344 0.05859
