0 0.02393 0.1543 0.04785 0.10938
0 0.0542 0.06836 0.06348 0.0625
0 0.09863 0.02734 0.09961 0.04688
0 0.17529 0.17041 0.10059 0.06934
0 0.01758 0.27686 0.03516 0.08691
0 0.15186 0.35791 0.05957 0.08301
0 0.25391 0.30322 0.0625 0.10645
0 0.31445 0.31152 0.06055 0.05469
0 0.08789 0.41748 0.0957 0.07129
0 0.0874 0.48584 0.1084 0.09863
0 0.15674 0.61035 0.11816 0.0625
0 0.25879 0.52344 0.08789 0.08398
0 0.29053 0.4292 0.08496 0.06738
0 0.26562 0.66602 0.07031 0.06836
0 0.19043 0.68457 0.05469 0.04883
0 0.04297 0.78223 0.08594 0.08398
0 0.03711 0.85352 0.07422 0.0625
0 0.09668 0.86816 0.04883 0.07031
0 0.02881 0.97217 0.05762 0.05566
0 0.1875 0.97559 0.07422 0.04883
0 0.33789 0.91357 0.06836 0.06738
0 0.49902 0.96338 0.0625 0.05176
0 0.5459 0.93945 0.0625 0.06836
0 0.37061 0.83936 0.05762 0.06152
0 0.43311 0.81055 0.09668 0.05859
0 0.60303 0.82129 0.05566 0.08594
0 0.72314 0.80615 0.1123 0.06348
0 0.75928 0.87305 0.0752 0.07422
0 0.96484 0.94092 0.07031 0.08301
0 0.87939 0.97168 0.06348 0.05664
0 0.97656 0.69727 0.04688 0.14062
0 0.74854 0.60547 0.07129 0.08594
0 0.82275 0.6416 0.05176 0.07227
0 0.96143 0.50684 0.05176 0.05469
0 0.91699 0.44092 0.07422 0.08301
0 0.97559 0.41992 0.04883 0.07812
0 0.77441 0.35498 0.04688 0.10059
0 0.97559 0.30518 0.04883 0.0752
0 0.42285 0.60791 0.07617 0.06934
0 0.50342 0.65381 0.07324 0.05566
0 0.43652 0.74121 0.06641 0.06836
0 0.58984 0.74902 0.10547 0.07617
0 0.55518 0.53027 0.05176 0.05273
0 0.5376 0.39307 0.09668 0.0752
0 0.54834 0.31592 0.06738 0.07715
0 0.66211 0.26709 0.07031 0.05957
0 0.67969 0.20215 0.12109 0.07227
0 0.93896 0.23682 0.06543 0.07715
0 0.9165 0.19141 0.14746 0.08203
0 0.74463 0.12939 0.08105 0.11426
0 0.53564 0.0791 0.06543 0.10547
0 0.50781 0.1499 0.0918 0.10449
0 0.62012 0.03662 0.05078 0.05176
0 0.69336 0.11133 0.04688 0.08008
0 0.31885 0.08203 0.05957 0.04688
0 0.83496 0.03613 0.07031 0.07227
0 0.4873 0.61035 0.07422 0.07812
0 0.96045 0.01123 0.05371 0.02246
0 0.88672 0.35254 0.07617 0.05859
0 0.69238 0.48389 0.05078 0.04395
0 0.80078 0.53271 0.04492 0.05371
0 0.98975 0.36816 0.02051 0.04297
0 0.97168 0.38672 0.03125 0.04102
0 0.6377 0.81689 0.02539 0.03809
0 0.01123 0.57031 0.02246 0.0625
