0 0.69336 0.85303 0.14258 0.10254
0 0.58301 0.92236 0.09766 0.15527
0 0.38232 0.84473 0.09473 0.06055
0 0.24707 0.36328 0.125 0.06836
0 0.35742 0.56201 0.08008 0.12012
0 0.84082 0.78955 0.12305 0.06543
0 0.4209 0.98242 0.0918 0.03516
0 0.24707 0.91602 0.0957 0.07227
0 0.42578 0.67334 0.05273 0.13184
0 0.53076 0.12695 0.07324 0.07422
0 0.50098 0.4458 0.08789 0.07715
0 0.15186 0.11328 0.05957 0.07812
0 0.68457 0.24707 0.14062 0.125
0 0.92871 0.89697 0.14258 0.08496
0 0.25439 0.8042 0.0752 0.09473
0 0.24219 0.20166 0.07031 0.08496
0 0.88477 0.18115 0.08984 0.10254
0 0.52197 0.84473 0.05957 0.125
0 0.6084 0.75342 0.07812 0.08691
0 0.86963 0.42285 0.10449 0.0625
0 0.09473 0.51318 0.15039 0.12793
0 0.82471 0.70312 0.06543 0.07812
0 0.5332 0.62598 0.10742 0.12305
0 0.72461 0.46436 0.16016 0.1748
0 0.86914 0.57178 0.08984 0.15527
0 0.78369 0.24707 0.05762 0.07422
0 0.09473 0.86914 0.08008 0.08984
0 0.95703 0.45947 0.08594 0.06934
0 0.33105 0.4707 0.07227 0.08789
0 0.59082 0.41064 0.06836 0.06738
0 0.7749 0.04395 0.17285 0.08789
0 0.9585 0.40234 0.08301 0.04492
0 0.55322 0.35303 0.09277 0.1377
0 0.03076 0.79102 0.05762 0.10742
0 0.96436 0.02588 0.07129 0.05176
0 0.92822 0.04346 0.1377 0.08301
0 0.3584 0.30371 0.08203 0.0625
0 0.19336 0.81055 0.07812 0.0625
0 0.97119 0.66943 0.05762 0.21973
0 0.96875 0.34717 0.0625 0.0752
0 0.87549 0.84082 0.06738 0.0625
0 0.43701 0.94238 0.12012 0.08008
0 0.86572 0.47949 0.08301 0.05469
0 0.48291 0.36475 0.06738 0.0498
0 0.39062 0.70459 0.07812 0.14551
0 0.62061 0.55615 0.04785 0.10254
0 0.7959 0.4707 0.07812 0.0625
0 0.92188 0.22461 0.05469 0.10547
0 0.72314 0.03711 0.15723 0.07031
0 0.08301 0.38818 0.16211 0.10254
0 0.8584 0.23926 0.04688 0.07031
0 0.55615 0.86816 0.1377 0.1582
0 0.87207 0.78809 0.07422 0.05273
0 0.63818 0.53076 0.04785 0.07715
0 0.45703 0.30615 0.16016 0.18262
0 0.81543 0.10205 0.08789 0.05762
0 0.59717 0.30566 0.09473 0.0625
0 0.97119 0.10059 0.05762 0.09766
