0 0.08398 0.06055 0.13867 0.12109
0 0.16748 0.09473 0.08301 0.10156
0 0.14502 0.18457 0.09863 0.06641
0 0.15527 0.22266 0.08594 0.07031
0 0.53369 0.07471 0.07129 0.08105
0 0.64111 0.06201 0.11035 0.08887
0 0.76611 0.04541 0.0752 0.09082
0 0.81934 0.09668 0.10352 0.08398
0 0.98096 0.01416 0.03809 0.02832
0 0.97949 0.20166 0.04102 0.06543
0 0.88623 0.3501 0.07715 0.06738
0 0.62988 0.35449 0.11133 0.05664
0 0.5542 0.26074 0.07715 0.08398
0 0.38574 0.27002 0.08594 0.12793
0 0.20312 0.41553 0.09961 0.0791
0 0.20068 0.60938 0.06543 0.16406
0 0.33545 0.56787 0.05566 0.0498
0 0.36865 0.49805 0.0752 0.07812
0 0.48145 0.48438 0.08008 0.0918
0 0.47119 0.57617 0.23535 0.10547
0 0.42188 0.72998 0.16211 0.1084
0 0.50879 0.76221 0.06836 0.13184
0 0.60156 0.79199 0.0957 0.1543
0 0.73486 0.72168 0.0791 0.13672
0 0.78711 0.56299 0.10742 0.09473
0 0.9292 0.46338 0.09863 0.0752
0 0.14404 0.8877 0.06348 0.20508
0 0.26807 0.71289 0.09082 0.08203
0 0.02832 0.68164 0.05664 0.05859
0 0.68018 0.93896 0.06934 0.0791
0 0.84521 0.6416 0.10254 0.09766
0 0.95264 0.63818 0.09473 0.08105
0 0.92773 0.74609 0.13672 0.18164
