0 0.05469 0.03711 0.06641 0.07422
0 0.20508 0.02295 0.08398 0.0459
0 0.18262 0.22021 0.05664 0.05566
0 0.05371 0.56055 0.0625 0.07227
0 0.13281 0.68115 0.0918 0.06543
0 0.1626 0.54297 0.06348 0.07812
0 0.22119 0.47754 0.11035 0.05469
0 0.31396 0.396 0.10645 0.05957
0 0.22559 0.3374 0.06055 0.10449
0 0.44092 0.32715 0.07324 0.09766
0 0.54297 0.47412 0.06055 0.09277
0 0.77588 0.34424 0.05176 0.07324
0 0.69824 0.33691 0.05273 0.05664
0 0.71582 0.42041 0.08789 0.07324
0 0.74365 0.24512 0.06348 0.07422
0 0.59619 0.15576 0.07324 0.04785
0 0.41699 0.16455 0.1582 0.05957
0 0.354 0.08203 0.0791 0.08789
0 0.6416 0.0791 0.08789 0.07617
0 0.78467 0.09424 0.05566 0.05176
0 0.84863 0.2168 0.06055 0.05469
0 0.31494 0.64746 0.04785 0.05078
0 0.39307 0.68457 0.06348 0.0918
0 0.4624 0.65332 0.08887 0.10742
0 0.48486 0.55176 0.06348 0.04883
0 0.56641 0.59033 0.06055 0.05957
0 0.62744 0.62891 0.04395 0.08008
0 0.70312 0.62402 0.10547 0.07422
0 0.71338 0.58057 0.06152 0.05176
0 0.85791 0.52441 0.12207 0.05078
0 0.73486 0.71924 0.09277 0.07715
0 0.65234 0.75684 0.0957 0.10547
0 0.5791 0.80811 0.08008 0.06738
0 0.43555 0.81543 0.19922 0.17969
0 0.33398 0.77979 0.06055 0.06738
0 0.79297 0.78662 0.14258 0.10254
0 0.90381 0.78223 0.13965 0.05859
0 0.8457 0.72021 0.0625 0.05762
0 0.93164 0.68896 0.07812 0.06543
0 0.83105 0.66797 0.06836 0.04883
0 0.8042 0.5835 0.06543 0.05762
0 0.95361 0.23975 0.05176 0.11035
0 0.95117 0.0498 0.07617 0.09961
0 0.91016 0.02441 0.11523 0.04883
0 0.91992 0.96533 0.08398 0.0498
0 0.11133 0.85303 0.07812 0.12402
0 0.0957 0.15918 0.05664 0.05664
0 0.90283 0.14062 0.08887 0.05469
0 0.09473 0.60498 0.05469 0.04395
0 0.03418 0.60498 0.06836 0.0459
0 0.92578 0.79346 0.10156 0.11621
0 0.36865 0.01318 0.05176 0.02637
0 0.00977 0.01172 0.01953 0.02344
0 0.98828 0.11572 0.02344 0.06348
0 0.94971 0.22949 0.08105 0.08594
0 0.98193 0.62939 0.03613 0.06934
0 0.97412 0.82275 0.05176 0.07129
