0 0.19971 0.0249 0.11035 0.0498
0 0.23975 0.60693 0.14551 0.12988
0 0.09229 0.56055 0.12988 0.08203
0 0.91211 0.1875 0.1543 0.07031
0 0.79883 0.55762 0.14453 0.11719
0 0.19678 0.83887 0.2002 0.11133
0 0.79932 0.25391 0.13184 0.11523
0 0.19531 0.41748 0.10742 0.14551
0 0.05469 0.02832 0.10938 0.05664
0 0.09717 0.27441 0.13965 0.0957
0 0.78369 0.96436 0.13965 0.07129
0 0.95215 0.29541 0.0957 0.08691
0 0.1792 0.93115 0.12012 0.1377
0 0.89355 0.79834 0.21289 0.12598
0 0.96436 0.48145 0.07129 0.10156
0 0.96045 0.95312 0.0752 0.09375
