0 0.0376 0.02051 0.07324 0.04102
0 0.20605 0.02051 0.10938 0.04102
0 0.2998 0.11182 0.08594 0.08301
0 0.0957 0.14746 0.06641 0.0625
0 0.02344 0.104 0.04688 0.11035
0 0.5 0.06445 0.10742 0.12891
0 0.63867 0.03369 0.07812 0.06738
0 0.73096 0.01318 0.06543 0.02637
0 0.97461 0.22705 0.05078 0.1084
0 0.77148 0.104 0.09766 0.17285
0 0.31152 0.27686 0.10742 0.08691
0 0.49316 0.17285 0.08008 0.05469
0 0.18408 0.37109 0.09473 0.07031
0 0.05176 0.4082 0.08203 0.08203
0 0.03906 0.3252 0.07031 0.05078
0 0.16748 0.48828 0.08691 0.07422
0 0.07422 0.51465 0.07227 0.07227
0 0.41943 0.49951 0.08887 0.06348
0 0.44482 0.30811 0.07324 0.13965
0 0.48975 0.36377 0.08691 0.10254
0 0.57568 0.38965 0.06543 0.08594
0 0.79053 0.40039 0.10059 0.10547
0 0.91113 0.34521 0.13867 0.08301
0 0.60693 0.51758 0.06543 0.06641
0 0.50537 0.60498 0.12598 0.13379
0 0.26758 0.63965 0.07227 0.09766
0 0.10742 0.63428 0.08398 0.09473
0 0.0957 0.83447 0.08984 0.08691
0 0.16357 0.70117 0.13574 0.12109
0 0.396 0.83936 0.1123 0.13965
0 0.70312 0.63037 0.14258 0.08301
0 0.70117 0.7959 0.12891 0.07031
0 0.28125 0.87354 0.09961 0.09082
0 0.11963 0.93994 0.08691 0.1123
0 0.21289 0.9458 0.07031 0.06543
0 0.8584 0.97021 0.125 0.05957
0 0.98877 0.69189 0.02246 0.0459
0 0.59375 0.97266 0.0625 0.05469
0 0.29492 0.96143 0.08398 0.06543
0 0.37354 0.76514 0.17871 0.06738
