0 0.05029 0.00098 0.10059 0.00195
0 0.68164 0.65088 0.18164 0.09082
0 0.14111 0.04248 0.09863 0.08496
0 0.04346 0.87158 0.08691 0.0791
0 0.04932 0.95117 0.09863 0.07422
0 0.43555 0.61719 0.20117 0.09961
0 0.4248 0.05957 0.15039 0.11914
0 0.27539 0.81836 0.12695 0.13867
0 0.64453 0.60107 0.20312 0.11621
0 0.73486 0.60205 0.10059 0.1377
0 0.83057 0.83398 0.12402 0.09766
0 0.29785 0.5791 0.2168 0.0957
0 0.95996 0.42236 0.08008 0.13184
0 0.36426 0.86328 0.11719 0.15625
0 0.84912 0.95557 0.10059 0.08887
0 0.646 0.79932 0.0791 0.08105
0 0.53418 0.03369 0.11914 0.06738
0 0.72266 0.19727 0.08203 0.08203
0 0.97656 0.58936 0.04688 0.1084
0 0.1626 0.08447 0.19043 0.10645
0 0.41406 0.83643 0.07617 0.19629
0 0.44043 0.42139 0.08789 0.08887
