0 0.6377 0.32764 0.10742 0.07715
0 0.82715 0.26221 0.11719 0.10645
0 0.9248 0.54248 0.15039 0.09668
0 0.58643 0.46533 0.08496 0.05957
0 0.19385 0.09033 0.09277 0.08105
0 0.64062 0.86572 0.11719 0.1123
0 0.56934 0.75342 0.08984 0.08691
0 0.70947 0.40332 0.12012 0.08789
0 0.84082 0.43457 0.12305 0.11914
0 0.7334 0.69043 0.0957 0.08984
0 0.66992 0.97412 0.08203 0.05176
0 0.0542 0.11084 0.06934 0.08301
0 0.73193 0.85059 0.12012 0.07227
0 0.70068 0.58496 0.15723 0.12891
0 0.61816 0.03613 0.08789 0.07227
0 0.69238 0.22021 0.07422 0.07129
0 0.04541 0.53418 0.09082 0.14648
0 0.5415 0.90137 0.08301 0.06836
0 0.06445 0.69824 0.08008 0.07227
0 0.47314 0.36865 0.07715 0.06738
0 0.78076 0.40479 0.15332 0.09473
0 0.92334 0.6958 0.09668 0.05176
