0 0.02344 0.80518 0.04688 0.0791
0 0.62256 0.96777 0.0791 0.04492
0 0.11768 0.95166 0.09668 0.07129
0 0.03564 0.91455 0.06348 0.08301
0 0.25977 0.86475 0.1543 0.16895
0 0.33496 0.83301 0.08594 0.08008
0 0.41162 0.82568 0.1416 0.13574
0 0.12744 0.71777 0.21191 0.08789
0 0.03906 0.60596 0.07812 0.1123
0 0.10254 0.52734 0.12891 0.11328
0 0.05469 0.33936 0.10938 0.19629
0 0.06543 0.15381 0.13086 0.06543
0 0.02881 0.05713 0.05762 0.08887
0 0.22119 0.22656 0.07129 0.11523
0 0.28125 0.32373 0.06445 0.1416
0 0.30664 0.33643 0.07031 0.09277
0 0.38525 0.33447 0.07715 0.10254
0 0.26172 0.16748 0.08594 0.11621
0 0.36426 0.16455 0.04688 0.0791
0 0.37549 0.08984 0.15918 0.13086
0 0.42334 0.07959 0.0791 0.12988
0 0.46191 0.05273 0.08594 0.09961
0 0.47705 0.37305 0.07715 0.06445
0 0.5791 0.39014 0.06055 0.13184
0 0.67725 0.35059 0.10449 0.11133
0 0.70361 0.42285 0.08496 0.10547
0 0.43213 0.56006 0.15137 0.08301
0 0.49707 0.65186 0.08594 0.11621
0 0.2876 0.67969 0.11426 0.0957
0 0.70508 0.61084 0.05664 0.13574
0 0.74561 0.73438 0.05176 0.09961
0 0.64502 0.16943 0.10059 0.12793
0 0.69141 0.14697 0.03906 0.09668
0 0.39209 0.97656 0.05762 0.04102
0 0.87207 0.93994 0.07422 0.07129
0 0.82666 0.70264 0.11816 0.09863
0 0.88184 0.49805 0.07227 0.14453
0 0.9209 0.44434 0.07031 0.11328
0 0.96826 0.29541 0.05957 0.14355
0 0.85986 0.25195 0.0752 0.08594
0 0.84766 0.15771 0.11523 0.12793
0 0.8418 0.07227 0.07031 0.11133
0 0.90088 0.06055 0.1084 0.11328
0 0.95166 0.16797 0.09668 0.07812
0 0.7627 0.86035 0.08984 0.08984
0 0.51562 0.30713 0.09766 0.16699
