0 0.15234 0.1001 0.09766 0.08691
0 0.06201 0.23291 0.0791 0.0791
0 0.03027 0.31689 0.06055 0.07715
0 0.26855 0.3042 0.12695 0.08691
0 0.19678 0.42236 0.0791 0.07324
0 0.24854 0.5918 0.11035 0.09961
0 0.43945 0.37109 0.10742 0.12109
0 0.57373 0.47461 0.10254 0.09961
0 0.43115 0.03906 0.09473 0.07812
0 0.2832 0.02588 0.08203 0.05176
0 0.61328 0.0625 0.0918 0.125
0 0.76416 0.10205 0.17871 0.18262
0 0.92188 0.47168 0.08203 0.08984
0 0.88574 0.61426 0.17383 0.17383
0 0.72705 0.78711 0.16699 0.11328
0 0.70898 0.51221 0.09961 0.08301
0 0.49561 0.78418 0.08887 0.16211
0 0.29639 0.73486 0.10254 0.0752
0 0.14355 0.8584 0.1582 0.11328
0 0.64111 0.9165 0.13184 0.09473
0 0.87158 0.89258 0.20215 0.11328
0 0.67529 0.29443 0.12402 0.10449
0 0.82617 0.16553 0.16406 0.09473
