0 0.62012 0.07764 0.04883 0.11035
0 0.91064 0.72998 0.06934 0.07715
0 0.56836 0.19629 0.08789 0.07031
0 0.73877 0.09814 0.08105 0.12598
0 0.79443 0.16406 0.03223 0.08398
0 0.9165 0.18164 0.04004 0.07031
0 0.33154 0.31592 0.05566 0.06934
0 0.33545 0.93652 0.11426 0.03711
0 0.37451 0.5376 0.02637 0.08887
0 0.22656 0.45898 0.04688 0.10352
0 0.31396 0.16992 0.05566 0.08398
0 0.04297 0.80762 0.08594 0.05273
0 0.63428 0.60449 0.09668 0.10938
0 0.05078 0.42969 0.08594 0.06836
0 0.57812 0.49219 0.12305 0.04883
0 0.12158 0.79443 0.10059 0.03613
0 0.74316 0.58008 0.0625 0.07031
0 0.25 0.81104 0.03711 0.12012
0 0.32324 0.25488 0.08008 0.09766
0 0.0918 0.92627 0.08008 0.04004
0 0.56885 0.94287 0.10449 0.03613
0 0.16113 0.30127 0.08398 0.02832
0 0.35303 0.09229 0.04004 0.06738
0 0.30469 0.98096 0.05078 0.03223
0 0.57275 0.3252 0.05566 0.04688
0 0.17236 0.02344 0.03027 0.04492
0 0.31934 0.01953 0.08008 0.03906
0 0.0249 0.60498 0.0498 0.04785
0 0.75342 0.90039 0.0498 0.0625
0 0.2876 0.07812 0.04199 0.05859
0 0.92432 0.47021 0.0498 0.05957
0 0.25586 0.52783 0.03711 0.07324
0 0.04785 0.19727 0.0957 0.10938
0 0.96338 0.0166 0.03418 0.0332
0 0.37793 0.646 0.08398 0.03223
0 0.57031 0.62158 0.04297 0.05957
0 0.29883 0.81299 0.0332 0.05566
0 0.24365 0.67676 0.05176 0.04883
0 0.78662 0.69336 0.05566 0.06055
0 0.70068 0.94678 0.02246 0.06152
0 0.27588 0.64893 0.08105 0.04004
0 0.57129 0.91357 0.09766 0.03418
0 0.16016 0.69727 0.06445 0.05469
0 0.81104 0.83936 0.11035 0.03223
0 0.24805 0.13477 0.07812 0.07812
0 0.04541 0.93848 0.05762 0.02148
0 0.6875 0.91943 0.04688 0.04004
0 0.08691 0.00781 0.05469 0.01562
0 0.48145 0.29199 0.03906 0.03906
0 0.48828 0.19043 0.04297 0.05273
0 0.13672 0.66162 0.13672 0.0498
0 0.57715 0.5293 0.14844 0.11523
0 0.70703 0.98877 0.06055 0.02246
0 0.42627 0.98779 0.05566 0.02441
