0 0.29199 0.08789 0.06641 0.07617
0 0.10596 0.021 0.06348 0.04199
0 0.08887 0.13135 0.05469 0.05176
0 0.31689 0.22461 0.09668 0.0918
0 0.24707 0.22412 0.05078 0.05371
0 0.41211 0.27148 0.10352 0.06055
0 0.51416 0.29443 0.1377 0.08105
0 0.63428 0.34717 0.20605 0.06152
0 0.50586 0.36475 0.08789 0.07324
0 0.19629 0.37744 0.17578 0.06348
0 0.04785 0.22803 0.0957 0.05957
0 0.07471 0.30322 0.08496 0.07324
0 0.19141 0.61963 0.11133 0.07129
0 0.33887 0.62451 0.11914 0.11621
0 0.04785 0.60742 0.0957 0.07422
0 0.16553 0.67041 0.09668 0.06934
0 0.08301 0.68213 0.07227 0.08691
0 0.24561 0.88867 0.10645 0.09766
0 0.30859 0.96924 0.0918 0.06152
0 0.7207 0.73242 0.07812 0.05078
0 0.79785 0.70068 0.0957 0.05957
0 0.71143 0.58984 0.1377 0.07031
0 0.86133 0.51123 0.06445 0.05762
0 0.88623 0.55908 0.07129 0.05371
0 0.94092 0.94824 0.09668 0.10352
0 0.87891 0.80566 0.07812 0.05078
0 0.81396 0.78467 0.05957 0.06738
0 0.76416 0.80859 0.06348 0.07617
0 0.65723 0.78467 0.06641 0.0791
0 0.57471 0.88379 0.25879 0.12109
0 0.72021 0.91309 0.09863 0.0625
0 0.36572 0.88232 0.0752 0.07129
0 0.43213 0.96875 0.06738 0.0625
0 0.10645 0.89209 0.11328 0.06934
0 0.06836 0.86621 0.0625 0.08203
0 0.02734 0.82812 0.05469 0.08984
0 0.97119 0.37646 0.05762 0.14551
0 0.90723 0.41504 0.06836 0.08008
0 0.94141 0.27637 0.05664 0.09375
0 0.72314 0.16553 0.10254 0.10645
0 0.78955 0.19678 0.09277 0.05957
0 0.78711 0.27441 0.09766 0.08594
0 0.91113 0.08887 0.0625 0.13281
0 0.63428 0.11279 0.0752 0.07324
0 0.54541 0.12012 0.09082 0.14062
0 0.41895 0.35938 0.07227 0.0625
0 0.51025 0.56152 0.07129 0.07227
0 0.03271 0.38379 0.06543 0.05859
0 0.77539 0.54688 0.06836 0.05078
0 0.8916 0.71533 0.06055 0.05957
0 0.25928 0.06836 0.06543 0.0625
0 0.60938 0.47559 0.11914 0.07031
0 0.68311 0.36621 0.06934 0.11523
