0 0.35303 0.04883 0.08691 0.09766
0 0.22607 0.08984 0.13379 0.10742
0 0.12598 0.11279 0.08398 0.05566
0 0.19141 0.18506 0.07812 0.10449
0 0.25244 0.25537 0.06543 0.1123
0 0.41309 0.2334 0.05469 0.08789
0 0.51758 0.24463 0.07422 0.05762
0 0.44092 0.03809 0.06348 0.07617
0 0.66357 0.01465 0.08105 0.0293
0 0.66748 0.146 0.16113 0.0791
0 0.84082 0.13916 0.08203 0.09082
0 0.76221 0.24951 0.08105 0.05957
0 0.86182 0.27002 0.10645 0.0791
0 0.91016 0.39551 0.08594 0.07617
0 0.60645 0.36084 0.08008 0.11621
0 0.64355 0.3833 0.06445 0.13184
0 0.81592 0.50781 0.09082 0.08008
0 0.16602 0.39746 0.08984 0.07422
0 0.25146 0.45898 0.09863 0.06445
0 0.04541 0.46973 0.09082 0.11328
0 0.0957 0.53711 0.12695 0.09961
0 0.19092 0.62695 0.07129 0.10938
0 0.25879 0.68799 0.08984 0.11035
0 0.33105 0.71973 0.06445 0.08398
0 0.36865 0.65283 0.08887 0.11816
0 0.48633 0.68994 0.09766 0.09863
0 0.72949 0.71289 0.06641 0.08398
0 0.69971 0.86963 0.0791 0.12207
0 0.51855 0.97607 0.09961 0.04785
0 0.93457 0.69678 0.10547 0.12207
0 0.96143 0.61621 0.07715 0.0957
0 0.125 0.78955 0.09961 0.13379
0 0.29248 0.85986 0.06543 0.09473
0 0.24902 0.9165 0.06836 0.0752
0 0.12158 0.94434 0.07129 0.10352
0 0.20215 0.97754 0.08398 0.04492
0 0.63037 0.54541 0.12988 0.10059
0 0.57861 0.61865 0.10645 0.09277
0 0.18799 0.7334 0.07715 0.07617
0 0.71973 0.93994 0.08203 0.10449
0 0.55176 0.13037 0.07617 0.06543
0 0.47656 0.14746 0.04688 0.07617
0 0.47998 0.00488 0.0459 0.00977
0 0.3125 0.91211 0.0957 0.07031
0 0.22266 0.01172 0.15039 0.02344
