0 0.00732 0.31201 0.01465 0.06738
0 0.08105 0.29834 0.10938 0.0752
0 0.12451 0.21191 0.08887 0.13281
0 0.02832 0.10645 0.05664 0.04883
0 0.05664 0.06885 0.11328 0.1123
0 0.23193 0.08057 0.06934 0.10059
0 0.17725 0.05371 0.05957 0.10742
0 0.19971 0.16602 0.05762 0.07812
0 0.29346 0.33398 0.09277 0.07617
0 0.32227 0.2583 0.21875 0.06738
0 0.44971 0.09668 0.05371 0.08594
0 0.52637 0.19873 0.16211 0.14746
0 0.63867 0.32031 0.08594 0.12305
0 0.5293 0.05371 0.05469 0.10742
0 0.7373 0.22363 0.13672 0.09375
0 0.7915 0.16016 0.06543 0.10547
0 0.08887 0.5708 0.12109 0.19238
0 0.02832 0.76025 0.05664 0.13965
0 0.06396 0.80811 0.07129 0.08301
0 0.08154 0.68701 0.09473 0.0752
0 0.17822 0.73291 0.0459 0.05566
0 0.15771 0.77588 0.0752 0.06543
0 0.21094 0.67627 0.06445 0.05762
0 0.23486 0.7417 0.04785 0.05371
0 0.56104 0.63477 0.1084 0.13281
0 0.50049 0.79736 0.0752 0.06934
0 0.39209 0.77246 0.06934 0.06836
0 0.26562 0.83545 0.10938 0.16309
0 0.30762 0.85352 0.14258 0.15039
0 0.14551 0.9248 0.10352 0.15039
0 0.02295 0.97363 0.0459 0.05273
0 0.50293 0.94678 0.13477 0.10645
0 0.73145 0.76807 0.08594 0.0752
0 0.98633 0.71191 0.02734 0.12891
0 0.95557 0.85498 0.08887 0.09277
0 0.83398 0.84863 0.13477 0.09766
0 0.90186 0.7002 0.06738 0.15625
0 0.88184 0.50635 0.09961 0.19824
0 0.9585 0.5708 0.08301 0.11621
0 0.89746 0.10205 0.18164 0.08301
0 0.90039 0.16309 0.08594 0.07227
0 0.12207 0.01953 0.03906 0.03906
0 0.78662 0.26758 0.04004 0.03906
0 0.92285 0.88965 0.0957 0.14844
