0 0.04004 0.77393 0.08008 0.07324
0 0.1084 0.74414 0.06445 0.05664
0 0.13916 0.81689 0.07715 0.0752
0 0.22998 0.68213 0.09473 0.10254
0 0.21289 0.61084 0.05469 0.05957
0 0.06787 0.6958 0.07324 0.06543
0 0.18408 0.7627 0.06934 0.04492
0 0.31934 0.78467 0.07031 0.0498
0 0.33496 0.85205 0.05078 0.06348
0 0.44629 0.83252 0.05273 0.07324
0 0.52344 0.82617 0.08594 0.08594
0 0.48096 0.90039 0.10254 0.05469
0 0.50928 0.94629 0.06152 0.06055
0 0.58545 0.91846 0.06934 0.06543
0 0.64697 0.79395 0.06934 0.07031
0 0.70605 0.86621 0.06836 0.0625
0 0.72461 0.95166 0.09961 0.09668
0 0.82422 0.88184 0.05273 0.04688
0 0.8584 0.8291 0.04883 0.0625
0 0.93506 0.82764 0.0752 0.07129
0 0.93018 0.74756 0.07324 0.05176
0 0.5957 0.72559 0.06836 0.05078
0 0.9834 0.88086 0.0332 0.06055
0 0.17188 0.95508 0.03516 0.03711
0 0.18018 0.98486 0.04004 0.03027
0 0.69482 0.58398 0.12598 0.08398
0 0.7085 0.6958 0.07324 0.05762
0 0.92529 0.62793 0.12012 0.16797
0 0.74707 0.42529 0.06641 0.04785
0 0.57764 0.27588 0.06152 0.09863
0 0.48389 0.30078 0.05371 0.05664
0 0.59814 0.36426 0.06543 0.07422
0 0.71143 0.20703 0.07324 0.10156
0 0.68896 0.28955 0.06543 0.0752
0 0.9082 0.32568 0.08984 0.12012
0 0.97949 0.31885 0.03906 0.09277
0 0.32617 0.0166 0.06445 0.0332
0 0.18066 0.02295 0.07617 0.0459
0 0.05615 0.02393 0.07129 0.04785
0 0.0249 0.34668 0.0498 0.05859
0 0.0415 0.39453 0.08301 0.06641
0 0.22168 0.43799 0.08789 0.07324
0 0.24609 0.51611 0.06836 0.05566
0 0.40723 0.46289 0.0918 0.06055
0 0.46143 0.54492 0.06348 0.07812
0 0.53369 0.45703 0.06152 0.05469
0 0.45459 0.36621 0.09082 0.0918
0 0.36816 0.38037 0.06445 0.06152
0 0.22363 0.35205 0.06836 0.0752
0 0.14746 0.34375 0.06055 0.06836
0 0.33789 0.26709 0.09766 0.06934
0 0.23779 0.83887 0.07324 0.04297
0 0.7124 0.35596 0.05957 0.05176
0 0.64111 0.87256 0.05371 0.05371
0 0.3623 0.80176 0.05273 0.04297
0 0.5918 0.78564 0.07031 0.0498
0 0.14697 0.70557 0.05371 0.05371
0 0.02246 0.95361 0.03516 0.03613
