0 0.50146 0.90625 0.06934 0.07031
0 0.56836 0.93896 0.08594 0.04785
0 0.08301 0.11572 0.16602 0.11816
0 0.5166 0.82812 0.08008 0.06055
0 0.93164 0.00098 0.11328 0.00195
0 0.96094 0.43018 0.07617 0.14355
0 0.29053 0.18701 0.08691 0.15332
0 0.90381 0.67822 0.08301 0.09668
0 0.32666 0.16504 0.10254 0.13281
0 0.12891 0.24707 0.08789 0.09375
0 0.62354 0.83838 0.09668 0.09277
0 0.9668 0.3252 0.06641 0.10352
0 0.5957 0.18799 0.09766 0.10059
0 0.57959 0.10254 0.15918 0.09375
0 0.10645 0.11377 0.13281 0.11426
0 0.97363 0.74512 0.05273 0.08789
0 0.7832 0.64844 0.09375 0.12695
0 0.91162 0.18604 0.10645 0.11035
0 0.17285 0.02197 0.08594 0.04395
0 0.18262 0.66699 0.08203 0.09766
0 0.48926 0.33643 0.08398 0.08105
0 0.44482 0.95166 0.05762 0.05566
0 0.38623 0.98242 0.08887 0.03516
0 0.35254 0.91357 0.08008 0.06543
0 0.27295 0.90479 0.08105 0.08496
0 0.60498 0.46387 0.10059 0.08398
0 0.51318 0.49414 0.07129 0.10547
0 0.42285 0.51514 0.07617 0.09668
0 0.29053 0.52051 0.08887 0.07422
0 0.25293 0.05127 0.0918 0.04785
