0 0.06787 0.01709 0.0752 0.03418
0 0.03516 0.34375 0.07031 0.11133
0 0.09375 0.42188 0.10742 0.11328
0 0.20068 0.25439 0.10254 0.0791
0 0.31885 0.09277 0.06934 0.12109
0 0.41699 0.06006 0.07617 0.09863
0 0.53027 0.01807 0.07617 0.03613
0 0.61963 0.22314 0.08691 0.06543
0 0.5376 0.29785 0.08887 0.12695
0 0.37744 0.43945 0.07129 0.14258
0 0.13135 0.60693 0.20996 0.17676
0 0.1582 0.78223 0.10938 0.10742
0 0.49463 0.70996 0.0752 0.10938
0 0.64893 0.7334 0.08301 0.12891
0 0.48145 0.53125 0.08203 0.11719
0 0.53271 0.41797 0.04785 0.04883
0 0.58008 0.46094 0.10742 0.11133
0 0.86377 0.61523 0.0791 0.11914
0 0.32568 0.87354 0.05957 0.09863
0 0.89844 0.49316 0.10547 0.10547
0 0.98535 0.56543 0.0293 0.10547
0 0.98047 0.93799 0.03906 0.10059
0 0.95947 0.27539 0.08105 0.08594
0 0.88477 0.19189 0.10156 0.20801
