0 0.57178 0.03418 0.15918 0.06836
0 0.66309 0.06641 0.11133 0.10352
0 0.91895 0.09033 0.11523 0.18066
0 0.98828 0.08398 0.02344 0.11914
0 0.87256 0.36572 0.10449 0.13574
0 0.56787 0.2583 0.18262 0.11426
0 0.30859 0.18115 0.11328 0.07129
0 0.23242 0.24756 0.13867 0.10059
0 0.20264 0.3457 0.19434 0.0957
0 0.25928 0.41992 0.11621 0.11328
0 0.39062 0.4917 0.12891 0.12012
0 0.33936 0.53418 0.07129 0.11523
0 0.09033 0.63281 0.07324 0.09766
0 0.14111 0.70605 0.0752 0.07812
0 0.0249 0.58984 0.0498 0.24219
0 0.06006 0.34082 0.10645 0.08203
0 0.42627 0.63281 0.07324 0.10156
0 0.44775 0.74268 0.0498 0.11426
0 0.12646 0.95703 0.1084 0.07617
0 0.30713 0.79834 0.09277 0.0791
0 0.57324 0.82471 0.12109 0.06934
0 0.55518 0.38281 0.09668 0.09766
0 0.78906 0.5918 0.07812 0.23828
0 0.58887 0.52588 0.10156 0.1709
0 0.90137 0.51025 0.0918 0.11426
0 0.94873 0.55713 0.10254 0.18457
0 0.95166 0.71777 0.09668 0.16016
0 0.79102 0.78223 0.07812 0.10742
0 0.72021 0.81396 0.07324 0.06738
0 0.74365 0.86475 0.10059 0.07324
0 0.04199 0.13721 0.08398 0.07129
0 0.0459 0.9624 0.0918 0.06738
0 0.27637 0.95605 0.06641 0.08789
