0 0.07129 0.25684 0.0625 0.14258
0 0.18701 0.54443 0.07715 0.15332
0 0.21729 0.69336 0.08301 0.0957
0 0.04443 0.73486 0.05566 0.13574
0 0.03418 0.64014 0.06836 0.09277
0 0.02197 0.53223 0.04395 0.08594
0 0.08105 0.47656 0.0625 0.08008
0 0.04639 0.05078 0.08691 0.06641
0 0.29834 0.01611 0.1377 0.03223
0 0.21094 0.09766 0.13086 0.06445
0 0.16748 0.15381 0.0791 0.12402
0 0.28174 0.16846 0.06152 0.06543
0 0.5542 0.20801 0.0791 0.08008
0 0.65479 0.21631 0.06348 0.06738
0 0.74951 0.27979 0.0791 0.13184
0 0.19824 0.88477 0.08984 0.15625
0 0.16211 0.84082 0.0625 0.08984
0 0.45898 0.88623 0.16602 0.07324
0 0.34326 0.7334 0.08887 0.10156
0 0.69971 0.78076 0.13184 0.12988
0 0.56396 0.77441 0.06152 0.0918
0 0.51611 0.60107 0.06152 0.11621
0 0.40625 0.57715 0.11133 0.08008
0 0.41162 0.97656 0.08887 0.04688
0 0.6792 0.97412 0.11621 0.05176
0 0.58789 0.90332 0.05859 0.05469
0 0.9707 0.8457 0.05859 0.05859
0 0.88574 0.91016 0.08789 0.08398
0 0.93896 0.97607 0.09863 0.04785
0 0.81152 0.7168 0.09961 0.13477
0 0.70557 0.65967 0.09863 0.08887
0 0.86377 0.62012 0.10254 0.09375
0 0.74609 0.43359 0.0957 0.18359
0 0.62451 0.34131 0.06152 0.1123
0 0.50586 0.32275 0.16797 0.10449
0 0.46533 0.38672 0.20801 0.06445
0 0.43457 0.43359 0.17578 0.11133
0 0.39355 0.46045 0.13672 0.08496
0 0.88477 0.03223 0.17188 0.06445
0 0.82959 0.17773 0.0752 0.125
0 0.79199 0.19629 0.04492 0.07227
0 0.88525 0.17334 0.07129 0.0752
0 0.9541 0.47461 0.0625 0.05664
0 0.97266 0.64502 0.05469 0.08105
0 0.60352 0.01367 0.07617 0.02734
0 0.75537 0.94824 0.05957 0.05664
0 0.67676 0.89795 0.0625 0.04395
0 0.46631 0.80811 0.06738 0.07129
0 0.66455 0.48096 0.06934 0.07324
0 0.83643 0.35547 0.04395 0.07031
0 0.83008 0.44922 0.06836 0.0625
0 0.91406 0.53516 0.0957 0.06836
0 0.04199 0.02197 0.08398 0.04395
0 0.86035 0.67578 0.04883 0.05859
0 0.87549 0.08057 0.0752 0.11035
0 0.75635 0.01465 0.10254 0.0293
