0 0.28076 0.65918 0.11816 0.08984
0 0.19922 0.75195 0.08008 0.0957
0 0.12158 0.12842 0.07715 0.06738
0 0.31689 0.77197 0.06934 0.08496
0 0.4082 0.92285 0.12305 0.0625
0 0.2583 0.97119 0.07324 0.05762
0 0.13818 0.82178 0.07324 0.0752
0 0.38623 0.67236 0.10254 0.12012
0 0.94727 0.75195 0.09961 0.06445
0 0.05078 0.71826 0.08203 0.07715
0 0.19482 0.94922 0.0752 0.07031
0 0.90332 0.1167 0.0918 0.12988
0 0.35107 0.97119 0.07715 0.05762
0 0.04492 0.79688 0.08984 0.08984
0 0.91699 0.05957 0.09961 0.07422
0 0.94092 0.13818 0.08301 0.09277
0 0.97217 0.17676 0.05566 0.07031
0 0.95605 0.42529 0.08398 0.06543
