0 0.85645 0.76562 0.13477 0.08789
0 0.78564 0.87061 0.12793 0.07715
0 0.81934 0.48975 0.14453 0.12988
0 0.91846 0.93799 0.1123 0.07715
0 0.70068 0.30957 0.08691 0.08984
0 0.88965 0.32568 0.0957 0.07324
0 0.0498 0.43701 0.09961 0.08496
0 0.04102 0.65625 0.08203 0.0625
0 0.02832 0.2959 0.05664 0.08789
0 0.71826 0.68066 0.09668 0.07812
0 0.73193 0.19727 0.11035 0.09961
0 0.49805 0.35205 0.09766 0.09473
0 0.7373 0.62354 0.11523 0.07715
0 0.00244 0.38184 0.00488 0.125
0 0.93945 0.27393 0.12109 0.06348
0 0.64453 0.24609 0.10547 0.09766
0 0.96094 0.37109 0.07812 0.07227
0 0.91309 0.05322 0.13281 0.08691
0 0.93359 0.07812 0.13281 0.10742
