0 0.70312 0.42969 0.11719 0.125
0 0.7334 0.9375 0.13281 0.125
0 0.96094 0.62109 0.07812 0.09766
0 0.85547 0.27686 0.10742 0.13965
0 0.3418 0.36963 0.13477 0.16504
0 0.12988 0.41211 0.08008 0.13086
0 0.76221 0.72949 0.11035 0.16992
0 0.9585 0.4873 0.08301 0.11523
0 0.49561 0.9209 0.09277 0.07812
0 0.44824 0.10059 0.12305 0.13281
0 0.65674 0.30469 0.08301 0.11328
0 0.08838 0.65332 0.07129 0.12891
0 0.91797 0.88721 0.14258 0.0752
0 0.54834 0.17578 0.09277 0.16211
0 0.18213 0.82324 0.05957 0.08203
0 0.8208 0.47314 0.09668 0.14746
0 0.32227 0.76562 0.07031 0.08203
0 0.05176 0.15039 0.09961 0.15234
0 0.78711 0.17969 0.10547 0.11523
0 0.19434 0.02637 0.08984 0.05273
0 0.25293 0.95068 0.0625 0.08301
0 0.74463 0.28613 0.05762 0.09766
