0 0.98975 0.37305 0.02051 0.10352
0 0.95508 0.07227 0.08984 0.11133
0 0.85107 0.25439 0.09863 0.0791
0 0.76807 0.09619 0.13184 0.08301
0 0.64893 0.16357 0.07715 0.08105
0 0.56396 0.22217 0.11035 0.21387
0 0.39355 0.5249 0.18359 0.0752
0 0.25928 0.17822 0.10645 0.11426
0 0.12305 0.14355 0.0957 0.16211
0 0.2124 0.01562 0.10449 0.03125
0 0.82764 0.87109 0.09473 0.19531
0 0.55225 0.59814 0.25488 0.11621
0 0.37695 0.81055 0.15039 0.17578
0 0.22998 0.72852 0.11426 0.18164
0 0.12109 0.41846 0.12109 0.1377
0 0.28516 0.00879 0.05664 0.01758
0 0.35498 0.04004 0.04785 0.07031
0 0.77393 0.07275 0.10059 0.05957
0 0.98047 0.21875 0.03906 0.05273
0 0.76123 0.28906 0.09082 0.06445
0 0.87354 0.40771 0.10059 0.05957
0 0.04248 0.07666 0.04785 0.0498
0 0.23682 0.28516 0.09863 0.1875
0 0.24609 0.44434 0.11719 0.05859
0 0.21777 0.53809 0.13672 0.09375
0 0.06152 0.56689 0.11914 0.06543
0 0.15967 0.74414 0.06348 0.08984
0 0.11816 0.9248 0.06055 0.11133
0 0.21631 0.875 0.0752 0.15039
0 0.03125 0.95361 0.0625 0.06934
0 0.60889 0.8877 0.05371 0.125
0 0.65283 0.91211 0.07715 0.12305
0 0.87939 0.70361 0.15137 0.2373
0 0.9624 0.90088 0.0752 0.18848
0 0.91455 0.55078 0.08301 0.05273
0 0.44727 0.98047 0.07617 0.03906
