0 0.35596 0.08838 0.16504 0.17676
0 0.47754 0.23193 0.14062 0.06543
0 0.52539 0.29639 0.06055 0.06738
0 0.40967 0.30225 0.05176 0.05176
0 0.35742 0.32568 0.11914 0.0791
0 0.47852 0.41309 0.12695 0.11914
0 0.41602 0.4082 0.07422 0.08203
0 0.40039 0.50146 0.13672 0.15332
0 0.32422 0.55713 0.0957 0.07715
0 0.24561 0.46484 0.08105 0.12695
0 0.20605 0.33252 0.13281 0.09277
0 0.1084 0.23584 0.10938 0.06152
0 0.21875 0.28564 0.14258 0.05957
0 0.04395 0.47217 0.08789 0.10449
0 0.02393 0.32764 0.04785 0.0791
0 0.65186 0.32617 0.05957 0.08789
0 0.71777 0.32666 0.07812 0.06934
0 0.70264 0.38818 0.06348 0.05762
0 0.63916 0.55811 0.07129 0.15918
0 0.44141 0.67822 0.14258 0.17285
0 0.43018 0.75439 0.07324 0.06348
0 0.25146 0.66016 0.06543 0.09375
0 0.28613 0.73975 0.06445 0.06152
0 0.81494 0.34033 0.14551 0.0498
0 0.89746 0.36572 0.17383 0.05176
0 0.9873 0.36523 0.02539 0.12305
0 0.95068 0.72656 0.09863 0.11133
0 0.87891 0.8042 0.14453 0.13574
0 0.81885 0.82373 0.07324 0.08301
0 0.73145 0.8374 0.10938 0.0791
0 0.64551 0.77783 0.17383 0.07129
0 0.58936 0.72754 0.06543 0.05664
0 0.64014 0.70898 0.07324 0.04688
0 0.70605 0.69971 0.04883 0.07715
0 0.91455 0.90186 0.16504 0.06738
0 0.54688 0.86377 0.08203 0.05957
0 0.64648 0.84521 0.07812 0.07715
0 0.38379 0.88428 0.21875 0.06934
0 0.40723 0.94482 0.0918 0.06738
0 0.16406 0.85889 0.14844 0.06934
0 0.2417 0.8457 0.08105 0.09961
0 0.26709 0.79346 0.06934 0.06543
0 0.05811 0.81299 0.09473 0.0498
0 0.04883 0.88379 0.09766 0.07031
0 0.77637 0.98145 0.11523 0.03711
0 0.06543 0.39307 0.06836 0.08105
0 0.54199 0.76562 0.06445 0.04492
