0 0.58447 0.03174 0.08105 0.06348
0 0.26172 0.04004 0.08984 0.08008
0 0.09277 0.09863 0.08984 0.15234
0 0.35645 0.18115 0.10938 0.15527
0 0.26807 0.16016 0.05957 0.10156
0 0.45801 0.2041 0.12109 0.14453
0 0.06543 0.30566 0.10547 0.10352
0 0.02197 0.34668 0.04395 0.10156
0 0.03271 0.50635 0.06543 0.08301
0 0.08398 0.66162 0.13086 0.06152
0 0.20996 0.5874 0.09375 0.0791
0 0.19287 0.85547 0.0791 0.12305
0 0.09033 0.94971 0.08887 0.10059
0 0.0127 0.94873 0.02539 0.10254
0 0.43701 0.89209 0.1377 0.14941
0 0.49951 0.94434 0.09277 0.10547
0 0.42432 0.68506 0.1123 0.10645
0 0.68311 0.66504 0.08301 0.13086
0 0.74365 0.6333 0.09277 0.0791
0 0.89648 0.7168 0.07031 0.12305
0 0.79541 0.85352 0.10449 0.13867
0 0.94092 0.87793 0.08301 0.14258
0 0.63623 0.43213 0.1377 0.09668
0 0.77295 0.37695 0.06543 0.13281
0 0.86572 0.38428 0.08691 0.17676
0 0.95654 0.59082 0.08691 0.14062
0 0.18408 0.0127 0.07324 0.02539
