0 0.34814 0.55371 0.0752 0.06055
0 0.0708 0.45215 0.07129 0.07422
0 0.27881 0.05762 0.09277 0.07617
0 0.33545 0.28271 0.0752 0.07324
0 0.96191 0.03369 0.06641 0.06738
0 0.0957 0.24658 0.08398 0.06738
0 0.37842 0.05273 0.09863 0.09375
0 0.03564 0.02637 0.07129 0.05078
0 0.77197 0.4624 0.05176 0.06348
0 0.05176 0.12549 0.06445 0.09473
0 0.82666 0.76172 0.09863 0.06445
0 0.02148 0.10107 0.04297 0.06152
0 0.56543 0.39844 0.11523 0.06055
0 0.28125 0.45703 0.0625 0.07227
0 0.88721 0.0332 0.07129 0.06641
0 0.0166 0.27881 0.0332 0.06543
0 0.60156 0.25928 0.06055 0.05371
0 0.68555 0.13281 0.05469 0.07812
0 0.15869 0.71826 0.05957 0.0459
0 0.64209 0.52588 0.07715 0.05762
0 0.14941 0.22998 0.07227 0.05566
0 0.21924 0.59082 0.11426 0.05273
0 0.62793 0.9668 0.05273 0.06641
0 0.18213 0.36572 0.0791 0.05762
0 0.38818 0.10352 0.06738 0.04883
0 0.28271 0.72021 0.0791 0.05957
0 0.74951 0.09277 0.06543 0.07422
0 0.41943 0.97266 0.06152 0.05078
0 0.75244 0.58105 0.10449 0.05664
0 0.20801 0.44189 0.05469 0.03223
0 0.68994 0.64502 0.08301 0.04004
0 0.56641 0.16211 0.09375 0.06055
0 0.45557 0.2959 0.06738 0.04688
0 0.3667 0.88428 0.07129 0.05957
0 0.95068 0.9624 0.07715 0.05762
0 0.47607 0.96973 0.08105 0.03711
0 0.10059 0.01758 0.08984 0.03125
0 0.29639 0.37305 0.0498 0.05078
0 0.38037 0.65576 0.07129 0.05957
0 0.15674 0.62891 0.09863 0.04492
0 0.40381 0.53711 0.03223 0.07422
0 0.59766 0.78223 0.04688 0.04883
0 0.18799 0.55469 0.0752 0.04492
0 0.02686 0.59131 0.05371 0.0459
0 0.47998 0.73535 0.06543 0.04688
0 0.84375 0.87988 0.05859 0.03906
0 0.24463 0.49121 0.06738 0.06055
0 0.37695 0.01953 0.09375 0.03711
0 0.02881 0.94775 0.05762 0.04785
0 0.30225 0.84229 0.08691 0.05371
0 0.50928 0.62354 0.0752 0.05176
0 0.92578 0.34766 0.10156 0.05859
0 0.1665 0.0874 0.11035 0.05566
0 0.06396 0.78027 0.0791 0.04883
0 0.93506 0.21191 0.05371 0.10547
0 0.97998 0.08301 0.03027 0.06055
0 0.91797 0.98389 0.03516 0.03223
0 0.17334 0.68945 0.06738 0.0625
0 0.9541 0.4292 0.05664 0.03613
0 0.48828 0.53467 0.07031 0.04395
0 0.81885 0.60693 0.05371 0.0498
0 0.50586 0.9248 0.06641 0.05078
0 0.25049 0.92822 0.06348 0.04785
0 0.7002 0.61914 0.07812 0.03906
0 0.21826 0.69238 0.05371 0.06836
0 0.5918 0.78955 0.04297 0.04395
0 0.85742 0.0918 0.05078 0.06055
0 0.51953 0.45264 0.06836 0.05176
0 0.45459 0.5127 0.07715 0.05664
0 0.79785 0.64893 0.06055 0.05176
0 0.67236 0.67188 0.06543 0.05273
0 0.6582 0.73828 0.04688 0.07031
0 0.71387 0.37256 0.05273 0.06348
0 0.56641 0.95801 0.06836 0.06641
0 0.08936 0.61475 0.06348 0.06348
0 0.32715 0.92188 0.05664 0.04883
