0 0.42822 0.67871 0.06348 0.0918
0 0.3877 0.15234 0.07227 0.10547
0 0.29883 0.05078 0.09961 0.0625
0 0.08887 0.15576 0.06055 0.08301
0 0.93164 0.32715 0.06641 0.125
0 0.3374 0.72656 0.06738 0.08008
0 0.88477 0.15332 0.05273 0.08984
0 0.81885 0.94482 0.04395 0.10645
0 0.40332 0.34277 0.05469 0.07812
0 0.93115 0.95459 0.07715 0.09082
0 0.46777 0.43652 0.07227 0.06641
0 0.81787 0.49023 0.06543 0.09375
0 0.3374 0.55762 0.09473 0.05273
0 0.09473 0.26123 0.10547 0.05762
0 0.50879 0.6543 0.11133 0.06836
0 0.73193 0.32373 0.09082 0.06738
0 0.65137 0.38428 0.06445 0.09277
0 0.38184 0.91113 0.08398 0.07422
0 0.15967 0.38232 0.0752 0.09277
0 0.77881 0.94287 0.06348 0.10449
0 0.21436 0.15088 0.0752 0.06738
0 0.98242 0.35645 0.03516 0.07031
0 0.58545 0.27295 0.0498 0.08496
0 0.11523 0.06396 0.08398 0.08691
0 0.44092 0.83887 0.12207 0.07617
0 0.22998 0.79443 0.10059 0.08301
0 0.74268 0.15381 0.05762 0.09082
0 0.21973 0.44971 0.08594 0.05762
0 0.02441 0.61963 0.04883 0.08301
0 0.93701 0.04297 0.04785 0.08203
0 0.88086 0.04199 0.04492 0.08203
0 0.26074 0.58643 0.10742 0.13379
0 0.62402 0.62939 0.10352 0.05957
0 0.15771 0.67432 0.08691 0.13574
0 0.78857 0.50684 0.0459 0.09375
0 0.31641 0.396 0.10938 0.12402
0 0.66162 0.44336 0.1084 0.10938
0 0.06396 0.76514 0.12793 0.05566
0 0.56055 0.77051 0.11719 0.0957
0 0.66699 0.13281 0.03906 0.08984
0 0.50098 0.1001 0.0625 0.08691
0 0.08447 0.43359 0.11035 0.08203
0 0.05176 0.44531 0.08008 0.08984
0 0.5293 0.98291 0.0625 0.03418
0 0.4834 0.50928 0.11328 0.08105
0 0.19141 0.04199 0.08594 0.08398
0 0.35107 0.26074 0.04004 0.12109
0 0.09229 0.63623 0.09473 0.0791
0 0.34375 0.97754 0.03711 0.04492
0 0.5542 0.19385 0.06934 0.08105
0 0.13428 0.43359 0.11035 0.06641
0 0.74561 0.02637 0.03809 0.05273
0 0.25781 0.64062 0.07617 0.06445
0 0.57568 0.37207 0.0752 0.05273
0 0.58154 0.0293 0.03809 0.05859
0 0.66455 0.69775 0.0498 0.07324
0 0.62109 0.79443 0.10547 0.08496
0 0.93164 0.6543 0.05078 0.05664
0 0.8667 0.74707 0.04199 0.07031
0 0.53516 0.31689 0.05859 0.06348
0 0.60986 0.23877 0.05176 0.06738
0 0.72803 0.91748 0.05762 0.07324
0 0.98389 0.20215 0.03223 0.03125
0 0.33252 0.14111 0.06152 0.04785
0 0.11621 0.01904 0.03906 0.03809
0 0.22607 0.96875 0.04004 0.02344
0 0.68359 0.37207 0.04492 0.07031
0 0.73438 0.41357 0.03711 0.05957
0 0.01416 0.02588 0.02832 0.05176
0 0.18652 0.82812 0.11914 0.05469
0 0.90723 0.02734 0.04688 0.05273
0 0.97314 0.19043 0.04395 0.08789
0 0.88477 0.89941 0.07812 0.05273
0 0.26465 0.38135 0.06836 0.04395
0 0.91504 0.56885 0.02539 0.02637
