0 0.64404 0.29199 0.0791 0.13281
0 0.21777 0.57959 0.14062 0.06738
0 0.08252 0.94727 0.16504 0.06836
0 0.31104 0.24072 0.30371 0.0752
0 0.41309 0.08203 0.07812 0.16406
0 0.2207 0.77246 0.10938 0.25586
0 0.22559 0.87402 0.1875 0.16406
0 0.46436 0.28662 0.22559 0.08105
0 0.26904 0.05029 0.08301 0.10059
0 0.76025 0.32764 0.09668 0.14355
0 0.91064 0.78613 0.10449 0.0918
0 0.5376 0.97021 0.06934 0.05957
0 0.31543 0.36523 0.11133 0.17578
0 0.80225 0.57471 0.12012 0.14746
0 0.09424 0.44971 0.11035 0.14941
0 0.76123 0.23828 0.12598 0.06641
0 0.25 0.31885 0.08398 0.10449
0 0.896 0.7251 0.11816 0.08105
0 0.72607 0.14648 0.06934 0.09766
0 0.09766 0.06885 0.19531 0.12207
0 0.31982 0.95654 0.09277 0.08691
0 0.16211 0.40039 0.17969 0.11719
0 0.51221 0.37744 0.07715 0.10449
0 0.56543 0.33447 0.07227 0.12012
0 0.63086 0.98779 0.11719 0.02441
0 0.07129 0.01367 0.14258 0.02734
0 0.22998 0.98535 0.06738 0.0293
0 0.73047 0.01758 0.07422 0.03516
0 0.4873 0.08447 0.09375 0.16895
0 0.94385 0.29443 0.08496 0.16504
0 0.67871 0.45312 0.07227 0.12891
0 0.65088 0.57471 0.09668 0.10449
0 0.55908 0.4873 0.16895 0.08594
0 0.46289 0.61523 0.0957 0.06641
0 0.40771 0.55859 0.12402 0.16406
0 0.41357 0.65381 0.12598 0.05566
0 0.41357 0.77197 0.0791 0.19043
0 0.49072 0.7793 0.24121 0.0918
0 0.61035 0.83789 0.06836 0.07812
0 0.56592 0.74854 0.20605 0.18848
0 0.67188 0.79736 0.13672 0.04785
0 0.70654 0.74951 0.18457 0.06152
0 0.54199 0.64551 0.15234 0.1582
0 0.70068 0.67334 0.22168 0.07324
0 0.19287 0.95508 0.18262 0.06055
0 0.41016 0.05518 0.15234 0.0791
