0 0.09082 0.50195 0.09375 0.10742
0 0.01514 0.30322 0.03027 0.04785
0 0.08545 0.69482 0.07129 0.06543
0 0.08008 0.84863 0.07031 0.08398
0 0.00781 0.87598 0.01562 0.07617
0 0.13916 0.94531 0.06152 0.07031
0 0.229 0.92188 0.10254 0.15625
0 0.27344 0.87305 0.06641 0.05078
0 0.38818 0.93213 0.11621 0.09082
0 0.43115 0.854 0.11621 0.10645
0 0.29688 0.71582 0.08789 0.10742
0 0.29346 0.55957 0.16309 0.17383
0 0.41504 0.57129 0.08398 0.11133
0 0.53418 0.67969 0.11914 0.08984
0 0.64014 0.73682 0.18652 0.08105
0 0.62012 0.80518 0.16797 0.07715
0 0.80664 0.854 0.16406 0.07324
0 0.6499 0.87891 0.12402 0.07227
0 0.69727 0.90918 0.07812 0.05469
0 0.85547 0.94922 0.06445 0.05273
0 0.44775 0.41895 0.08301 0.12109
0 0.14502 0.30957 0.09082 0.08594
0 0.21875 0.26416 0.07031 0.06152
0 0.2876 0.19971 0.08887 0.07129
0 0.33301 0.30322 0.12305 0.09277
0 0.604 0.24561 0.11035 0.07129
0 0.75293 0.11621 0.11328 0.07227
0 0.85889 0.15723 0.09863 0.15039
0 0.95117 0.20312 0.09375 0.07812
0 0.66504 0.34033 0.07227 0.05566
0 0.61523 0.38135 0.07812 0.05371
0 0.65674 0.45996 0.05566 0.08203
0 0.71533 0.47852 0.12793 0.10156
0 0.81445 0.46924 0.07031 0.05371
0 0.7959 0.38086 0.08398 0.0625
0 0.91846 0.37012 0.11426 0.07617
0 0.9458 0.46533 0.0752 0.10254
0 0.88232 0.52002 0.08691 0.09082
0 0.54248 0.01709 0.09863 0.03418
0 0.64795 0.0083 0.07129 0.0166
0 0.88623 0.02686 0.1084 0.05371
0 0.4165 0.25 0.0459 0.05469
0 0.73926 0.28076 0.05664 0.08496
0 0.3916 0.77832 0.07227 0.08594
0 0.8833 0.89844 0.13965 0.07422
0 0.82422 0.53906 0.10547 0.08789
