0 0.07129 0.96387 0.07617 0.07227
0 0.08203 0.89355 0.05664 0.07031
0 0.14502 0.87744 0.0498 0.06543
0 0.14795 0.76855 0.1084 0.08594
0 0.39014 0.81982 0.10449 0.09082
0 0.31592 0.94727 0.09863 0.08398
0 0.64697 0.91504 0.12402 0.11328
0 0.94092 0.91016 0.11816 0.12109
0 0.90381 0.80371 0.10254 0.08203
0 0.32227 0.46533 0.07031 0.11621
0 0.04736 0.26807 0.09473 0.1377
0 0.08057 0.39307 0.10254 0.14551
0 0.12402 0.14648 0.0957 0.07617
0 0.19482 0.24268 0.12207 0.10449
0 0.33057 0.29053 0.07324 0.07324
0 0.41602 0.4541 0.11719 0.15234
0 0.5083 0.4668 0.13574 0.11133
0 0.56738 0.38037 0.08008 0.11426
0 0.71436 0.44385 0.12988 0.1123
0 0.73486 0.51855 0.10254 0.12305
0 0.70166 0.32031 0.11035 0.08789
0 0.896 0.37109 0.15918 0.14844
0 0.84668 0.24365 0.08789 0.09082
0 0.52881 0.1626 0.1123 0.09473
0 0.60645 0.06055 0.1543 0.12109
0 0.3916 0.02002 0.11328 0.04004
0 0.82031 0.12744 0.16992 0.08691
0 0.71387 0.06494 0.07227 0.08105
