0 0.94482 0.12451 0.11035 0.10449
0 0.73926 0.16943 0.09961 0.13965
0 0.21191 0.18555 0.08984 0.13281
0 0.41113 0.08838 0.09766 0.12793
0 0.79834 0.78955 0.08691 0.11426
0 0.97998 0.37451 0.04004 0.0752
0 0.9585 0.28223 0.08301 0.09961
0 0.57715 0.16211 0.09961 0.16016
0 0.07471 0.29102 0.10059 0.09766
0 0.15918 0.4917 0.125 0.12988
0 0.2666 0.80078 0.08008 0.0918
0 0.64941 0.45312 0.08984 0.15234
0 0.27441 0.57617 0.07031 0.10742
0 0.40479 0.26807 0.0752 0.07715
0 0.8418 0.24365 0.08008 0.10254
0 0.68799 0.59814 0.07715 0.1123
0 0.95166 0.90869 0.09668 0.16504
0 0.88965 0.04199 0.11523 0.08008
0 0.19629 0.92285 0.06445 0.0625
0 0.17822 0.7583 0.07324 0.08691
0 0.14697 0.64258 0.06348 0.07227
0 0.80322 0.30664 0.08301 0.08984
0 0.04834 0.13184 0.09277 0.125
0 0.08301 0.04932 0.08789 0.09473
0 0.52588 0.36816 0.1123 0.1875
0 0.08545 0.81689 0.06152 0.05957
0 0.69971 0.37695 0.05957 0.125
0 0.60693 0.5957 0.0752 0.08789
0 0.61621 0.03809 0.0625 0.07227
0 0.54688 0.03711 0.06055 0.07031
0 0.65088 0.93311 0.07324 0.08105
0 0.62256 0.3457 0.05176 0.08398
