0 0.29443 0.3999 0.07324 0.10254
0 0.04443 0.63184 0.08887 0.04688
0 0.28418 0.92773 0.08398 0.11328
0 0.59277 0.81885 0.07422 0.14355
0 0.37256 0.35547 0.09863 0.11914
0 0.1748 0.12891 0.0918 0.05273
0 0.3208 0.4917 0.11816 0.11426
0 0.5918 0.19092 0.07227 0.05957
0 0.06348 0.60742 0.12305 0.08984
0 0.21191 0.56592 0.08789 0.06934
0 0.4458 0.50098 0.12012 0.04492
0 0.60107 0.76221 0.08496 0.0498
0 0.95898 0.44189 0.06836 0.05371
0 0.75684 0.79199 0.05859 0.04883
0 0.15381 0.07861 0.06934 0.08105
0 0.97754 0.22559 0.04492 0.06836
0 0.15527 0.87891 0.08398 0.05469
0 0.96289 0.98145 0.07422 0.03125
0 0.48828 0.19824 0.05273 0.07812
0 0.46777 0.02197 0.05859 0.04395
0 0.89062 0.11865 0.04883 0.05957
0 0.23291 0.53516 0.09277 0.08008
0 0.14648 0.20117 0.07812 0.05859
0 0.72607 0.50146 0.06152 0.03613
0 0.75146 0.46582 0.12402 0.06836
0 0.97559 0.49023 0.04492 0.04492
0 0.22217 0.55078 0.09082 0.07812
0 0.48096 0.97754 0.06934 0.03125
0 0.18555 0.49609 0.11914 0.05469
0 0.33154 0.7373 0.08887 0.04688
0 0.02637 0.33105 0.05273 0.06641
0 0.65576 0.94775 0.04785 0.04785
0 0.6958 0.42236 0.04004 0.06934
0 0.08545 0.9375 0.05762 0.03125
0 0.84375 0.80029 0.03711 0.07129
0 0.85156 0.79883 0.03125 0.07031
0 0.27051 0.70508 0.10156 0.03711
0 0.07471 0.92188 0.06152 0.0332
0 0.95654 0.5752 0.06738 0.04102
0 0.78369 0.53857 0.07129 0.05762
0 0.61768 0.61084 0.05957 0.02246
0 0.67139 0.62305 0.0791 0.04883
0 0.92627 0.60889 0.10059 0.04785
0 0.07129 0.83398 0.10156 0.05078
0 0.87305 0.98242 0.05078 0.0293
0 0.76025 0.85498 0.07324 0.03809
0 0.93164 0.38965 0.04492 0.06836
0 0.81592 0.17188 0.09082 0.05664
0 0.33838 0.94043 0.09082 0.02539
0 0.43457 0.65625 0.10547 0.06641
0 0.29639 0.24072 0.06543 0.02637
0 0.50879 0.19385 0.04492 0.06152
0 0.46729 0.47949 0.06543 0.04492
0 0.66455 0.89746 0.06152 0.02539
0 0.77881 0.65088 0.05176 0.04199
0 0.76367 0.87695 0.06445 0.03516
0 0.66309 0.91211 0.0625 0.02344
0 0.88135 0.97852 0.05176 0.0332
0 0.29541 0.22559 0.07129 0.04102
0 0.40918 0.92529 0.10742 0.05176
0 0.31885 0.02979 0.0459 0.02832
0 0.97021 0.39062 0.05566 0.01758
0 0.91846 0.95605 0.10645 0.04883
0 0.97559 0.84375 0.04883 0.05469
0 0.97803 0.87109 0.04395 0.0293
0 0.59766 0.09033 0.08398 0.06348
0 0.82471 0.57275 0.08887 0.0498
0 0.0376 0.90674 0.0752 0.05176
0 0.60938 0.37598 0.08398 0.05664
0 0.47168 0.34521 0.05273 0.05371
