0 0.78125 0.02148 0.1543 0.04297
0 0.8501 0.08252 0.0791 0.07715
0 0.94238 0.07324 0.11523 0.06836
0 0.93799 0.42041 0.07324 0.08301
0 0.87109 0.2959 0.08203 0.09766
0 0.8208 0.19873 0.0752 0.1123
0 0.72656 0.33057 0.07227 0.08496
0 0.79004 0.43408 0.12109 0.08105
0 0.69873 0.42773 0.07129 0.07422
0 0.58984 0.52344 0.16016 0.04688
0 0.62939 0.55176 0.11035 0.05469
0 0.77441 0.6333 0.14258 0.06348
0 0.97607 0.66748 0.04785 0.04785
0 0.94238 0.56055 0.07031 0.05859
0 0.82568 0.70117 0.06348 0.07617
0 0.85938 0.77832 0.06055 0.08398
0 0.61963 0.91406 0.08691 0.10547
0 0.51709 0.71191 0.08105 0.06641
0 0.34424 0.90771 0.12598 0.0752
0 0.41504 0.97266 0.05078 0.05469
0 0.19824 0.57764 0.12305 0.1123
0 0.35986 0.41016 0.10254 0.17578
0 0.46094 0.42432 0.06836 0.08887
0 0.55029 0.31201 0.08301 0.13965
0 0.5332 0.1626 0.125 0.20801
0 0.06299 0.90283 0.11621 0.09082
0 0.27441 0.5376 0.20508 0.18066
0 0.26123 0.17627 0.1084 0.10059
0 0.31299 0.02148 0.14551 0.04297
0 0.9043 0.98242 0.17578 0.03516
