0 0.97217 0.37598 0.05566 0.09766
0 0.77295 0.51514 0.08691 0.12598
0 0.71777 0.64746 0.07031 0.11133
0 0.54443 0.96094 0.08496 0.07812
0 0.92871 0.73486 0.06836 0.08691
0 0.11572 0.84473 0.09668 0.09961
0 0.8623 0.93506 0.08008 0.0791
0 0.83984 0.1333 0.07031 0.1084
0 0.63477 0.46826 0.07031 0.08301
0 0.16846 0.14551 0.09277 0.14258
0 0.62109 0.9834 0.04883 0.0332
0 0.19189 0.43652 0.06738 0.10547
0 0.77588 0.8125 0.05176 0.07031
0 0.97607 0.11865 0.04785 0.06738
0 0.1958 0.72949 0.08301 0.08008
0 0.25928 0.17139 0.08496 0.1084
0 0.74463 0.32715 0.0498 0.10938
0 0.83154 0.22266 0.0791 0.08008
0 0.05908 0.70996 0.10449 0.16992
0 0.66846 0.87305 0.07715 0.07227
0 0.03467 0.25 0.06543 0.125
0 0.03711 0.39697 0.07031 0.08496
