0 0.23877 0.59961 0.07129 0.09375
0 0.71631 0.55664 0.05762 0.08789
0 0.58203 0.42236 0.08008 0.07715
0 0.11035 0.29053 0.125 0.08105
0 0.09912 0.11963 0.07715 0.08496
0 0.89404 0.42676 0.08301 0.05273
0 0.58643 0.59521 0.08105 0.06934
0 0.48096 0.24512 0.09082 0.05078
0 0.77539 0.55176 0.07227 0.05469
0 0.25439 0.86816 0.0752 0.07617
0 0.91113 0.12354 0.11328 0.05371
0 0.71094 0.63965 0.08984 0.07227
0 0.67822 0.95654 0.09863 0.04785
0 0.79346 0.49023 0.07324 0.05078
0 0.729 0.33203 0.09863 0.08398
0 0.76123 0.63184 0.06934 0.05469
0 0.15869 0.66211 0.10059 0.04492
0 0.88135 0.60107 0.08301 0.07715
0 0.81348 0.27832 0.11328 0.07227
0 0.03662 0.53027 0.07324 0.06641
0 0.68799 0.44141 0.08691 0.10742
0 0.5498 0.3623 0.08008 0.03711
0 0.41895 0.88525 0.13477 0.03613
0 0.18408 0.44629 0.08105 0.04492
0 0.3042 0.03955 0.07324 0.05371
0 0.31055 0.43799 0.09766 0.04004
0 0.07129 0.62939 0.08008 0.03027
0 0.8252 0.19971 0.0625 0.06348
0 0.19287 0.24219 0.03809 0.0957
0 0.32031 0.22314 0.09766 0.05176
0 0.57617 0.90479 0.10742 0.04395
0 0.9668 0.59229 0.04883 0.05957
0 0.604 0.73193 0.07324 0.04004
0 0.88965 0.05225 0.02734 0.10254
0 0.50732 0.66357 0.09277 0.03809
0 0.38184 0.76318 0.05078 0.07715
0 0.21338 0.77686 0.13379 0.12793
0 0.98584 0.42334 0.02832 0.04004
0 0.2583 0.83398 0.09082 0.04492
0 0.30566 0.01953 0.0625 0.03906
0 0.3374 0.16064 0.10059 0.0752
0 0.57471 0.18262 0.06738 0.04688
0 0.66553 0.68359 0.06348 0.04297
0 0.04639 0.83252 0.09277 0.03809
0 0.22412 0.96533 0.11035 0.03809
0 0.0293 0.26611 0.05859 0.06738
0 0.74219 0.07715 0.15234 0.11328
0 0.83643 0.23486 0.08105 0.08887
0 0.03174 0.69775 0.06348 0.0498
0 0.92334 0.89551 0.06934 0.06445
0 0.6333 0.31836 0.05762 0.04297
0 0.82861 0.01514 0.04004 0.02832
0 0.63477 0.54443 0.04883 0.05176
0 0.08984 0.67529 0.08203 0.03809
0 0.03467 0.91553 0.06934 0.0459
0 0.14502 0.97021 0.04785 0.03223
0 0.271 0.21826 0.08105 0.08301
0 0.99023 0.49365 0.01953 0.04199
0 0.02051 0.79834 0.04102 0.02441
0 0.03516 0.54639 0.06641 0.04785
0 0.37207 0.75391 0.04688 0.06641
0 0.87256 0.84912 0.1709 0.06934
0 0.92676 0.82275 0.08594 0.03809
0 0.38428 0.84521 0.14941 0.0459
0 0.73535 0.32275 0.10547 0.06934
0 0.40576 0.83154 0.08887 0.05371
