0 0.92725 0.05029 0.05566 0.09863
0 0.31738 0.55371 0.08984 0.09766
0 0.55957 0.17725 0.07812 0.07324
0 0.74805 0.61768 0.07031 0.07324
0 0.60254 0.78857 0.12109 0.07715
0 0.60645 0.16895 0.09375 0.06836
0 0.77002 0.96045 0.0791 0.0791
0 0.81299 0.6875 0.06152 0.13672
0 0.4082 0.40137 0.14453 0.12109
0 0.4585 0.15967 0.1416 0.08301
0 0.85693 0.46533 0.07324 0.11621
0 0.75635 0.48779 0.04785 0.06738
0 0.06299 0.47754 0.12598 0.07812
0 0.35938 0.83936 0.17578 0.07324
0 0.07568 0.41016 0.10254 0.08984
0 0.72461 0.80273 0.05859 0.17773
0 0.81982 0.60156 0.08691 0.03906
0 0.54639 0.71387 0.07324 0.08594
0 0.8252 0.5127 0.12891 0.05664
0 0.51807 0.06982 0.1416 0.11621
0 0.25684 0.02441 0.04297 0.04883
0 0.65771 0.55029 0.08105 0.07324
0 0.03223 0.50195 0.04297 0.04883
0 0.05518 0.87793 0.11035 0.03516
0 0.05518 0.39014 0.1084 0.08105
0 0.28125 0.95898 0.17969 0.07031
0 0.0957 0.05469 0.09961 0.10938
0 0.13379 0.04541 0.03125 0.09082
0 0.50195 0.64893 0.09766 0.05762
0 0.32812 0.38135 0.15625 0.12207
0 0.19971 0.80957 0.0752 0.04102
0 0.15186 0.49707 0.1416 0.08398
0 0.59766 0.26221 0.10742 0.04395
0 0.95117 0.95312 0.03516 0.04492
0 0.30615 0.02393 0.09668 0.03027
0 0.12012 0.5752 0.0918 0.04102
0 0.47461 0.521 0.03516 0.04395
0 0.01904 0.92676 0.03809 0.04297
0 0.45801 0.56006 0.0625 0.09082
0 0.04102 0.53564 0.08203 0.05371
0 0.10352 0.92578 0.16406 0.04688
0 0.72461 0.53418 0.22852 0.05469
0 0.01953 0.84229 0.03906 0.04395
0 0.66162 0.73145 0.06738 0.10742
0 0.39795 0.67822 0.09277 0.09473
0 0.84766 0.53467 0.12305 0.03809
0 0.67285 0.75488 0.08789 0.14062
0 0.41357 0.66992 0.13965 0.03906
0 0.75439 0.77246 0.08496 0.05078
0 0.48828 0.57227 0.04688 0.06055
0 0.61475 0.98535 0.09082 0.0293
0 0.58838 0.98877 0.1123 0.02246
0 0.06836 0.69336 0.13672 0.07617
0 0.14014 0.30176 0.13965 0.125
0 0.08057 0.22656 0.08887 0.0625
0 0.58887 0.70215 0.11133 0.08203
0 0.60254 0.47266 0.09961 0.0957
0 0.61182 0.6626 0.10059 0.06543
