0 0.33154 0.0542 0.12598 0.1084
0 0.43018 0.08057 0.11621 0.09668
0 0.5498 0.0957 0.11133 0.04883
0 0.76709 0.14502 0.11035 0.05957
0 0.89209 0.11328 0.09668 0.0625
0 0.98389 0.10938 0.03223 0.06445
0 0.18701 0.1001 0.10059 0.14355
0 0.06787 0.12305 0.13574 0.06445
0 0.21777 0.39453 0.09375 0.11914
0 0.28613 0.44727 0.09766 0.08203
0 0.4541 0.38867 0.16602 0.06445
0 0.55078 0.26562 0.12695 0.05664
0 0.65576 0.23145 0.04199 0.08008
0 0.63574 0.31738 0.05859 0.05469
0 0.62744 0.43018 0.06152 0.06152
0 0.93457 0.40137 0.13086 0.13477
0 0.7627 0.23682 0.1543 0.08887
0 0.87891 0.21289 0.10156 0.06641
0 0.98096 0.52051 0.03809 0.09961
0 0.37988 0.48535 0.06836 0.08789
0 0.57666 0.53564 0.05176 0.07129
0 0.73242 0.53857 0.12891 0.04004
0 0.73242 0.57764 0.16016 0.05371
0 0.85986 0.69678 0.18066 0.08105
0 0.78223 0.86621 0.05664 0.12305
0 0.56055 0.83838 0.12109 0.08691
0 0.42822 0.70752 0.06934 0.06543
0 0.33838 0.74609 0.05176 0.07227
0 0.33398 0.59277 0.10156 0.0957
0 0.19531 0.54492 0.05078 0.08984
0 0.02637 0.46143 0.05273 0.08301
0 0.06396 0.87646 0.12793 0.05762
0 0.25342 0.81543 0.12793 0.0625
0 0.29785 0.86328 0.12305 0.05664
0 0.21826 0.97754 0.06738 0.04492
0 0.56641 0.65332 0.13086 0.07227
0 0.89258 0.93652 0.08008 0.05859
0 0.03955 0.23193 0.0791 0.03809
