0 0.31494 0.92871 0.06934 0.14258
0 0.17432 0.89453 0.06934 0.07812
0 0.16504 0.97021 0.04688 0.05957
0 0.00928 0.67334 0.01855 0.05957
0 0.01611 0.74121 0.03223 0.14453
0 0.09375 0.70752 0.13086 0.08887
0 0.13037 0.6333 0.06543 0.07129
0 0.31689 0.56299 0.12012 0.21973
0 0.22314 0.71777 0.06543 0.05078
0 0.29346 0.71191 0.06934 0.06055
0 0.37939 0.71338 0.0752 0.07715
0 0.27783 0.78174 0.06543 0.07324
0 0.34521 0.78906 0.07715 0.06641
0 0.22656 0.76904 0.04688 0.06543
0 0.55469 0.68018 0.10156 0.08105
0 0.59961 0.8208 0.15039 0.1377
0 0.71436 0.70557 0.06152 0.06934
0 0.79199 0.68506 0.07617 0.09082
0 0.71533 0.81006 0.05371 0.08301
0 0.7959 0.81006 0.11523 0.10254
0 0.66895 0.96533 0.08008 0.06934
0 0.60596 0.95654 0.06348 0.08691
0 0.53613 0.97021 0.06836 0.05957
0 0.92334 0.8457 0.05957 0.1543
0 0.91455 0.89893 0.08887 0.20215
0 0.91162 0.72607 0.16309 0.08496
0 0.89795 0.49658 0.18848 0.10254
0 0.89648 0.58887 0.14844 0.14062
0 0.13721 0.24609 0.07129 0.10742
0 0.1084 0.2583 0.04102 0.07129
0 0.18506 0.21387 0.0791 0.08594
0 0.2417 0.20068 0.1123 0.10254
0 0.30078 0.28906 0.08984 0.12891
0 0.52002 0.34668 0.09473 0.08984
0 0.57861 0.26514 0.10059 0.06543
0 0.59375 0.14551 0.10352 0.14648
0 0.69873 0.12646 0.11426 0.06934
0 0.80664 0.16992 0.2793 0.18359
0 0.77197 0.2417 0.06348 0.08496
0 0.71875 0.29053 0.05273 0.06348
0 0.89111 0.27148 0.06738 0.12109
0 0.96436 0.3623 0.07129 0.11328
0 0.96143 0.2207 0.07715 0.06055
0 0.95605 0.27246 0.04883 0.07617
0 0.9585 0.15186 0.08301 0.09277
0 0.125 0.33838 0.08789 0.05957
0 0.88086 0.20068 0.07031 0.06543
