0 0.71143 0.77197 0.06152 0.08105
0 0.57861 0.05957 0.07324 0.08008
0 0.25391 0.56885 0.07227 0.08887
0 0.15088 0.2666 0.0752 0.09766
0 0.77734 0.07031 0.05469 0.10156
0 0.39551 0.23242 0.08203 0.10547
0 0.7793 0.61914 0.08008 0.11328
0 0.36035 0.52832 0.07031 0.07812
0 0.54834 0.33203 0.06738 0.06055
0 0.87109 0.11914 0.07617 0.12109
0 0.88721 0.94873 0.06543 0.06152
0 0.38672 0.61621 0.06055 0.06445
0 0.35059 0.27246 0.17773 0.07031
0 0.94482 0.1001 0.04199 0.09277
0 0.03809 0.2041 0.07227 0.10742
0 0.73828 0.29199 0.10156 0.08984
0 0.36572 0.9707 0.07324 0.04883
0 0.11182 0.45947 0.11035 0.08887
0 0.01172 0.62842 0.02344 0.05957
0 0.72266 0.59375 0.06055 0.07617
0 0.57324 0.17285 0.05859 0.08008
0 0.03906 0.79492 0.07812 0.04102
0 0.80518 0.69287 0.06543 0.0459
0 0.27783 0.68604 0.11035 0.05176
0 0.50049 0.42041 0.08691 0.06934
0 0.04248 0.14941 0.07324 0.0918
0 0.05371 0.55273 0.10742 0.09375
0 0.60547 0.22412 0.0293 0.0752
0 0.09131 0.71045 0.09082 0.04785
0 0.22656 0.13965 0.07617 0.06445
0 0.19922 0.58057 0.07617 0.07324
0 0.49658 0.4834 0.0791 0.06836
0 0.24268 0.03125 0.0498 0.0625
0 0.1626 0.68018 0.04199 0.0791
0 0.52588 0.14844 0.02246 0.07617
0 0.89551 0.61621 0.05859 0.05469
0 0.93555 0.71973 0.0293 0.06445
0 0.79346 0.97021 0.05762 0.03223
0 0.45898 0.67236 0.06055 0.04395
0 0.59131 0.87842 0.0459 0.15332
0 0.35742 0.80469 0.02734 0.05078
0 0.7002 0.4165 0.04492 0.05762
0 0.35791 0.77197 0.06152 0.02246
0 0.6333 0.08643 0.04395 0.06543
0 0.71387 0.11133 0.11328 0.05469
0 0.63672 0.55908 0.05859 0.04395
0 0.89014 0.1123 0.04785 0.07812
0 0.84033 0.36279 0.13379 0.06348
0 0.01318 0.4668 0.02637 0.04688
0 0.80469 0.74561 0.08008 0.05762
0 0.42871 0.06934 0.04688 0.05469
0 0.87305 0.98486 0.03516 0.03027
0 0.10986 0.07422 0.08887 0.05078
0 0.41357 0.72852 0.14551 0.05664
0 0.07471 0.04736 0.02832 0.07715
0 0.43652 0.01562 0.0293 0.03125
0 0.54688 0.91992 0.06641 0.05078
0 0.84082 0.61279 0.03125 0.05566
0 0.41504 0.73584 0.07812 0.1084
0 0.97314 0.75732 0.03223 0.08496
