0 0.50586 0.05273 0.0918 0.10547
0 0.38037 0.06934 0.06738 0.04883
0 0.35596 0.10449 0.05762 0.08984
0 0.49268 0.21973 0.06738 0.07422
0 0.57812 0.26709 0.08984 0.07129
0 0.83057 0.3457 0.08301 0.08398
0 0.39502 0.2959 0.06348 0.07031
0 0.43799 0.37256 0.0752 0.06934
0 0.19434 0.24463 0.09961 0.13184
0 0.10254 0.22607 0.05859 0.07129
0 0.22363 0.42627 0.07227 0.07129
0 0.32568 0.46436 0.06543 0.07129
0 0.53613 0.53613 0.08398 0.07812
0 0.44287 0.50049 0.09863 0.06543
0 0.90918 0.46729 0.07227 0.05371
0 0.18945 0.646 0.12891 0.1123
0 0.38379 0.7002 0.08789 0.0625
0 0.67676 0.60107 0.05469 0.05176
0 0.76025 0.66943 0.05957 0.05566
0 0.69824 0.66064 0.05859 0.03613
0 0.6626 0.71973 0.06934 0.0625
0 0.92188 0.646 0.11719 0.10254
0 0.84326 0.75244 0.05762 0.04004
0 0.98584 0.76123 0.02832 0.14551
0 0.78174 0.83203 0.06738 0.06445
0 0.60205 0.81055 0.08301 0.12891
0 0.3291 0.8667 0.06445 0.06348
0 0.13672 0.84424 0.08789 0.09277
0 0.09961 0.93555 0.08398 0.08203
0 0.67627 0.97021 0.07129 0.05957
0 0.75342 0.93555 0.08691 0.06445
0 0.61768 0.91846 0.09082 0.06152
0 0.9043 0.97217 0.07422 0.05566
0 0.98779 0.94971 0.02441 0.0752
0 0.94678 0.87842 0.06738 0.05957
0 0.0498 0.01416 0.03906 0.02832
0 0.74609 0.60156 0.04297 0.04102
