0 0.37646 0.09082 0.05762 0.10742
0 0.38623 0.2749 0.06152 0.08105
0 0.146 0.48438 0.06152 0.07812
0 0.25732 0.29932 0.06543 0.10059
0 0.02734 0.37598 0.04492 0.09766
0 0.72363 0.68018 0.05664 0.08691
0 0.67041 0.67285 0.08496 0.08984
0 0.01123 0.26025 0.02246 0.10059
0 0.51074 0.42041 0.04883 0.08105
0 0.64844 0.76758 0.05078 0.08594
0 0.69385 0.05664 0.04785 0.10742
0 0.19287 0.31836 0.04785 0.10156
0 0.96338 0.41992 0.04199 0.0918
0 0.76367 0.4292 0.06055 0.09277
0 0.56641 0.94775 0.05469 0.08301
0 0.57178 0.67236 0.05566 0.0791
0 0.2417 0.72119 0.05957 0.07715
0 0.146 0.88477 0.07715 0.07227
0 0.90283 0.61963 0.05566 0.08496
0 0.69531 0.28955 0.125 0.11621
0 0.76465 0.83252 0.04492 0.07324
0 0.31152 0.28418 0.07422 0.08398
0 0.05713 0.29004 0.06934 0.07227
0 0.91602 0.94727 0.06055 0.10156
0 0.72461 0.16504 0.04297 0.07422
0 0.14551 0.66699 0.03516 0.06836
0 0.41357 0.68945 0.03809 0.08203
0 0.46533 0.61572 0.04395 0.06348
0 0.94629 0.44287 0.03711 0.08105
0 0.56055 0.15967 0.03711 0.06934
0 0.46826 0.72217 0.0459 0.06738
0 0.05078 0.74902 0.06836 0.05273
0 0.79053 0.68359 0.05176 0.12305
0 0.95459 0.06006 0.03027 0.08105
0 0.46191 0.47559 0.07227 0.05859
0 0.58789 0.4541 0.04102 0.05859
0 0.7959 0.07227 0.0293 0.09766
0 0.63916 0.3623 0.05176 0.05859
0 0.58057 0.03711 0.02441 0.07422
0 0.91113 0.49756 0.02539 0.05957
0 0.65479 0.1709 0.04199 0.06055
0 0.14014 0.84131 0.04395 0.06934
0 0.96777 0.68457 0.05078 0.04492
0 0.05371 0.77832 0.05469 0.05273
0 0.30371 0.41406 0.04492 0.06641
0 0.03906 0.52832 0.04883 0.07031
0 0.47021 0.84668 0.06348 0.06641
0 0.60938 0.02295 0.04688 0.04395
0 0.39746 0.76318 0.04297 0.06934
0 0.2793 0.02246 0.05078 0.04492
0 0.5376 0.75244 0.04395 0.05762
0 0.16406 0.02051 0.04102 0.04102
0 0.35156 0.79639 0.03711 0.06152
0 0.10693 0.74219 0.03809 0.05273
0 0.5835 0.59717 0.03027 0.07324
0 0.38086 0.02051 0.04297 0.04102
0 0.41846 0.80957 0.04004 0.05664
0 0.5166 0.72754 0.0332 0.06641
0 0.26025 0.58838 0.08301 0.04199
0 0.28125 0.72949 0.04102 0.04102
0 0.854 0.73633 0.04004 0.0625
0 0.27832 0.87549 0.03711 0.04199
0 0.33496 0.42676 0.03906 0.06641
0 0.84277 0.88379 0.0332 0.05078
0 0.18213 0.55664 0.04199 0.06641
0 0.66846 0.9458 0.04004 0.03613
0 0.03613 0.48633 0.02539 0.05078
0 0.38477 0.80566 0.04297 0.07031
