0 0.12695 0.12695 0.0918 0.05664
0 0.10205 0.08936 0.05762 0.05957
0 0.11719 0.03418 0.06055 0.0625
0 0.05859 0.21582 0.05273 0.09766
0 0.2002 0.11328 0.05078 0.10938
0 0.25928 0.14062 0.06934 0.08984
0 0.14453 0.44971 0.07031 0.08887
0 0.2417 0.35059 0.0752 0.0625
0 0.31738 0.38623 0.06641 0.05957
0 0.30957 0.2666 0.06055 0.0625
0 0.35645 0.29639 0.05664 0.05762
0 0.39941 0.22363 0.07031 0.07031
0 0.43115 0.45068 0.06934 0.07129
0 0.50293 0.35889 0.07227 0.06543
0 0.51318 0.29492 0.06543 0.06445
0 0.5752 0.31836 0.06055 0.0957
0 0.62354 0.28076 0.0498 0.05762
0 0.64258 0.22217 0.05078 0.0752
0 0.68555 0.21875 0.06055 0.07031
0 0.76465 0.29883 0.07617 0.07422
0 0.64404 0.44043 0.05566 0.05664
0 0.83105 0.20459 0.05273 0.07129
0 0.83936 0.12646 0.07715 0.08691
0 0.87549 0.03027 0.05176 0.05859
0 0.7749 0.06104 0.0752 0.05371
0 0.68359 0.05811 0.05273 0.06348
0 0.57861 0.02783 0.07715 0.05566
0 0.6792 0.01367 0.0791 0.02734
0 0.83838 0.51904 0.06738 0.06543
0 0.88379 0.55713 0.06445 0.04395
0 0.85107 0.6333 0.08887 0.07129
0 0.63037 0.63672 0.0752 0.06055
0 0.51367 0.57422 0.07227 0.0625
0 0.35059 0.55859 0.08008 0.07812
0 0.4082 0.60938 0.05469 0.11328
0 0.46777 0.62158 0.07617 0.06543
0 0.36475 0.68604 0.05176 0.0459
0 0.03027 0.6377 0.06055 0.05469
0 0.19287 0.6626 0.07715 0.06543
0 0.19336 0.71729 0.06445 0.07129
0 0.13184 0.70654 0.06055 0.06348
0 0.08594 0.73291 0.05469 0.05957
0 0.0127 0.89404 0.02539 0.05957
0 0.04785 0.87988 0.05469 0.05469
0 0.09277 0.82471 0.0625 0.05957
0 0.15527 0.82227 0.06836 0.06641
0 0.19824 0.87012 0.05273 0.05078
0 0.23193 0.94385 0.05762 0.05371
0 0.32617 0.81885 0.07031 0.08691
0 0.34619 0.90186 0.11035 0.07324
0 0.45752 0.88965 0.06348 0.06836
0 0.47314 0.8418 0.05371 0.05078
0 0.46338 0.77979 0.06152 0.05957
0 0.53027 0.8125 0.07812 0.06055
0 0.56543 0.79932 0.07617 0.09277
0 0.70361 0.92383 0.08301 0.0625
0 0.67578 0.85986 0.11328 0.0752
0 0.79053 0.90283 0.06934 0.0791
0 0.80518 0.84277 0.06934 0.05859
0 0.89746 0.78271 0.0625 0.05762
0 0.9502 0.19971 0.09961 0.08691
0 0.93799 0.04297 0.07715 0.07617
0 0.62354 0.96631 0.06152 0.0498
