0 0.03857 0.52979 0.07715 0.06934
0 0.08887 0.39941 0.07031 0.07227
0 0.28174 0.8667 0.05762 0.05762
0 0.16455 0.01416 0.06738 0.02832
0 0.23291 0.39697 0.08887 0.06348
0 0.3291 0.37891 0.07031 0.07227
0 0.34277 0.46973 0.08008 0.07031
0 0.27344 0.48828 0.06641 0.07031
0 0.25195 0.54541 0.0957 0.07715
0 0.41211 0.50586 0.05273 0.05469
0 0.08105 0.82959 0.07422 0.06934
0 0.03516 0.95264 0.06445 0.0498
0 0.23975 0.9585 0.06934 0.06152
0 0.30469 0.95703 0.07227 0.0625
0 0.32959 0.84717 0.09082 0.06152
0 0.3418 0.90527 0.07227 0.05469
0 0.46582 0.87061 0.08789 0.06934
0 0.74365 0.99414 0.05371 0.01172
0 0.64746 0.97363 0.07422 0.05273
0 0.70557 0.92578 0.10449 0.06836
0 0.93115 0.97412 0.08496 0.05176
0 0.93164 0.65674 0.07227 0.12207
0 0.63916 0.55518 0.0791 0.06348
0 0.58301 0.53369 0.20508 0.19629
0 0.9707 0.45752 0.05859 0.0752
0 0.96094 0.104 0.07812 0.09473
0 0.64844 0.18115 0.06836 0.07129
0 0.5957 0.08398 0.0625 0.07227
0 0.56982 0.03027 0.06934 0.06055
0 0.46094 0.02246 0.07031 0.04492
0 0.74609 0.03711 0.09961 0.07422
0 0.87158 0.00684 0.08105 0.01367
0 0.95703 0.12158 0.0625 0.06934
0 0.45654 0.79346 0.05762 0.0459
0 0.32715 0.03076 0.07031 0.06152
