0 0.9458 0.5918 0.1084 0.125
0 0.38818 0.43311 0.13184 0.12207
0 0.86475 0.11816 0.14551 0.12695
0 0.89941 0.36719 0.10938 0.14062
0 0.43994 0.69434 0.12012 0.11523
0 0.89453 0.94189 0.15039 0.1123
0 0.59961 0.91699 0.0957 0.08984
0 0.26709 0.4707 0.14941 0.13672
0 0.83594 0.61035 0.08203 0.08008
0 0.91846 0.46191 0.08301 0.0957
0 0.10107 0.88086 0.1377 0.14258
0 0.47363 0.88281 0.09766 0.10742
0 0.27588 0.15088 0.1377 0.16699
0 0.3457 0.07324 0.10742 0.14258
0 0.64062 0.05566 0.09766 0.10742
0 0.57666 0.40381 0.08301 0.10254
0 0.52832 0.04932 0.08203 0.09473
0 0.32715 0.97461 0.10938 0.05078
0 0.97217 0.04443 0.05566 0.08496
0 0.57227 0.16357 0.125 0.1123
0 0.04834 0.23193 0.08691 0.13965
0 0.58252 0.78809 0.08496 0.07031
0 0.03809 0.59131 0.07422 0.09082
