0 0.05225 0.05518 0.06738 0.05762
0 0.02539 0.14551 0.05078 0.07227
0 0.13965 0.24512 0.11914 0.08008
0 0.28662 0.1582 0.07324 0.08984
0 0.34668 0.11572 0.08008 0.06543
0 0.43945 0.15967 0.08398 0.06543
0 0.34766 0.21777 0.06836 0.05078
0 0.37988 0.27344 0.08789 0.08203
0 0.24951 0.13916 0.05957 0.04785
0 0.89941 0.14746 0.10742 0.07031
0 0.76074 0.21436 0.06836 0.05176
0 0.89551 0.23975 0.09375 0.06934
0 0.03467 0.51758 0.06934 0.08398
0 0.19092 0.43506 0.06738 0.07715
0 0.12012 0.36182 0.10156 0.06543
0 0.39697 0.4043 0.06543 0.08789
0 0.45703 0.39502 0.07031 0.09863
0 0.46143 0.49512 0.06152 0.0957
0 0.51514 0.33496 0.08887 0.0918
0 0.60352 0.3042 0.06836 0.09277
0 0.54395 0.21924 0.06641 0.06543
0 0.03027 0.64893 0.06055 0.07129
0 0.0293 0.69287 0.05859 0.08887
0 0.02588 0.76514 0.05176 0.08691
0 0.10742 0.70264 0.07031 0.06934
0 0.1748 0.59668 0.08203 0.07812
0 0.16553 0.50049 0.06934 0.07324
0 0.28857 0.62402 0.08105 0.06445
0 0.06982 0.94629 0.09863 0.10742
0 0.50439 0.59375 0.10645 0.08789
0 0.67578 0.61475 0.12695 0.07715
0 0.82666 0.5957 0.08496 0.07812
0 0.82666 0.42969 0.06934 0.06641
0 0.71387 0.38525 0.08789 0.08496
0 0.84131 0.31787 0.0752 0.05176
0 0.85791 0.69531 0.08105 0.07031
0 0.6543 0.71582 0.08398 0.08008
0 0.55859 0.68652 0.10938 0.07812
0 0.44971 0.80811 0.07715 0.06152
0 0.40625 0.87598 0.0625 0.05469
0 0.44629 0.9502 0.07031 0.04688
0 0.29883 0.96826 0.04297 0.04785
0 0.77539 0.92041 0.0918 0.07715
0 0.93799 0.89551 0.08887 0.0625
0 0.68408 0.13916 0.06934 0.04199
0 0.74463 0.10596 0.07715 0.05566
0 0.40283 0.50977 0.05566 0.07031
0 0.28271 0.55664 0.0752 0.08398
0 0.14746 0.06885 0.0625 0.07129
