0 0.3916 0.07422 0.07812 0.08008
0 0.56738 0.15088 0.07227 0.06738
0 0.51562 0.48633 0.09766 0.07422
0 0.22754 0.40674 0.13086 0.09277
0 0.80664 0.12695 0.07617 0.08203
0 0.6333 0.94092 0.09863 0.09082
0 0.05273 0.5376 0.10547 0.07715
0 0.13477 0.26123 0.07031 0.05176
0 0.70361 0.14453 0.03223 0.08398
0 0.81689 0.79688 0.08301 0.04883
0 0.53076 0.18604 0.07129 0.04785
0 0.95605 0.9165 0.07227 0.06348
0 0.42139 0.58594 0.0791 0.04492
0 0.63574 0.33789 0.06445 0.0625
0 0.55908 0.94873 0.06934 0.0752
0 0.39648 0.42578 0.07617 0.05469
0 0.50195 0.25049 0.05859 0.03613
0 0.14971 0.64624 0.11582 0.03369
0 0.10107 0.8584 0.10449 0.05664
0 0.11719 0.97754 0.05078 0.04492
0 0.86865 0.86523 0.06152 0.08008
0 0.25 0.97998 0.0957 0.04004
0 0.32129 0.771 0.14258 0.05566
0 0.90186 0.14697 0.06543 0.03027
0 0.85791 0.24219 0.05566 0.05664
0 0.89893 0.18604 0.06543 0.06934
0 0.81641 0.70557 0.05469 0.06348
0 0.00635 0.59814 0.0127 0.02637
0 0.25537 0.56396 0.1123 0.06543
0 0.41504 0.49561 0.04883 0.03223
0 0.5835 0.39893 0.02441 0.08691
0 0.57471 0.56396 0.07715 0.05762
0 0.56787 0.39746 0.02832 0.08594
0 0.8374 0.39062 0.08887 0.04297
0 0.04199 0.99072 0.08398 0.01855
0 0.41504 0.83838 0.07031 0.04199
0 0.74512 0.26562 0.06641 0.0332
0 0.4165 0.62744 0.0791 0.04199
0 0.01367 0.37891 0.02734 0.04102
0 0.16748 0.41309 0.06348 0.04492
0 0.72607 0.07666 0.05371 0.03223
0 0.73145 0.54297 0.05859 0.04883
0 0.93018 0.41943 0.07324 0.03027
0 0.94873 0.21631 0.0459 0.04395
0 0.54033 0.66025 0.09766 0.04141
0 0.19531 0.22705 0.07422 0.04395
0 0.45215 0.29297 0.04883 0.02344
0 0.64258 0.69141 0.08984 0.07422
0 0.97168 0.49463 0.05664 0.05762
0 0.12402 0.81738 0.0625 0.03125
0 0.91699 0.03418 0.03711 0.05078
0 0.22119 0.30371 0.0459 0.0332
0 0.51172 0.01758 0.06055 0.03516
0 0.66699 0.01562 0.04883 0.03125
0 0.77197 0.30957 0.02832 0.05273
0 0.69971 0.64844 0.05371 0.04883
0 0.73291 0.85986 0.05371 0.03418
0 0.15674 0.25439 0.05957 0.05371
0 0.11084 0.3833 0.06543 0.03418
0 0.22998 0.73438 0.05566 0.06445
0 0.63184 0.55273 0.06055 0.04297
0 0.51416 0.38477 0.0498 0.03516
0 0.34912 0.2666 0.04395 0.04688
0 0.80664 0.98877 0.0332 0.01855
0 0.5 0.66162 0.07812 0.03809
0 0.42725 0.39697 0.09082 0.04395
