0 0.05713 0.07812 0.07715 0.15625
0 0.19434 0.0708 0.14062 0.1123
0 0.36816 0.03174 0.1582 0.06348
0 0.58252 0.04541 0.16113 0.07324
0 0.83496 0.08594 0.09766 0.13086
0 0.95898 0.03369 0.06836 0.06738
0 0.51855 0.29834 0.16602 0.07129
0 0.26123 0.22852 0.06152 0.05469
0 0.11475 0.3457 0.06934 0.07031
0 0.03418 0.38037 0.06836 0.16504
0 0.59473 0.19629 0.20508 0.12109
0 0.77441 0.21973 0.13867 0.06836
0 0.76318 0.39014 0.08105 0.10449
0 0.5332 0.45996 0.09375 0.10938
0 0.32129 0.5791 0.12891 0.17188
0 0.29932 0.73633 0.08691 0.1543
0 0.08838 0.8418 0.06348 0.0918
0 0.03613 0.81104 0.06445 0.09668
0 0.1792 0.93164 0.06738 0.10156
0 0.23779 0.87598 0.06934 0.17383
0 0.46143 0.96289 0.07715 0.06445
0 0.52393 0.95898 0.08691 0.07617
0 0.61133 0.93848 0.08594 0.12305
0 0.40918 0.80615 0.12695 0.09473
0 0.63037 0.77734 0.14941 0.10156
0 0.77637 0.80713 0.18164 0.07715
0 0.73145 0.56982 0.07812 0.05957
0 0.85645 0.36572 0.08594 0.08301
0 0.9292 0.95605 0.09082 0.07422
0 0.01758 0.94629 0.03516 0.10742
0 0.19482 0.41357 0.09473 0.12793
0 0.24561 0.36963 0.09277 0.08105
0 0.02588 0.21631 0.05176 0.05566
0 0.37158 0.9458 0.08496 0.1084
