0 0.04346 0.82715 0.08691 0.10352
0 0.01807 0.86279 0.03613 0.16504
0 0.17871 0.7832 0.11719 0.05078
0 0.15137 0.92871 0.11719 0.14258
0 0.07324 0.95557 0.0918 0.07715
0 0.37798 0.81562 0.11416 0.06074
0 0.17578 0.97559 0.07031 0.04883
0 0.41895 0.95068 0.10547 0.09863
0 0.31299 0.65186 0.08496 0.07715
0 0.04346 0.32715 0.08691 0.1582
0 0.06934 0.48486 0.13867 0.23535
0 0.28271 0.50879 0.08105 0.08789
0 0.21826 0.3291 0.10449 0.13086
0 0.03174 0.16699 0.06348 0.13281
0 0.1333 0.05371 0.20215 0.10742
0 0.32178 0.05713 0.06348 0.11426
0 0.23975 0.11133 0.08301 0.08984
0 0.27148 0.20166 0.12305 0.08105
0 0.32178 0.24561 0.17676 0.06348
0 0.52197 0.15234 0.06348 0.05859
0 0.6167 0.19482 0.08105 0.07324
0 0.65625 0.29834 0.0918 0.10449
0 0.41064 0.35938 0.11035 0.08008
0 0.48828 0.37695 0.07227 0.0625
0 0.51172 0.47412 0.09375 0.11816
0 0.70898 0.53857 0.08008 0.1084
0 0.56152 0.6875 0.07617 0.08789
0 0.71143 0.70215 0.05176 0.05859
0 0.74756 0.81885 0.09082 0.0752
0 0.85693 0.81201 0.10645 0.12207
0 0.6582 0.97461 0.13477 0.05078
0 0.9165 0.44092 0.16699 0.11816
0 0.86816 0.31787 0.08203 0.13184
0 0.79395 0.16162 0.05469 0.04785
0 0.87988 0.14453 0.06641 0.07031
0 0.97266 0.19727 0.05469 0.07227
0 0.7168 0.01465 0.09375 0.0293
0 0.83057 0.02441 0.12012 0.04883
0 0.97705 0.01807 0.0459 0.03613
