0 0.53516 0.83691 0.08984 0.12305
0 0.76855 0.42188 0.10742 0.09961
0 0.46191 0.0918 0.08008 0.08984
0 0.96484 0.22168 0.07031 0.11523
0 0.83447 0.22461 0.0752 0.11523
0 0.64844 0.42822 0.08789 0.11816
0 0.68457 0.52734 0.08008 0.11523
0 0.50586 0.36084 0.08984 0.15137
0 0.91846 0.49072 0.16309 0.12793
0 0.52197 0.46436 0.08496 0.08496
0 0.59424 0.0957 0.08496 0.11328
0 0.68213 0.70166 0.08496 0.08496
0 0.77441 0.77344 0.10938 0.10742
0 0.92725 0.70459 0.10449 0.10059
0 0.64697 0.66211 0.0752 0.08008
0 0.47803 0.84521 0.06152 0.10059
0 0.74854 0.19434 0.05762 0.10547
0 0.84277 0.03906 0.0625 0.06836
0 0.88428 0.09521 0.05176 0.06543
0 0.6001 0.32422 0.05566 0.04102
