0 0.73633 0.20264 0.14453 0.1084
0 0.66064 0.29199 0.16699 0.125
0 0.56396 0.42969 0.11816 0.15039
0 0.96631 0.41602 0.06738 0.11719
0 0.07129 0.44336 0.125 0.25586
0 0.19824 0.2417 0.10352 0.1416
0 0.36035 0.30957 0.14258 0.13086
0 0.02197 0.1084 0.04395 0.13672
0 0.01855 0.73438 0.03711 0.15625
0 0.19727 0.82129 0.09766 0.12891
0 0.62451 0.77832 0.13574 0.14844
0 0.88672 0.78027 0.12305 0.13086
0 0.50781 0.0166 0.13086 0.0332
0 0.13281 0.08447 0.08984 0.09277
0 0.03906 0.29443 0.07812 0.10645
0 0.67041 0.04541 0.07129 0.09082
0 0.58301 0.09473 0.05273 0.0918
0 0.43848 0.17676 0.08398 0.06641
0 0.46533 0.375 0.06152 0.13477
0 0.68799 0.47363 0.10059 0.22852
0 0.84766 0.63721 0.08984 0.1084
0 0.53174 0.70996 0.04199 0.10156
0 0.34863 0.62402 0.08594 0.07422
0 0.25928 0.65381 0.07715 0.07129
0 0.32715 0.54688 0.05078 0.05859
0 0.42529 0.73682 0.09863 0.11816
0 0.36621 0.87695 0.07422 0.0957
0 0.55713 0.91309 0.07129 0.11133
0 0.41797 0.95947 0.05859 0.08105
0 0.76709 0.90088 0.06152 0.1084
0 0.84717 0.9502 0.05762 0.09375
0 0.92285 0.0249 0.08789 0.0498
0 0.91504 0.10645 0.06445 0.11914
0 0.97314 0.31934 0.05371 0.08008
0 0.06348 0.96484 0.04102 0.06641
0 0.03711 0.93018 0.07422 0.13965
0 0.07471 0.57959 0.09668 0.08496
