0 0.01904 0.33789 0.03809 0.08789
0 0.12354 0.37256 0.07129 0.10059
0 0.30908 0.08838 0.10059 0.08105
0 0.46777 0.20605 0.08594 0.08203
0 0.61279 0.24023 0.08887 0.10352
0 0.73047 0.06201 0.07617 0.08691
0 0.41846 0.03027 0.06152 0.06055
0 0.33691 0.27734 0.08984 0.08203
0 0.35986 0.43896 0.10645 0.09473
0 0.1416 0.22559 0.08789 0.06055
0 0.5542 0.41699 0.05566 0.10352
0 0.67822 0.43701 0.08887 0.09082
0 0.73975 0.51514 0.08105 0.07715
0 0.4917 0.6167 0.07715 0.08496
0 0.16016 0.62988 0.08594 0.13867
0 0.03809 0.51514 0.07617 0.10059
0 0.04639 0.87256 0.06348 0.10449
0 0.08936 0.81396 0.08301 0.10254
0 0.30908 0.92383 0.07324 0.11328
0 0.1333 0.94873 0.13965 0.10254
0 0.61133 0.97852 0.11133 0.04297
0 0.39258 0.92383 0.07812 0.08594
0 0.28418 0.7627 0.13086 0.13477
0 0.45801 0.75928 0.14062 0.1084
0 0.79736 0.78564 0.18066 0.08105
0 0.79834 0.96582 0.0752 0.06836
0 0.90137 0.87988 0.10742 0.10742
0 0.9209 0.33252 0.08398 0.06543
0 0.54199 0.71777 0.08398 0.08594
0 0.04102 0.9917 0.04688 0.0166
0 0.84473 0.02734 0.05664 0.05469
0 0.78516 0.20996 0.06641 0.08008
0 0.62549 0.13916 0.08887 0.05566
0 0.76318 0.71533 0.08301 0.0752
