0 0.04443 0.41943 0.08887 0.05371
0 0.73096 0.62402 0.09277 0.07031
0 0.60742 0.02441 0.07812 0.04883
0 0.70068 0.31592 0.09863 0.04395
0 0.44531 0.14355 0.08984 0.04492
0 0.53564 0.81885 0.0459 0.06543
0 0.29834 0.63818 0.10449 0.05566
0 0.61621 0.7749 0.03516 0.09277
0 0.91162 0.49365 0.06152 0.05762
0 0.19629 0.73779 0.08594 0.04004
0 0.44043 0.57324 0.08789 0.05078
0 0.52539 0.55615 0.0625 0.04395
0 0.22461 0.22168 0.08008 0.06055
0 0.29639 0.2334 0.08887 0.04883
0 0.08008 0.0249 0.08398 0.0498
0 0.95703 0.53369 0.03711 0.09473
0 0.13062 0.60952 0.11025 0.06729
0 0.01807 0.78027 0.03613 0.09961
0 0.37598 0.01562 0.09766 0.03125
0 0.51318 0.98486 0.09863 0.03027
0 0.11182 0.10693 0.04395 0.0498
0 0.0542 0.12256 0.08496 0.04395
0 0.104 0.96289 0.12012 0.04102
0 0.43213 0.37549 0.0791 0.02441
0 0.59619 0.10693 0.09473 0.0459
0 0.75488 0.94336 0.07422 0.0293
0 0.15234 0.06982 0.13477 0.06934
0 0.72168 0.89258 0.08203 0.04102
0 0.71533 0.07129 0.05566 0.04492
0 0.21484 0.89111 0.06055 0.0459
0 0.54443 0.30664 0.09277 0.03711
0 0.56836 0.35254 0.05469 0.04297
0 0.69775 0.24902 0.04004 0.04297
0 0.47266 0.7085 0.05859 0.04004
0 0.61914 0.87646 0.10156 0.03809
0 0.48828 0.63477 0.07031 0.05664
0 0.27637 0.95898 0.08789 0.0332
0 0.08643 0.80225 0.06934 0.02637
0 0.72217 0.34961 0.04004 0.03906
0 0.4126 0.96289 0.08887 0.04492
0 0.98389 0.41943 0.03223 0.08496
0 0.47168 0.84863 0.05078 0.04102
0 0.23486 0.6416 0.10645 0.05273
0 0.18213 0.01123 0.12598 0.02246
0 0.97754 0.63037 0.04492 0.01465
0 0.15674 0.90674 0.09668 0.04199
0 0.11377 0.89307 0.03027 0.05566
0 0.16602 0.57617 0.08594 0.05273
0 0.37891 0.87842 0.13477 0.14941
0 0.13916 0.84424 0.06152 0.03809
0 0.45215 0.44678 0.05664 0.05176
0 0.79443 0.67871 0.04004 0.02539
0 0.9834 0.28174 0.0293 0.05957
0 0.9292 0.32031 0.04785 0.04102
0 0.30957 0.75586 0.06836 0.17578
0 0.56445 0.79297 0.05078 0.0293
0 0.85693 0.93945 0.06348 0.03711
0 0.21436 0.03857 0.0459 0.04004
0 0.54492 0.94873 0.05273 0.04785
0 0.2373 0.59033 0.08398 0.02832
0 0.104 0.58105 0.12207 0.05469
0 0.92041 0.40479 0.04395 0.03809
0 0.90137 0.29541 0.08203 0.02441
