0 0.89795 0.90967 0.09473 0.0498
0 0.85889 0.18652 0.10059 0.04688
0 0.65869 0.85693 0.09668 0.0459
0 0.05469 0.91211 0.0918 0.05469
0 0.30225 0.24561 0.12793 0.0791
0 0.98779 0.29785 0.02441 0.0332
0 0.16504 0.21387 0.11523 0.05859
0 0.06006 0.10986 0.11621 0.10254
0 0.50049 0.41797 0.09082 0.03711
0 0.23486 0.15869 0.10254 0.04395
0 0.66016 0.15771 0.11133 0.0791
0 0.7876 0.92041 0.08691 0.06738
0 0.67725 0.63232 0.09473 0.03809
0 0.54004 0.36035 0.11914 0.05664
0 0.88818 0.12744 0.12207 0.09863
0 0.76855 0.52881 0.0957 0.05566
0 0.48877 0.58545 0.12012 0.03809
0 0.62061 0.26758 0.09863 0.05078
0 0.15039 0.5791 0.11914 0.05664
0 0.51855 0.95117 0.06836 0.04102
0 0.81201 0.32617 0.11035 0.05078
0 0.40332 0.72168 0.13867 0.04102
0 0.56396 0.4668 0.0791 0.03125
0 0.1167 0.2915 0.10449 0.03418
0 0.81641 0.58789 0.12891 0.05078
0 0.93213 0.70312 0.0791 0.03711
0 0.45264 0.92871 0.06152 0.0293
0 0.55957 0.33789 0.10938 0.0332
0 0.87891 0.96387 0.10547 0.05078
0 0.47852 0.4873 0.06641 0.02148
0 0.58594 0.95801 0.10352 0.04297
0 0.07129 0.15088 0.10352 0.0459
0 0.74561 0.22412 0.06738 0.0459
0 0.36377 0.90625 0.10449 0.03711
0 0.43213 0.15625 0.15527 0.06836
0 0.27637 0.85156 0.07031 0.02734
0 0.36035 0.75977 0.11328 0.0293
0 0.91113 0.34814 0.11133 0.04199
0 0.03955 0.6123 0.07715 0.03906
0 0.48535 0.74707 0.08594 0.03516
0 0.41943 0.61035 0.0752 0.01562
0 0.06543 0.64697 0.12891 0.03223
0 0.87549 0.8335 0.05566 0.05762
0 0.99219 0.60596 0.01562 0.01855
0 0.8501 0.98584 0.09863 0.02832
0 0.29541 0.82715 0.04785 0.0293
0 0.02979 0.2041 0.05957 0.03711
0 0.28662 0.61816 0.05957 0.03711
0 0.72754 0.01709 0.06641 0.03418
0 0.79346 0.97656 0.05957 0.04102
0 0.24805 0.61963 0.13086 0.04199
0 0.06445 0.76514 0.12305 0.02832
0 0.3501 0.57031 0.14355 0.04492
0 0.26514 0.57861 0.07715 0.03223
