0 0.03125 0.38135 0.0625 0.11035
0 0.23096 0.56787 0.09473 0.10449
0 0.18945 0.75781 0.12305 0.10156
0 0.12891 0.84131 0.10938 0.08691
0 0.29541 0.82324 0.11035 0.14648
0 0.42627 0.68506 0.11621 0.14746
0 0.54736 0.68066 0.1123 0.10156
0 0.53027 0.57666 0.07422 0.11035
0 0.88477 0.51318 0.11719 0.0752
0 0.70361 0.72266 0.15527 0.11133
0 0.69336 0.93164 0.08398 0.08008
0 0.90723 0.87012 0.14258 0.10352
0 0.40381 0.42188 0.08301 0.07617
0 0.56885 0.354 0.11426 0.09082
0 0.58105 0.22852 0.10742 0.12695
0 0.76562 0.1333 0.0918 0.21387
0 0.9292 0.0791 0.1377 0.14648
0 0.29785 0.05762 0.06836 0.10742
0 0.43018 0.10645 0.07715 0.06445
0 0.09863 0.02783 0.13281 0.05566
0 0.06543 0.12158 0.10352 0.1084
0 0.14941 0.26855 0.09375 0.13867
0 0.40186 0.2627 0.08105 0.07031
0 0.72266 0.43848 0.125 0.0957
0 0.87744 0.28711 0.07324 0.06055
0 0.96533 0.36768 0.05566 0.10449
0 0.95996 0.97266 0.05273 0.05469
