0 0.48828 0.09717 0.12305 0.09473
0 0.896 0.5498 0.10254 0.08984
0 0.97998 0.64844 0.04004 0.08789
0 0.12451 0.81836 0.09082 0.08789
0 0.23096 0.0249 0.08691 0.0498
0 0.27832 0.08838 0.12695 0.10254
0 0.09473 0.57471 0.08984 0.06543
0 0.61328 0.14453 0.08203 0.07031
0 0.36426 0.66699 0.07031 0.06445
0 0.81494 0.39795 0.12988 0.06738
0 0.17334 0.62451 0.07324 0.06543
0 0.45703 0.65576 0.0957 0.06738
0 0.9624 0.40088 0.0752 0.07715
0 0.95068 0.92334 0.06738 0.04785
0 0.83447 0.51172 0.0752 0.05469
0 0.5293 0.28955 0.09961 0.09473
0 0.70068 0.13965 0.08691 0.08008
0 0.41846 0.75928 0.07715 0.06543
0 0.24072 0.3418 0.09668 0.08984
0 0.65088 0.88721 0.1377 0.11035
0 0.76953 0.80566 0.11914 0.07812
0 0.49707 0.40186 0.10938 0.09473
0 0.05322 0.9458 0.08301 0.07715
0 0.68701 0.50439 0.11426 0.06934
0 0.47949 0.22803 0.05469 0.04785
0 0.47266 0.97607 0.07227 0.04785
0 0.96387 0.8042 0.07227 0.0498
