0 0.24707 0.26904 0.09375 0.09082
0 0.44775 0.28711 0.08105 0.11719
0 0.04492 0.97705 0.04883 0.0459
0 0.32812 0.53174 0.08398 0.11621
0 0.59766 0.41357 0.09375 0.08691
0 0.02246 0.88574 0.04492 0.09961
0 0.09766 0.53467 0.08594 0.1123
0 0.66895 0.29297 0.08594 0.08008
0 0.40381 0.07471 0.08301 0.07324
0 0.74316 0.66309 0.12695 0.08398
0 0.41846 0.43848 0.08887 0.06836
0 0.79834 0.75391 0.13574 0.11328
0 0.12695 0.16162 0.12109 0.0752
0 0.54346 0.06787 0.10059 0.08496
0 0.25195 0.45166 0.08398 0.08496
0 0.5166 0.96973 0.06445 0.06055
0 0.70654 0.25635 0.06738 0.0791
0 0.38477 0.31055 0.07227 0.0625
0 0.32568 0.19824 0.09277 0.08398
0 0.18799 0.2085 0.09863 0.06152
