0 0.27197 0.59814 0.05957 0.08496
0 0.18994 0.16748 0.11426 0.08496
0 0.05322 0.46875 0.06934 0.10156
0 0.81982 0.54932 0.05566 0.07324
0 0.69141 0.66211 0.08594 0.10938
0 0.56055 0.18896 0.10547 0.05566
0 0.28076 0.5 0.08301 0.07031
0 0.74268 0.21387 0.06543 0.08008
0 0.28955 0.85791 0.17676 0.06738
0 0.87549 0.4624 0.07129 0.06348
0 0.80762 0.95703 0.1543 0.06641
0 0.63086 0.61475 0.06445 0.05762
0 0.02246 0.97021 0.04492 0.05566
0 0.16602 0.98291 0.07227 0.03027
0 0.96875 0.15918 0.04492 0.07227
0 0.6665 0.27246 0.08105 0.03906
0 0.35645 0.47705 0.10352 0.05176
0 0.57861 0.54834 0.08691 0.03809
0 0.78857 0.89697 0.07324 0.03418
0 0.56299 0.98193 0.08691 0.03223
0 0.68506 0.20752 0.10645 0.0459
0 0.39893 0.32471 0.06543 0.06152
0 0.53906 0.9043 0.16797 0.05469
0 0.9043 0.9375 0.11914 0.03906
0 0.56152 0.64941 0.06836 0.02734
0 0.96094 0.21631 0.07812 0.03418
0 0.10889 0.03027 0.0498 0.05078
0 0.51709 0.31689 0.06152 0.04199
0 0.48975 0.24268 0.0498 0.05762
0 0.67822 0.2334 0.06348 0.05273
0 0.87354 0.69482 0.03418 0.06738
0 0.89209 0.5459 0.07129 0.0332
0 0.96094 0.68018 0.05664 0.03027
0 0.26221 0.24121 0.08887 0.04297
0 0.27344 0.30811 0.07812 0.02832
0 0.59473 0.08203 0.10547 0.03711
0 0.0957 0.85938 0.05078 0.04492
0 0.80176 0.67578 0.06445 0.0293
0 0.53613 0.56152 0.05664 0.03125
0 0.02881 0.60498 0.05762 0.0459
0 0.29053 0.55225 0.08691 0.05762
0 0.82178 0.03174 0.04004 0.06348
0 0.58545 0.50635 0.0498 0.0459
0 0.38623 0.53613 0.06934 0.04297
0 0.34619 0.01514 0.03027 0.03027
0 0.22852 0.92676 0.13281 0.03906
0 0.66797 0.44727 0.06836 0.03711
0 0.28418 0.53613 0.07031 0.04102
0 0.48535 0.5249 0.04883 0.03613
0 0.05225 0.29346 0.04395 0.04199
0 0.69824 0.0166 0.04492 0.0332
0 0.85107 0.24023 0.03613 0.04102
0 0.21924 0.00928 0.09668 0.01855
0 0.58398 0.94727 0.07031 0.04102
0 0.50732 0.95166 0.12012 0.03418
0 0.42969 0.97266 0.13281 0.03906
