0 0.25 0.50439 0.10352 0.10059
0 0.81152 0.31299 0.09375 0.1084
0 0.92383 0.16699 0.09375 0.09961
0 0.74463 0.13818 0.14941 0.1084
0 0.3999 0.63574 0.0791 0.10938
0 0.8042 0.5083 0.11621 0.1084
0 0.7876 0.73438 0.1123 0.15234
0 0.73975 0.87549 0.15527 0.1416
0 0.23145 0.23535 0.09961 0.11523
0 0.25146 0.11133 0.08496 0.06445
0 0.17188 0.94482 0.15625 0.10254
0 0.00928 0.05957 0.01855 0.08398
0 0.0127 0.30469 0.02539 0.07227
0 0.11816 0.40576 0.08203 0.0752
0 0.02295 0.45264 0.0459 0.06348
0 0.04346 0.58301 0.04004 0.0625
0 0.19043 0.70312 0.07422 0.09961
0 0.26367 0.81201 0.06641 0.06543
0 0.44775 0.84375 0.07715 0.08203
0 0.91064 0.74365 0.06152 0.07129
0 0.96875 0.74707 0.0625 0.10156
0 0.91504 0.34326 0.05469 0.04785
0 0.91455 0.23047 0.0459 0.07812
0 0.31738 0.31006 0.0918 0.10059
0 0.35352 0.45215 0.10547 0.06445
0 0.23584 0.57373 0.09668 0.06152
