0 0.14551 0.04639 0.07227 0.08105
0 0.08496 0.07324 0.07422 0.06445
0 0.25732 0.0376 0.05371 0.05957
0 0.21436 0.10107 0.05957 0.05957
0 0.33838 0.02148 0.06152 0.04297
0 0.41992 0.1499 0.05859 0.08105
0 0.21484 0.40674 0.05078 0.08301
0 0.26074 0.41406 0.05078 0.06445
0 0.19873 0.46533 0.09668 0.05957
0 0.20605 0.51953 0.07617 0.06641
0 0.05029 0.52539 0.07324 0.07227
0 0.18213 0.59863 0.0791 0.07812
0 0.25537 0.59082 0.06543 0.06445
0 0.26416 0.66211 0.08887 0.07227
0 0.37256 0.5293 0.09863 0.07031
0 0.33984 0.56787 0.06445 0.05176
0 0.39355 0.65674 0.08008 0.0791
0 0.02002 0.7666 0.03613 0.0625
0 0.02539 0.8916 0.05078 0.06641
0 0.2793 0.97754 0.09961 0.04492
0 0.50537 0.85156 0.06348 0.07617
0 0.91357 0.9751 0.05957 0.0498
0 0.89307 0.90039 0.07129 0.09766
0 0.78809 0.89697 0.07617 0.06543
0 0.72266 0.87109 0.06641 0.07422
0 0.95312 0.57227 0.07227 0.06445
0 0.97412 0.44141 0.05176 0.06445
0 0.92627 0.44141 0.06738 0.06641
0 0.94873 0.38916 0.07129 0.04785
0 0.85693 0.36865 0.08301 0.12988
0 0.74414 0.48633 0.05664 0.06836
0 0.75732 0.60645 0.06543 0.07031
0 0.79053 0.65479 0.05957 0.05957
0 0.70361 0.23682 0.07129 0.09277
0 0.90137 0.08154 0.08594 0.08887
0 0.57812 0.625 0.06445 0.0625
0 0.62354 0.59326 0.05762 0.08691
0 0.53369 0.49023 0.06934 0.10352
0 0.60791 0.42822 0.07129 0.0791
0 0.46143 0.39111 0.08691 0.06543
0 0.54102 0.2915 0.06836 0.0752
0 0.65674 0.98975 0.05371 0.02051
0 0.99121 0.83887 0.01758 0.03906
0 0.76025 0.42822 0.09473 0.04785
0 0.3916 0.26904 0.07031 0.05762
