0 0.60059 0.62354 0.08789 0.12207
0 0.96484 0.28809 0.07031 0.05469
0 0.36719 0.28613 0.08984 0.09766
0 0.36328 0.58203 0.10742 0.10547
0 0.8623 0.9292 0.08984 0.12012
0 0.44336 0.59082 0.07812 0.12695
0 0.71631 0.23584 0.12012 0.09277
0 0.42676 0.12842 0.11523 0.09277
0 0.5918 0.32324 0.10547 0.11719
0 0.07812 0.06738 0.10547 0.08984
0 0.97461 0.55225 0.05078 0.12988
0 0.69189 0.9043 0.12988 0.10547
0 0.36084 0.92969 0.07715 0.10547
0 0.30371 0.19775 0.09961 0.04785
0 0.55664 0.05713 0.08984 0.11426
0 0.53955 0.92236 0.10449 0.12012
0 0.50098 0.43945 0.09766 0.15039
0 0.521 0.62793 0.06543 0.12109
0 0.05469 0.64111 0.08008 0.09277
0 0.06934 0.93994 0.13477 0.12012
0 0.02832 0.52637 0.05664 0.07227
0 0.03809 0.72461 0.07227 0.08008
