0 0.01416 0.30322 0.02832 0.08887
0 0.06299 0.16699 0.11426 0.09961
0 0.18701 0.19434 0.11621 0.09766
0 0.27783 0.08887 0.06152 0.10547
0 0.22803 0.09082 0.05762 0.09766
0 0.09033 0.09375 0.07715 0.07031
0 0.01807 0.04102 0.03613 0.08203
0 0.36572 0.13232 0.0752 0.06934
0 0.37744 0.23877 0.05566 0.0752
0 0.50244 0.16162 0.07129 0.08691
0 0.47314 0.26807 0.06152 0.06348
0 0.69678 0.20752 0.07129 0.08887
0 0.7251 0.11182 0.08691 0.10645
0 0.7959 0.20752 0.08398 0.08887
0 0.54785 0.40039 0.08789 0.07031
0 0.67822 0.44482 0.06543 0.11035
0 0.22754 0.48975 0.10938 0.08105
0 0.42969 0.53809 0.10938 0.0957
0 0.31396 0.74463 0.09473 0.09863
0 0.09473 0.49658 0.07812 0.10645
0 0.16113 0.59668 0.11914 0.08203
0 0.00635 0.58447 0.0127 0.08105
0 0.0542 0.83203 0.09473 0.11133
0 0.26416 0.95947 0.08301 0.08105
0 0.15332 0.91113 0.12695 0.13477
0 0.5293 0.86328 0.10547 0.09961
0 0.729 0.80908 0.09082 0.08887
0 0.81494 0.91211 0.07324 0.07422
0 0.96533 0.91162 0.06934 0.08301
0 0.89746 0.79443 0.07617 0.06738
0 0.87354 0.72559 0.0791 0.05664
0 0.74658 0.64453 0.09082 0.07812
0 0.96924 0.64258 0.06152 0.10938
0 0.98242 0.43701 0.03516 0.06348
0 0.93115 0.52393 0.04395 0.0791
0 0.92529 0.39209 0.05957 0.09277
0 0.9043 0.26025 0.08594 0.09082
0 0.96777 0.09131 0.06445 0.0791
0 0.90527 0.88672 0.04492 0.08203
