0 0.02588 0.90576 0.05176 0.04395
0 0.05762 0.86523 0.08398 0.06641
0 0.07861 0.78223 0.12012 0.10352
0 0.06445 0.70264 0.08398 0.11621
0 0.23486 0.80518 0.0752 0.09277
0 0.01514 0.37158 0.03027 0.06348
0 0.11182 0.34766 0.06934 0.07812
0 0.15527 0.44482 0.12305 0.07129
0 0.021 0.26514 0.04199 0.08887
0 0.03662 0.04785 0.07324 0.0957
0 0.1377 0.02637 0.05469 0.05273
0 0.23828 0.05273 0.09961 0.04297
0 0.30469 0.0791 0.07812 0.08203
0 0.32129 0.21338 0.07031 0.06934
0 0.21338 0.31348 0.07129 0.0625
0 0.34131 0.67383 0.0752 0.09375
0 0.44531 0.37256 0.11133 0.08105
0 0.48633 0.24512 0.07422 0.07031
0 0.39551 0.16113 0.09766 0.06836
0 0.50781 0.19482 0.07422 0.05957
0 0.62744 0.18262 0.07129 0.07031
0 0.62061 0.06201 0.09863 0.06738
0 0.36963 0.07031 0.08301 0.04883
0 0.48438 0.08252 0.15625 0.08496
0 0.77393 0.09326 0.09668 0.06543
0 0.79053 0.31641 0.10059 0.07617
0 0.6543 0.31348 0.08203 0.06641
0 0.66406 0.40137 0.07031 0.06445
0 0.73682 0.35742 0.06543 0.06445
0 0.57471 0.30566 0.06543 0.07422
0 0.69775 0.80566 0.14941 0.08008
0 0.65723 0.87598 0.125 0.08203
0 0.40918 0.88428 0.07617 0.07715
0 0.51221 0.95947 0.09277 0.07715
0 0.55029 0.88477 0.05566 0.04492
0 0.88574 0.98584 0.0918 0.02832
0 0.97949 0.12207 0.04102 0.08594
0 0.98047 0.26025 0.03906 0.09863
0 0.73682 0.88672 0.14551 0.06641
