0 0.22461 0.15674 0.11328 0.09668
0 0.09766 0.29883 0.18164 0.07617
0 0.05762 0.02979 0.11523 0.05762
0 0.59033 0.15527 0.11816 0.12891
0 0.56006 0.22559 0.09863 0.0957
0 0.46826 0.22021 0.07129 0.13574
0 0.65625 0.28516 0.11719 0.08203
0 0.44336 0.38721 0.11719 0.10254
0 0.43555 0.51025 0.10156 0.1377
0 0.55469 0.62939 0.0918 0.16309
0 0.80908 0.57568 0.07715 0.11426
0 0.69775 0.48291 0.10059 0.09473
0 0.67383 0.36035 0.0957 0.06641
0 0.55029 0.34473 0.12012 0.05664
0 0.83594 0.39209 0.0918 0.08301
0 0.96387 0.48145 0.07227 0.07227
0 0.85107 0.23828 0.07129 0.07031
0 0.84619 0.14746 0.05957 0.0625
0 0.95605 0.21436 0.0625 0.0791
0 0.37695 0.79883 0.15234 0.08984
0 0.56055 0.8252 0.08984 0.08789
0 0.96631 0.80566 0.06738 0.08203
0 0.96143 0.90771 0.07715 0.06543
0 0.83789 0.91943 0.11523 0.07129
0 0.15137 0.84424 0.08203 0.07129
0 0.17822 0.96631 0.13574 0.06738
0 0.49268 0.96387 0.10254 0.07227
0 0.03223 0.1333 0.06445 0.09863
0 0.17578 0.03076 0.05859 0.06152
0 0.43457 0.9541 0.16797 0.0918
