0 0.05469 0.12695 0.04297 0.10742
0 0.10498 0.15527 0.0498 0.08398
0 0.18311 0.05762 0.05371 0.0918
0 0.34863 0.15771 0.07617 0.09082
0 0.17529 0.19287 0.05176 0.07129
0 0.16211 0.25928 0.06055 0.0498
0 0.21289 0.25781 0.06055 0.03906
0 0.18506 0.30908 0.08887 0.05176
0 0.28809 0.29199 0.04492 0.05078
0 0.02588 0.28809 0.05176 0.06055
0 0.04004 0.33691 0.06445 0.05469
0 0.07275 0.30273 0.05176 0.06445
0 0.07959 0.48486 0.05176 0.08887
0 0.14355 0.4707 0.06055 0.08008
0 0.1084 0.42236 0.05664 0.04004
0 0.6001 0.22266 0.06738 0.08398
0 0.65967 0.18164 0.05176 0.08594
0 0.75 0.13086 0.07031 0.08594
0 0.66699 0.23145 0.03516 0.06836
0 0.64355 0.29541 0.07422 0.06738
0 0.60107 0.36035 0.09473 0.08789
0 0.87842 0.20752 0.04395 0.06738
0 0.93555 0.24023 0.04688 0.05664
0 0.94727 0.42969 0.06836 0.08594
0 0.92578 0.59375 0.08398 0.08398
0 0.89502 0.66064 0.06934 0.05957
0 0.79932 0.65039 0.07129 0.04492
0 0.45068 0.52344 0.06152 0.07617
0 0.3335 0.52979 0.06348 0.05371
0 0.32422 0.57666 0.05859 0.05762
0 0.34521 0.66113 0.09082 0.05078
0 0.43408 0.67676 0.0791 0.04883
0 0.46973 0.72461 0.07422 0.05469
0 0.70215 0.75781 0.06445 0.08008
0 0.83936 0.78418 0.09668 0.06055
0 0.89404 0.72363 0.09473 0.05273
0 0.96875 0.78906 0.05664 0.07031
0 0.02881 0.98486 0.05762 0.03027
0 0.18311 0.98877 0.06543 0.02246
0 0.03076 0.86621 0.04199 0.04883
0 0.01123 0.80762 0.02246 0.0625
0 0.12256 0.72754 0.06934 0.05469
0 0.18115 0.77197 0.04395 0.05371
0 0.43115 0.8042 0.06934 0.06152
0 0.36475 0.94189 0.05957 0.06152
0 0.09424 0.55322 0.03613 0.04395
0 0.12305 0.57959 0.05859 0.07129
0 0.19727 0.5708 0.07422 0.05371
0 0.19727 0.61084 0.05078 0.05566
0 0.16699 0.66553 0.05664 0.06152
0 0.22412 0.66748 0.06348 0.05957
0 0.28223 0.68701 0.06055 0.06152
0 0.71875 0.84912 0.06445 0.06543
0 0.00879 0.55176 0.01758 0.03125
0 0.04492 0.53906 0.0332 0.06641
0 0.14893 0.44287 0.06348 0.04199
0 0.07275 0.40332 0.0459 0.03125
0 0.57422 0.76465 0.0332 0.02734
0 0.21729 0.22754 0.04785 0.06055
0 0.16748 0.37305 0.02832 0.0332
0 0.73486 0.84717 0.0498 0.02832
0 0.94482 0.2041 0.05176 0.04688
