0 0.67334 0.04102 0.08887 0.08203
0 0.93408 0.03857 0.07715 0.07715
0 0.45898 0.10254 0.08398 0.0918
0 0.09229 0.39697 0.07324 0.05566
0 0.72656 0.10547 0.11719 0.08984
0 0.10889 0.11523 0.09668 0.10547
0 0.25293 0.10889 0.07227 0.06738
0 0.08691 0.45752 0.09961 0.05762
0 0.37842 0.82861 0.12012 0.08301
0 0.66406 0.53564 0.07617 0.05371
0 0.37842 0.14697 0.07715 0.0791
0 0.19531 0.03125 0.06641 0.0625
0 0.38184 0.50049 0.08789 0.05176
0 0.30469 0.45459 0.08203 0.07324
0 0.10107 0.25342 0.09473 0.04199
0 0.63623 0.86084 0.0791 0.0459
0 0.96533 0.09766 0.06934 0.07812
0 0.0874 0.49658 0.12988 0.05176
0 0.74805 0.46094 0.06836 0.05273
0 0.36133 0.98242 0.06055 0.03516
0 0.65527 0.12109 0.10938 0.10547
0 0.43896 0.26807 0.08691 0.05176
0 0.37207 0.18604 0.08984 0.0459
0 0.42627 0.56787 0.09082 0.05762
0 0.15527 0.45215 0.08008 0.03906
0 0.19238 0.81396 0.09961 0.04004
0 0.04834 0.10303 0.09668 0.05957
0 0.60205 0.16406 0.06152 0.04688
0 0.0293 0.59033 0.05859 0.06348
0 0.24414 0.88037 0.08203 0.03613
0 0.7832 0.44092 0.06641 0.03418
0 0.79834 0.8125 0.09473 0.05664
0 0.46973 0.89551 0.10547 0.03711
0 0.57031 0.53125 0.05859 0.04492
0 0.21582 0.61621 0.14648 0.05664
0 0.10889 0.89209 0.15723 0.05371
0 0.63867 0.60107 0.07812 0.04004
0 0.95068 0.8833 0.07324 0.0498
0 0.15186 0.59131 0.09082 0.03418
0 0.07373 0.51709 0.12988 0.05371
0 0.21631 0.94385 0.06543 0.02246
0 0.67725 0.0835 0.05176 0.06934
0 0.30176 0.49707 0.08398 0.07031
0 0.13511 0.6874 0.13369 0.04395
0 0.96143 0.70264 0.07715 0.04785
0 0.05322 0.19824 0.10645 0.03125
0 0.36133 0.53174 0.06641 0.03223
0 0.95947 0.55176 0.08105 0.03711
0 0.20703 0.83936 0.04883 0.05566
0 0.06689 0.8125 0.0459 0.03711
0 0.1333 0.83008 0.09473 0.03711
0 0.83691 0.84326 0.10156 0.04785
0 0.77686 0.92578 0.06543 0.04102
0 0.83105 0.38818 0.05078 0.02832
0 0.22852 0.29346 0.05469 0.02246
0 0.05029 0.2168 0.10059 0.04102
0 0.98389 0.45801 0.03223 0.04297
0 0.39551 0.59326 0.04883 0.05176
0 0.39941 0.95801 0.04883 0.02734
0 0.49854 0.94727 0.06934 0.03125
