0 0.81104 0.19531 0.0752 0.08203
0 0.29443 0.2876 0.08496 0.09863
0 0.4082 0.42383 0.08203 0.07617
0 0.75098 0.03223 0.06836 0.0625
0 0.61523 0.36279 0.08398 0.08691
0 0.479 0.33838 0.10254 0.07715
0 0.55029 0.25586 0.10059 0.10547
0 0.9082 0.05176 0.06445 0.06641
0 0.625 0.15234 0.09375 0.07617
0 0.48438 0.25488 0.08398 0.06836
0 0.68262 0.94824 0.07422 0.06055
0 0.10498 0.53613 0.05176 0.04297
0 0.29346 0.72998 0.09082 0.07715
0 0.25049 0.19873 0.07324 0.11035
0 0.41357 0.2417 0.06543 0.08105
0 0.30762 0.11963 0.08008 0.06934
0 0.12061 0.7002 0.07715 0.04883
0 0.33643 0.08789 0.06543 0.09766
0 0.9751 0.48438 0.0498 0.05469
0 0.26367 0.47607 0.12109 0.05957
0 0.37695 0.82471 0.08203 0.0459
0 0.62158 0.59717 0.07715 0.06152
0 0.05371 0.93213 0.08398 0.06152
0 0.73096 0.53271 0.07129 0.05566
0 0.48096 0.85791 0.07324 0.04785
0 0.96094 0.14355 0.05664 0.08984
0 0.65381 0.79834 0.09082 0.05371
0 0.97754 0.02734 0.04492 0.05273
0 0.75586 0.77783 0.09961 0.06348
0 0.54053 0.48535 0.09277 0.05469
0 0.20117 0.81885 0.08984 0.0752
0 0.729 0.58594 0.0752 0.05078
0 0.4751 0.39355 0.05957 0.0625
0 0.73145 0.26855 0.05859 0.04688
0 0.94727 0.90527 0.06836 0.05859
0 0.0376 0.80811 0.0752 0.03809
0 0.31982 0.59668 0.10645 0.05664
0 0.85449 0.83203 0.05859 0.05469
0 0.32324 0.85107 0.08984 0.04199
0 0.80908 0.97803 0.06543 0.04395
0 0.41846 0.02441 0.06348 0.04492
0 0.2583 0.54736 0.09277 0.04004
0 0.81396 0.46973 0.06152 0.05469
0 0.51611 0.80811 0.0791 0.03613
0 0.77734 0.52979 0.06836 0.0498
0 0.72559 0.47852 0.04883 0.05078
0 0.28418 0.18604 0.06836 0.06348
0 0.87207 0.58887 0.06445 0.04883
0 0.63281 0.53955 0.08984 0.05176
0 0.03027 0.57617 0.06055 0.04297
0 0.70459 0.88086 0.06348 0.03516
0 0.63281 0.47705 0.07422 0.03613
0 0.59863 0.89307 0.05859 0.03418
0 0.94385 0.78809 0.04785 0.05273
0 0.55127 0.39355 0.05566 0.07812
0 0.83887 0.58301 0.0625 0.05469
0 0.12109 0.01074 0.07422 0.02148
0 0.14404 0.76172 0.06348 0.04492
0 0.7627 0.48096 0.07617 0.0459
0 0.08496 0.79688 0.04688 0.03516
0 0.73779 0.91211 0.09082 0.03711
0 0.75049 0.65479 0.06152 0.03223
0 0.02197 0.48096 0.04395 0.03809
0 0.33936 0.22803 0.05566 0.0459
0 0.21826 0.94336 0.06543 0.04688
0 0.85303 0.49414 0.06152 0.07812
0 0.50928 0.50342 0.03418 0.03613
0 0.45947 0.55615 0.09863 0.04395
0 0.43506 0.94531 0.08301 0.04102
0 0.40625 0.06982 0.06641 0.05762
0 0.28662 0.94971 0.08691 0.04199
0 0.79932 0.96777 0.07715 0.03906
0 0.06836 0.51807 0.04883 0.05371
0 0.42969 0.01465 0.05078 0.0293
