0 0.01221 0.73145 0.02441 0.05859
0 0.10449 0.72656 0.08203 0.07227
0 0.12793 0.91992 0.07227 0.05078
0 0.22363 0.88428 0.08398 0.07129
0 0.36768 0.90332 0.08301 0.05664
0 0.49854 0.95801 0.07129 0.06055
0 0.30029 0.98242 0.07324 0.03516
0 0.30859 0.96582 0.05859 0.05859
0 0.94434 0.97559 0.0918 0.04883
0 0.72314 0.89502 0.09863 0.05566
0 0.63281 0.86279 0.09961 0.05762
0 0.5498 0.75586 0.08398 0.06641
0 0.83594 0.74707 0.07227 0.08008
0 0.89697 0.78271 0.1123 0.05371
0 0.96582 0.86914 0.06836 0.05273
0 0.76611 0.69678 0.0459 0.03809
0 0.95801 0.6167 0.07812 0.10254
0 0.56787 0.67041 0.08887 0.07715
0 0.63232 0.50146 0.11816 0.08301
0 0.53613 0.41162 0.07031 0.05566
0 0.81445 0.31934 0.11328 0.07422
0 0.60938 0.30322 0.08594 0.08301
0 0.45361 0.33203 0.08887 0.07227
0 0.33545 0.41553 0.08496 0.10645
0 0.21094 0.34912 0.09961 0.09473
0 0.15088 0.2793 0.0791 0.05664
0 0.04639 0.41113 0.06543 0.06641
0 0.18506 0.44873 0.08691 0.06348
0 0.20459 0.62256 0.06543 0.07715
0 0.02881 0.51709 0.05762 0.0459
0 0.42969 0.05371 0.07617 0.06055
0 0.51709 0.08887 0.09863 0.06445
0 0.37891 0.16211 0.06641 0.08984
0 0.50391 0.19971 0.10352 0.05176
0 0.5415 0.20654 0.11426 0.06934
0 0.44629 0.44092 0.05859 0.05371
0 0.66309 0.57275 0.10156 0.04395
0 0.79736 0.44629 0.07715 0.07422
0 0.72021 0.45801 0.06152 0.06055
0 0.95117 0.44482 0.08594 0.05957
0 0.88574 0.2832 0.07031 0.04492
0 0.7207 0.22412 0.05859 0.08105
0 0.85449 0.17578 0.07617 0.06836
0 0.19385 0.03076 0.07715 0.06152
0 0.18848 0.16113 0.08398 0.14062
0 0.79492 0.50879 0.07227 0.0625
