0 0.43115 0.9751 0.14941 0.0498
0 0.36572 0.93799 0.06152 0.05371
0 0.3374 0.87012 0.08887 0.08008
0 0.17041 0.87891 0.08887 0.08008
0 0.0918 0.93896 0.10156 0.1123
0 0.03516 0.53174 0.07031 0.07324
0 0.02588 0.44678 0.05176 0.09668
0 0.11084 0.56787 0.08887 0.09473
0 0.30078 0.44189 0.07227 0.07324
0 0.36914 0.479 0.06055 0.06934
0 0.31543 0.51025 0.07031 0.07715
0 0.42871 0.51172 0.0625 0.06641
0 0.40918 0.55078 0.07617 0.06836
0 0.45947 0.5918 0.0752 0.08594
0 0.56201 0.51318 0.11035 0.1377
0 0.56104 0.62354 0.0791 0.05762
0 0.33643 0.34375 0.06543 0.07422
0 0.07031 0.31787 0.08984 0.09082
0 0.03809 0.12207 0.05664 0.06836
0 0.29492 0.0332 0.06641 0.06641
0 0.6958 0.02881 0.06152 0.05566
0 0.80078 0.0752 0.08008 0.08008
0 0.79785 0.28809 0.07031 0.09375
0 0.87402 0.29492 0.08008 0.08008
0 0.91357 0.37744 0.08301 0.07324
0 0.84326 0.40527 0.07129 0.10156
0 0.85498 0.46484 0.08301 0.06641
0 0.3252 0.3042 0.07031 0.05371
0 0.13037 0.53955 0.06348 0.06738
0 0.34766 0.97949 0.05859 0.04102
0 0.92383 0.33691 0.04883 0.04492
0 0.99072 0.03027 0.01855 0.06055
