0 0.77979 0.21582 0.09668 0.0918
0 0.94434 0.15967 0.06055 0.12793
0 0.93408 0.19727 0.13184 0.05273
0 0.38086 0.31494 0.11914 0.1123
0 0.3374 0.43262 0.09863 0.10742
0 0.48047 0.41113 0.04883 0.05078
0 0.66016 0.35352 0.18359 0.07617
0 0.86768 0.35205 0.07715 0.0752
0 0.80957 0.45996 0.09375 0.18164
0 0.62305 0.59082 0.09961 0.19727
0 0.71436 0.71484 0.13184 0.05273
0 0.53564 0.62109 0.17285 0.1543
0 0.27588 0.53174 0.15918 0.08496
0 0.17627 0.56543 0.11621 0.07422
0 0.26953 0.65479 0.16406 0.06738
0 0.25977 0.77734 0.10352 0.09961
0 0.33105 0.78906 0.09375 0.04102
0 0.53027 0.80176 0.05859 0.09766
0 0.13428 0.39746 0.1084 0.05469
0 0.2002 0.2085 0.1582 0.11621
0 0.38672 0.18311 0.10156 0.05566
0 0.06445 0.10156 0.09961 0.11914
0 0.63721 0.08154 0.13184 0.15918
0 0.95117 0.85596 0.05273 0.09082
0 0.88428 0.9375 0.08691 0.07227
0 0.76074 0.90723 0.06055 0.08008
0 0.53516 0.92334 0.05859 0.08105
0 0.33691 0.96533 0.10352 0.06934
0 0.92822 0.78076 0.06738 0.0459
0 0.97656 0.65674 0.04688 0.09668
0 0.92236 0.69092 0.05957 0.09473
0 0.86621 0.73291 0.04297 0.05566
0 0.94141 0.51855 0.0625 0.09766
0 0.97754 0.49365 0.04297 0.06934
0 0.0542 0.73193 0.1084 0.1084
0 0.16895 0.9624 0.125 0.0752
0 0.32324 0.96289 0.13867 0.07422
0 0.47363 0.11133 0.23242 0.08008
