0 0.19775 0.07227 0.04395 0.03516
0 0.29102 0.01611 0.05664 0.03223
0 0.33789 0.03906 0.05859 0.04883
0 0.46289 0.01611 0.06836 0.03223
0 0.74609 0.01855 0.04492 0.03711
0 0.78955 0.17334 0.05957 0.10059
0 0.78955 0.05371 0.05957 0.0332
0 0.6582 0.13232 0.03516 0.07324
0 0.63232 0.14502 0.04004 0.03613
0 0.9375 0.40137 0.03711 0.03906
0 0.97705 0.60596 0.0459 0.07324
0 0.81006 0.78613 0.08105 0.04297
0 0.9043 0.94727 0.04492 0.05859
0 0.85352 0.46338 0.04297 0.0459
0 0.82275 0.40332 0.03027 0.04688
0 0.58984 0.43359 0.0625 0.04492
0 0.49414 0.43945 0.07422 0.05078
0 0.38379 0.38037 0.05078 0.05762
0 0.37842 0.31494 0.05957 0.04004
0 0.44629 0.53467 0.05664 0.06543
0 0.39014 0.59424 0.0498 0.06738
0 0.53125 0.65283 0.08203 0.07129
0 0.60107 0.5752 0.07324 0.05859
0 0.66064 0.56592 0.03223 0.05371
0 0.79834 0.65918 0.06152 0.06641
0 0.76123 0.96045 0.05762 0.05371
0 0.50293 0.92676 0.06836 0.05273
0 0.64404 0.94385 0.03809 0.09473
0 0.47021 0.77148 0.08496 0.04102
0 0.08252 0.35547 0.05957 0.04688
0 0.09131 0.40479 0.09082 0.05762
0 0.09229 0.44922 0.05371 0.03516
0 0.08301 0.93799 0.05664 0.07715
0 0.03613 0.95166 0.07227 0.04395
0 0.14404 0.93604 0.11621 0.04199
0 0.23047 0.91309 0.08203 0.07422
0 0.14209 0.98047 0.09668 0.03906
0 0.24365 0.58496 0.03418 0.04492
0 0.16455 0.56396 0.0752 0.06543
0 0.01514 0.60986 0.03027 0.0752
