0 0.0459 0.21875 0.08008 0.11133
0 0.18555 0.2959 0.16016 0.12305
0 0.3877 0.17969 0.11914 0.08789
0 0.47461 0.10791 0.10352 0.06738
0 0.2373 0.04541 0.18945 0.08105
0 0.16748 0.49658 0.06738 0.14746
0 0.29883 0.51514 0.09766 0.10449
0 0.47168 0.71094 0.11328 0.07227
0 0.41211 0.8584 0.08984 0.08984
0 0.01904 0.97461 0.03809 0.05078
0 0.98242 0.87158 0.03516 0.09473
0 0.84814 0.75732 0.0791 0.09668
0 0.63281 0.45215 0.14844 0.12109
0 0.80322 0.42529 0.09277 0.08691
0 0.96045 0.33496 0.0791 0.10938
0 0.80273 0.29346 0.10156 0.09668
0 0.47852 0.30908 0.09766 0.10254
0 0.90186 0.11084 0.06738 0.10059
0 0.94287 0.16162 0.05957 0.08691
0 0.84766 0.10889 0.05859 0.10449
0 0.86914 0.0293 0.09961 0.05859
0 0.68066 0.24072 0.10156 0.07715
0 0.87109 0.43457 0.0957 0.07617
0 0.98438 0.43652 0.03125 0.08008
0 0.10889 0.18262 0.0498 0.05273
