0 0.9248 0.78857 0.10742 0.10059
0 0.03857 0.38965 0.07715 0.08984
0 0.65186 0.97705 0.14941 0.04395
0 0.02344 0.2876 0.04688 0.08691
0 0.84473 0.50928 0.16992 0.12988
0 0.49902 0.63574 0.25 0.15039
0 0.72949 0.69727 0.2207 0.09961
0 0.44482 0.84131 0.12988 0.09277
0 0.30957 0.83838 0.17969 0.1377
0 0.19482 0.18164 0.1084 0.08203
0 0.27197 0.30566 0.09473 0.10742
0 0.19482 0.51758 0.14746 0.13672
0 0.70801 0.13623 0.22266 0.2334
0 0.13574 0.47461 0.0957 0.12695
0 0.19678 0.8418 0.09473 0.10547
0 0.11719 0.03955 0.13477 0.0752
0 0.74707 0.20996 0.16016 0.0625
0 0.15381 0.28125 0.13379 0.13867
0 0.3457 0.03076 0.07812 0.05762
0 0.86328 0.0708 0.18945 0.13574
0 0.70264 0.06299 0.15527 0.12207
