0 0.60352 0.0459 0.04297 0.05859
0 0.75342 0.0752 0.11816 0.05859
0 0.896 0.06885 0.1084 0.05176
0 0.96582 0.01807 0.06836 0.03613
0 0.13623 0.03076 0.09082 0.05371
0 0.15918 0.11719 0.07422 0.10742
0 0.03125 0.01709 0.0625 0.03418
0 0.47656 0.16602 0.07227 0.04688
0 0.62354 0.14062 0.05762 0.05469
0 0.70898 0.18652 0.04297 0.03516
0 0.66016 0.32812 0.06445 0.09375
0 0.6958 0.32178 0.05176 0.09863
0 0.84766 0.23975 0.06836 0.05762
0 0.88086 0.30566 0.07812 0.04492
0 0.87305 0.38721 0.05469 0.04785
0 0.96777 0.45166 0.06055 0.09863
0 0.88477 0.52393 0.06836 0.10059
0 0.8208 0.48193 0.05566 0.07324
0 0.87891 0.75391 0.05664 0.13086
0 0.80713 0.80029 0.05762 0.10449
0 0.70996 0.78955 0.0625 0.05957
0 0.2793 0.69385 0.11133 0.0459
0 0.20605 0.80859 0.0625 0.08789
0 0.19531 0.91553 0.10156 0.08887
0 0.06689 0.89941 0.12012 0.04297
0 0.10547 0.75684 0.08984 0.0918
0 0.31934 0.57227 0.11328 0.07227
0 0.43506 0.58594 0.06543 0.07227
0 0.66553 0.54199 0.06543 0.07812
0 0.5127 0.54785 0.0625 0.07617
0 0.08447 0.58398 0.07129 0.05469
0 0.10791 0.63037 0.05957 0.0459
0 0.21973 0.60498 0.07617 0.05957
0 0.03223 0.56689 0.06445 0.05371
0 0.23193 0.47363 0.0752 0.0625
0 0.21289 0.39453 0.07812 0.06445
0 0.36377 0.39941 0.06738 0.06836
0 0.54736 0.32227 0.0752 0.06445
0 0.47363 0.38232 0.05664 0.07324
0 0.40137 0.3457 0.05273 0.04102
0 0.65283 0.45459 0.10449 0.10059
0 0.72705 0.45166 0.06543 0.05176
0 0.33154 0.48926 0.05957 0.06836
0 0.43408 0.46973 0.10449 0.05469
0 0.52686 0.45654 0.07129 0.06348
0 0.05029 0.19287 0.10059 0.06738
0 0.39502 0.17822 0.08105 0.06152
0 0.41992 0.22656 0.05859 0.06055
0 0.50537 0.23584 0.05566 0.05762
0 0.35498 0.25635 0.0791 0.05371
0 0.28857 0.34717 0.06348 0.07715
0 0.22705 0.25439 0.08496 0.05957
0 0.10254 0.26318 0.06641 0.05176
0 0.12451 0.38086 0.06934 0.08594
0 0.05078 0.42627 0.10156 0.09668
0 0.0332 0.36475 0.06641 0.06738
0 0.02686 0.28174 0.05371 0.08691
0 0.81787 0.97461 0.03418 0.05078
0 0.9458 0.35742 0.06934 0.04297
