0 0.95898 0.10156 0.08203 0.0918
0 0.70068 0.47559 0.11816 0.07227
0 0.86719 0.11182 0.09961 0.08496
0 0.68799 0.81348 0.1123 0.08203
0 0.68311 0.64941 0.09277 0.05469
0 0.66992 0.3457 0.08984 0.12695
0 0.17285 0.96533 0.08984 0.06934
0 0.34229 0.92236 0.0752 0.08496
0 0.11719 0.35791 0.04688 0.06152
0 0.59521 0.125 0.06543 0.12109
0 0.47803 0.19971 0.07715 0.12207
0 0.78857 0.87305 0.15723 0.05859
0 0.5835 0.33447 0.08301 0.0752
0 0.11328 0.55713 0.07227 0.06543
0 0.44824 0.06689 0.07227 0.10059
0 0.38916 0.18262 0.0752 0.08398
0 0.58838 0.92578 0.13184 0.11328
0 0.43604 0.75342 0.0791 0.05371
0 0.93457 0.81201 0.11523 0.05566
0 0.01709 0.37451 0.03418 0.09473
0 0.91943 0.91943 0.08301 0.06543
0 0.48584 0.55957 0.07324 0.07031
0 0.78711 0.93066 0.14453 0.0625
0 0.58252 0.26758 0.05371 0.06641
0 0.05127 0.20312 0.0791 0.08594
0 0.04346 0.29834 0.08301 0.06738
0 0.05225 0.35693 0.05957 0.05566
0 0.73242 0.34424 0.08984 0.0752
0 0.07812 0.22363 0.07812 0.07617
0 0.63135 0.12256 0.08887 0.12988
0 0.14258 0.36182 0.08008 0.08691
