0 0.00928 0.76562 0.01855 0.12109
0 0.04004 0.45166 0.08008 0.18457
0 0.07666 0.16113 0.15332 0.06836
0 0.25098 0.2915 0.13477 0.15332
0 0.271 0.48535 0.05762 0.12891
0 0.20459 0.57715 0.09473 0.16016
0 0.13135 0.42188 0.0752 0.16406
0 0.33301 0.44385 0.07422 0.12012
0 0.48975 0.52344 0.18848 0.13672
0 0.46484 0.60547 0.10352 0.11914
0 0.21582 0.70508 0.16992 0.11328
0 0.24268 0.85156 0.22559 0.08203
0 0.77393 0.74365 0.20605 0.07715
0 0.83203 0.90039 0.13281 0.07617
0 0.84131 0.96143 0.09473 0.07715
0 0.9502 0.93604 0.08594 0.12793
0 0.92139 0.72949 0.10645 0.12891
0 0.93164 0.66016 0.13672 0.08008
0 0.64258 0.4209 0.14453 0.13867
0 0.85645 0.41943 0.25586 0.1748
0 0.75928 0.46143 0.1123 0.08887
0 0.96582 0.40039 0.06836 0.07031
0 0.31104 0.05371 0.11035 0.10742
0 0.7417 0.05273 0.08887 0.09766
0 0.94873 0.06592 0.10254 0.06348
0 0.86963 0.07373 0.06348 0.0752
0 0.4917 0.80859 0.07715 0.12305
0 0.04736 0.96338 0.09473 0.07324
0 0.84033 0.78223 0.31934 0.14453
0 0.66162 0.72314 0.08691 0.06738
0 0.34229 0.89746 0.10645 0.07422
0 0.479 0.3042 0.05371 0.08496
