0 0.02881 0.62256 0.05762 0.08301
0 0.03662 0.75049 0.06738 0.09082
0 0.05664 0.81934 0.11328 0.07031
0 0.18652 0.79004 0.11719 0.05273
0 0.0293 0.98877 0.05859 0.02246
0 0.02197 0.87842 0.04395 0.05176
0 0.104 0.9209 0.05566 0.08789
0 0.14502 0.9668 0.06348 0.06641
0 0.03271 0.94189 0.06543 0.06348
0 0.71826 0.94385 0.12988 0.1123
0 0.56055 0.95215 0.19141 0.0957
0 0.56689 0.84082 0.09082 0.09375
0 0.43359 0.88135 0.07031 0.07715
0 0.25684 0.92676 0.14062 0.0957
0 0.27148 0.86426 0.06641 0.06055
0 0.32275 0.84912 0.0791 0.08496
0 0.5083 0.63623 0.09082 0.08105
0 0.58691 0.59766 0.08203 0.12305
0 0.56641 0.53467 0.08594 0.07324
0 0.36865 0.4751 0.06934 0.08691
0 0.27734 0.52783 0.14453 0.08301
0 0.24023 0.65332 0.1582 0.05078
0 0.21729 0.69531 0.06934 0.06836
0 0.73975 0.61719 0.18652 0.05273
0 0.83252 0.7915 0.12988 0.05957
0 0.95068 0.78271 0.09863 0.04785
0 0.92627 0.70898 0.14746 0.05664
0 0.87842 0.65332 0.14551 0.05469
0 0.9751 0.46631 0.0498 0.06152
0 0.58398 0.33643 0.07422 0.05176
0 0.73926 0.31738 0.12891 0.05273
0 0.70996 0.39355 0.08203 0.05469
0 0.78906 0.32861 0.04688 0.13184
0 0.16504 0.29639 0.14062 0.08691
0 0.01904 0.23828 0.03809 0.10352
0 0.04834 0.16846 0.09668 0.09863
0 0.1582 0.18701 0.05859 0.05762
0 0.27979 0.15625 0.11816 0.05859
0 0.17188 0.11963 0.0918 0.0791
0 0.40137 0.09619 0.08594 0.06738
0 0.47217 0.03857 0.08887 0.07129
0 0.52441 0.19873 0.09766 0.0791
0 0.59375 0.12744 0.08203 0.09863
0 0.75684 0.16064 0.04688 0.1084
0 0.93311 0.17236 0.12207 0.07129
0 0.68506 0.05762 0.07715 0.06445
0 0.73193 0.07129 0.06152 0.04883
0 0.61377 0.03467 0.07715 0.06934
0 0.95508 0.03516 0.08203 0.05469
