0 0.01709 0.9668 0.03418 0.06641
0 0.05127 0.75537 0.10254 0.08887
0 0.08691 0.96387 0.06836 0.05273
0 0.14795 0.91406 0.09668 0.04883
0 0.19092 0.95996 0.11816 0.06445
0 0.37744 0.97803 0.12988 0.04395
0 0.35498 0.8457 0.10059 0.08984
0 0.02686 0.53467 0.05371 0.1377
0 0.0835 0.53125 0.05371 0.08008
0 0.14404 0.22607 0.06348 0.05566
0 0.04395 0.10059 0.05469 0.20117
0 0.19678 0.04639 0.12988 0.09277
0 0.23535 0.06494 0.04688 0.09473
0 0.396 0.06348 0.0752 0.125
0 0.35498 0.28271 0.06934 0.13574
0 0.28857 0.21191 0.05566 0.06445
0 0.24951 0.27148 0.10645 0.07422
0 0.18848 0.4043 0.07422 0.08984
0 0.05957 0.34912 0.07617 0.16699
0 0.32227 0.60254 0.08203 0.08789
0 0.66064 0.0708 0.08301 0.06543
0 0.4707 0.15039 0.08203 0.08398
0 0.54736 0.0332 0.06738 0.06641
0 0.82422 0.05322 0.10352 0.10645
0 0.64795 0.41064 0.12793 0.06934
0 0.50586 0.47607 0.06836 0.14746
0 0.46338 0.74316 0.08301 0.08008
0 0.59375 0.86768 0.08008 0.0752
0 0.79932 0.83154 0.09668 0.08887
0 0.87451 0.66748 0.06934 0.0752
0 0.56738 0.92578 0.21094 0.11523
0 0.94971 0.54541 0.09668 0.12012
0 0.92432 0.43896 0.1416 0.09863
0 0.91895 0.47754 0.07422 0.06641
