0 0.73145 0.65137 0.06641 0.07227
0 0.07178 0.6958 0.08301 0.08301
0 0.39355 0.31787 0.05664 0.09082
0 0.86963 0.95996 0.05176 0.07617
0 0.35498 0.10693 0.10254 0.06543
0 0.10596 0.05615 0.0752 0.09277
0 0.70117 0.04443 0.09375 0.08496
0 0.91406 0.29053 0.06836 0.07324
0 0.44629 0.36084 0.07227 0.12207
0 0.25635 0.0874 0.11426 0.08691
0 0.41846 0.43652 0.09668 0.09961
0 0.12695 0.22656 0.05664 0.08008
0 0.19385 0.37061 0.08691 0.1084
0 0.98096 0.44531 0.03809 0.07617
0 0.59717 0.27783 0.06934 0.06152
0 0.05664 0.32373 0.04492 0.13965
0 0.98535 0.75781 0.02734 0.0918
0 0.46826 0.61963 0.07324 0.08301
0 0.10742 0.3501 0.07227 0.09277
0 0.60107 0.66602 0.04004 0.08203
0 0.47119 0.08936 0.05762 0.07129
0 0.84424 0.37305 0.05957 0.07422
0 0.97949 0.22803 0.04102 0.06934
0 0.84473 0.04297 0.04297 0.08398
0 0.05713 0.11328 0.09863 0.06836
0 0.75977 0.13477 0.0918 0.06641
0 0.53076 0.65674 0.0791 0.09082
0 0.65039 0.08008 0.04297 0.09961
0 0.6001 0.49951 0.1123 0.08691
0 0.68652 0.9751 0.0918 0.0498
0 0.29541 0.97559 0.05371 0.04883
0 0.07812 0.52881 0.07422 0.08887
0 0.45312 0.65381 0.13477 0.06543
0 0.15381 0.50049 0.05762 0.06152
0 0.91455 0.65234 0.12402 0.09961
0 0.58691 0.9668 0.07031 0.04102
0 0.97168 0.2041 0.05664 0.07812
0 0.36377 0.05859 0.0752 0.07812
0 0.51123 0.84473 0.12207 0.11719
0 0.70801 0.44434 0.07617 0.0625
0 0.76611 0.48486 0.06348 0.04004
0 0.61572 0.15234 0.06738 0.05469
0 0.66846 0.81445 0.05566 0.04102
0 0.87598 0.80029 0.06055 0.05176
0 0.20264 0.7334 0.05176 0.03125
0 0.0835 0.67627 0.07129 0.04395
0 0.53223 0.06104 0.19336 0.11426
0 0.2002 0.39258 0.0918 0.06641
0 0.02686 0.88281 0.05371 0.06836
0 0.25684 0.79688 0.05859 0.05664
0 0.31885 0.49316 0.06152 0.07227
0 0.49561 0.96436 0.06152 0.06543
0 0.2832 0.72119 0.10938 0.09082
0 0.94043 0.38721 0.10547 0.05566
0 0.15557 0.43369 0.05527 0.07207
0 0.86328 0.19873 0.09961 0.04199
0 0.14648 0.76562 0.0918 0.04688
0 0.12744 0.72168 0.04199 0.05469
0 0.56348 0.04346 0.13477 0.08691
0 0.58252 0.15479 0.12988 0.09082
0 0.81885 0.39355 0.07324 0.06445
0 0.77051 0.44043 0.04688 0.07422
0 0.93115 0.43018 0.04395 0.09668
0 0.27393 0.44482 0.07129 0.04004
0 0.88281 0.52148 0.06445 0.04297
0 0.53955 0.45557 0.09473 0.06152
0 0.87988 0.46289 0.05469 0.02734
0 0.15967 0.58447 0.12402 0.05176
0 0.64355 0.45215 0.05859 0.03906
0 0.44717 0.76372 0.17441 0.05166
0 0.15674 0.8335 0.04004 0.03027
0 0.24756 0.97803 0.04004 0.04004
0 0.61377 0.03125 0.06934 0.06055
0 0.31885 0.2124 0.16113 0.08496
0 0.54541 0.72949 0.09473 0.04883
0 0.50244 0.87158 0.04785 0.0752
0 0.479 0.69824 0.06543 0.07227
0 0.4502 0.98633 0.0293 0.02734
0 0.87451 0.21533 0.07715 0.03809
0 0.43945 0.02686 0.05664 0.05176
0 0.06299 0.02588 0.07129 0.0498
0 0.77246 0.36963 0.06641 0.05762
0 0.01904 0.94727 0.03613 0.04688
0 0.4917 0.54688 0.08887 0.05078
0 0.16113 0.79639 0.07031 0.04199
0 0.82422 0.7959 0.04102 0.04297
0 0.84326 0.18945 0.19629 0.0625
0 0.95117 0.6792 0.05664 0.0459
