0 0.0415 0.70264 0.08301 0.06934
0 0.0249 0.76367 0.0498 0.05273
0 0.09424 0.83398 0.06152 0.06836
0 0.16406 0.63867 0.08008 0.07617
0 0.19434 0.58936 0.0625 0.06152
0 0.0249 0.98633 0.0498 0.02734
0 0.01514 0.21289 0.03027 0.07617
0 0.00928 0.36426 0.01855 0.06836
0 0.04883 0.35645 0.07422 0.05859
0 0.14746 0.37012 0.07617 0.07617
0 0.15039 0.24512 0.07422 0.0625
0 0.34814 0.21631 0.06348 0.05371
0 0.36475 0.2666 0.07324 0.05664
0 0.25195 0.30762 0.06836 0.07812
0 0.53809 0.23438 0.06641 0.07031
0 0.47314 0.34814 0.09863 0.08301
0 0.57959 0.43945 0.06543 0.0625
0 0.50537 0.479 0.08301 0.0791
0 0.41553 0.84863 0.05957 0.06445
0 0.37744 0.7251 0.08496 0.05957
0 0.6377 0.7959 0.06055 0.0625
0 0.63525 0.85352 0.06152 0.05859
0 0.52686 0.875 0.07324 0.08984
0 0.5459 0.77979 0.0625 0.05762
0 0.55957 0.89844 0.05664 0.05664
0 0.78809 0.79199 0.08398 0.0957
0 0.88037 0.78076 0.08301 0.07715
0 0.41943 0.64893 0.05566 0.05371
0 0.59814 0.68262 0.05762 0.0625
0 0.65771 0.65967 0.06543 0.06348
0 0.7251 0.56445 0.08887 0.08984
0 0.93018 0.646 0.06738 0.07129
0 0.93164 0.72559 0.10938 0.0957
0 0.98486 0.47461 0.03027 0.12695
0 0.97021 0.34277 0.05957 0.07227
0 0.80664 0.41553 0.10547 0.0752
0 0.64941 0.33545 0.07422 0.06738
0 0.63525 0.38574 0.07324 0.05273
0 0.6123 0.22363 0.06836 0.0625
0 0.79004 0.23584 0.07617 0.0791
0 0.93799 0.19629 0.09277 0.08789
0 0.96143 0.0166 0.07715 0.0332
0 0.98877 0.04297 0.02246 0.06055
0 0.75244 0.40137 0.05762 0.0625
