0 0.91504 0.46777 0.07812 0.08398
0 0.48975 0.26318 0.07324 0.07324
0 0.08105 0.25928 0.0957 0.06152
0 0.20068 0.09424 0.05566 0.08301
0 0.24707 0.1709 0.0918 0.04883
0 0.67285 0.16504 0.06641 0.07227
0 0.91846 0.18945 0.09082 0.07617
0 0.58252 0.73535 0.08691 0.08594
0 0.7168 0.26514 0.03711 0.0791
0 0.37451 0.06104 0.09863 0.06348
0 0.15576 0.74658 0.07324 0.08105
0 0.77832 0.08496 0.02734 0.08008
0 0.33447 0.07617 0.08301 0.08398
0 0.1792 0.87939 0.09082 0.0459
0 0.979 0.37695 0.04199 0.08008
0 0.11133 0.06396 0.07422 0.06934
0 0.71338 0.5415 0.05762 0.05176
0 0.40186 0.29834 0.07715 0.06348
0 0.87549 0.35791 0.06348 0.04395
0 0.32178 0.34277 0.10254 0.0625
0 0.50586 0.08838 0.08398 0.04395
0 0.97119 0.9082 0.05762 0.02734
0 0.18896 0.01758 0.09082 0.0332
0 0.31494 0.90137 0.09473 0.04883
0 0.91113 0.28809 0.13867 0.03906
0 0.21875 0.4707 0.08984 0.03125
0 0.81543 0.34277 0.03125 0.06836
0 0.93066 0.57178 0.11133 0.06348
0 0.61475 0.34375 0.05566 0.11719
0 0.60645 0.94287 0.05469 0.06543
0 0.24756 0.56787 0.09668 0.04395
0 0.21729 0.97559 0.06543 0.04492
0 0.40381 0.40234 0.08301 0.05078
0 0.86523 0.47217 0.05859 0.0498
0 0.92725 0.0459 0.06543 0.05664
0 0.39844 0.75098 0.07812 0.04102
0 0.68789 0.68213 0.10664 0.03223
0 0.9458 0.64893 0.05371 0.05762
0 0.15576 0.30127 0.05371 0.03613
0 0.89502 0.24268 0.02832 0.06543
0 0.98389 0.13965 0.03223 0.06641
0 0.38281 0.33057 0.08398 0.04395
0 0.61475 0.45215 0.0498 0.02539
0 0.83057 0.21191 0.03613 0.04688
0 0.62744 0.7002 0.07129 0.02344
0 0.89404 0.64941 0.06934 0.04297
0 0.61914 0.0127 0.0625 0.02344
0 0.01172 0.01562 0.02344 0.03125
0 0.80029 0.54492 0.07324 0.02148
0 0.4585 0.92725 0.05176 0.02441
0 0.39648 0.79932 0.07617 0.04785
0 0.69336 0.03125 0.0918 0.05078
0 0.00732 0.01709 0.01465 0.03418
0 0.82227 0.93506 0.05273 0.03223
0 0.01025 0.9873 0.02051 0.02148
0 0.88184 0.89697 0.03711 0.04785
0 0.91406 0.854 0.08008 0.03809
0 0.76514 0.46924 0.08691 0.06348
0 0.40576 0.96387 0.06934 0.07227
0 0.02881 0.61963 0.05566 0.04785
0 0.33936 0.71289 0.10645 0.03711
0 0.51709 0.94873 0.06934 0.02637
0 0.09229 0.58936 0.06348 0.04785
0 0.55957 0.62109 0.05078 0.03906
0 0.87744 0.58691 0.08105 0.05469
0 0.71631 0.36914 0.04785 0.03516
0 0.87012 0.2832 0.10742 0.05469
0 0.84668 0.74121 0.05078 0.04492
0 0.24854 0.82666 0.06738 0.03027
0 0.42725 0.16113 0.08691 0.07227
0 0.09619 0.98242 0.04199 0.03516
