0 0.99219 0.03564 0.01562 0.07129
0 0.57422 0.0498 0.08984 0.09961
0 0.37305 0.06689 0.0918 0.09668
0 0.73193 0.27148 0.0791 0.10352
0 0.76367 0.4834 0.11523 0.09961
0 0.87939 0.65771 0.1084 0.16895
0 0.65186 0.65625 0.10449 0.15039
0 0.63184 0.89502 0.09961 0.15918
0 0.51318 0.37109 0.1084 0.08789
0 0.29541 0.25977 0.08887 0.08398
0 0.46826 0.25 0.08105 0.08008
0 0.3291 0.62402 0.0957 0.09375
0 0.38232 0.9126 0.08105 0.14551
0 0.28613 0.73145 0.10352 0.09961
0 0.08496 0.92725 0.16992 0.1377
0 0.70557 0.01953 0.06738 0.03906
0 0.04541 0.0249 0.09082 0.0498
0 0.03027 0.13525 0.06055 0.10059
0 0.86133 0.24414 0.08203 0.06055
0 0.94775 0.03906 0.10254 0.07812
0 0.64209 0.4126 0.08887 0.05371
0 0.37158 0.49023 0.0752 0.05469
0 0.25146 0.38623 0.06738 0.04785
0 0.16064 0.38184 0.06543 0.05469
0 0.05176 0.3667 0.08984 0.0752
0 0.03174 0.50293 0.06348 0.06055
0 0.42139 0.61768 0.06348 0.05762
0 0.52881 0.57373 0.09668 0.13184
0 0.94043 0.68018 0.07422 0.09863
0 0.69727 0.87354 0.04688 0.05762
0 0.78467 0.92432 0.11035 0.08105
0 0.96289 0.91504 0.07422 0.05859
0 0.94824 0.96875 0.10352 0.0625
0 0.25928 0.86426 0.06348 0.04883
0 0.03955 0.8335 0.07715 0.05957
0 0.8291 0.14941 0.04688 0.03125
0 0.47803 0.15967 0.05762 0.0459
