0 0.07666 0.04639 0.05176 0.05566
0 0.09766 0.1499 0.03125 0.04199
0 0.0918 0.33252 0.05078 0.08691
0 0.21484 0.20361 0.03125 0.0752
0 0.26709 0.28467 0.02832 0.0791
0 0.20801 0.42285 0.07031 0.06641
0 0.20312 0.6001 0.0625 0.0459
0 0.17969 0.67334 0.04297 0.08691
0 0.08105 0.67578 0.03125 0.06055
0 0.41064 0.17188 0.04395 0.10938
0 0.53613 0.28027 0.0332 0.02539
0 0.43896 0.33643 0.03809 0.03223
0 0.50781 0.35254 0.05664 0.04102
0 0.69141 0.31494 0.04688 0.06543
0 0.76611 0.35156 0.02441 0.04688
0 0.87109 0.44678 0.03906 0.05762
0 0.96924 0.56445 0.04785 0.05664
0 0.42139 0.51611 0.02441 0.05566
0 0.48828 0.50684 0.0332 0.05469
0 0.48779 0.56738 0.05371 0.07422
0 0.58496 0.55664 0.0332 0.05859
0 0.60205 0.55127 0.03418 0.0459
0 0.46094 0.68896 0.04492 0.09082
0 0.91797 0.60693 0.04102 0.04004
0 0.80225 0.62793 0.0459 0.04297
0 0.78076 0.11572 0.03223 0.03027
0 0.05957 0.91016 0.05859 0.05664
0 0.12061 0.81836 0.03809 0.04883
0 0.24707 0.87207 0.04297 0.0625
0 0.31396 0.97021 0.06543 0.0498
0 0.35742 0.93457 0.04297 0.06055
0 0.61865 0.96924 0.03613 0.06152
0 0.5293 0.8877 0.04883 0.03125
0 0.67578 0.84375 0.0293 0.05273
0 0.59766 0.77686 0.04492 0.05371
0 0.78857 0.89648 0.04004 0.04688
0 0.73535 0.92285 0.05078 0.03516
0 0.91992 0.90283 0.08398 0.06543
0 0.58154 0.88037 0.02441 0.03418
0 0.69043 0.10938 0.05273 0.04883
0 0.7002 0.03662 0.07031 0.05176
