0 0.77148 0.02686 0.05664 0.05371
0 0.83984 0.0918 0.0918 0.11133
0 0.53906 0.13721 0.16016 0.11426
0 0.30078 0.21045 0.11523 0.13184
0 0.11865 0.12793 0.10254 0.0918
0 0.09375 0.33008 0.12109 0.17578
0 0.05762 0.51807 0.11523 0.07129
0 0.11572 0.63037 0.12988 0.08105
0 0.35938 0.32812 0.12305 0.08008
0 0.54639 0.44043 0.17871 0.13086
0 0.67871 0.41016 0.12305 0.15234
0 0.68896 0.2085 0.09082 0.09082
0 0.94287 0.37256 0.11426 0.07715
0 0.95166 0.44678 0.06934 0.09082
0 0.60986 0.84082 0.07129 0.09766
0 0.50342 0.87061 0.09668 0.12012
0 0.12939 0.86523 0.12207 0.12305
0 0.49805 0.97266 0.11719 0.05469
