0 0.92969 0.08984 0.07227 0.07031
0 0.84717 0.13574 0.08691 0.07422
0 0.73779 0.08887 0.07129 0.08203
0 0.70557 0.03711 0.06543 0.05469
0 0.64502 0.07959 0.08301 0.0791
0 0.59082 0.05322 0.04297 0.05957
0 0.59619 0.14648 0.08887 0.08594
0 0.34229 0.08252 0.10254 0.11426
0 0.47559 0.09961 0.09375 0.06055
0 0.48242 0.16211 0.06445 0.06445
0 0.15381 0.18506 0.08887 0.07324
0 0.28223 0.17871 0.0625 0.05078
0 0.47998 0.32959 0.08496 0.06543
0 0.23389 0.375 0.07715 0.09375
0 0.27637 0.42285 0.08789 0.07031
0 0.22266 0.46973 0.09375 0.07812
0 0.33643 0.53076 0.08887 0.06152
0 0.58545 0.52197 0.0752 0.06738
0 0.69043 0.52197 0.08203 0.06348
0 0.91016 0.35889 0.08789 0.10449
0 0.93848 0.46631 0.07227 0.06738
0 0.93701 0.60205 0.05762 0.06934
0 0.66797 0.62451 0.0625 0.07324
0 0.41309 0.58838 0.06836 0.06543
0 0.37988 0.5542 0.04883 0.06348
0 0.4292 0.63037 0.07715 0.08105
0 0.39062 0.67236 0.07031 0.07129
0 0.42969 0.75 0.08789 0.08398
0 0.51904 0.72998 0.07129 0.07715
0 0.60498 0.72998 0.09473 0.0752
0 0.66357 0.75586 0.07129 0.05078
0 0.6333 0.81934 0.05762 0.05273
0 0.35059 0.91895 0.10156 0.08008
0 0.50244 0.95459 0.1123 0.07324
0 0.91309 0.95605 0.0625 0.05078
0 0.9043 0.76172 0.10352 0.07227
0 0.93262 0.70166 0.05078 0.05371
0 0.79834 0.70996 0.0752 0.08594
0 0.74561 0.67773 0.06738 0.07031
0 0.77832 0.77148 0.07227 0.0625
0 0.19385 0.64307 0.07715 0.07715
0 0.12109 0.66699 0.07031 0.05469
0 0.02344 0.58594 0.04492 0.08594
0 0.11963 0.7793 0.08496 0.0918
0 0.99365 0.64746 0.0127 0.02734
0 0.90576 0.56152 0.04199 0.04883
