0 0.27441 0.32275 0.14258 0.06543
0 0.13721 0.13037 0.06738 0.08496
0 0.24463 0.10303 0.06348 0.08887
0 0.74072 0.24268 0.08691 0.06348
0 0.68799 0.39404 0.15723 0.08887
0 0.75635 0.3877 0.20996 0.08789
0 0.52246 0.53564 0.13477 0.06348
0 0.06543 0.57861 0.13086 0.09277
0 0.26709 0.64893 0.10059 0.08691
0 0.35791 0.59424 0.06348 0.0752
0 0.57129 0.63428 0.15234 0.06934
0 0.6084 0.71191 0.13281 0.10938
0 0.7207 0.75049 0.11133 0.09082
0 0.54688 0.81299 0.10938 0.08496
0 0.68018 0.86182 0.12012 0.10645
0 0.7793 0.94629 0.10156 0.10156
0 0.40039 0.98047 0.10547 0.03906
0 0.95361 0.69238 0.09277 0.14844
0 0.92139 0.80273 0.10645 0.10156
0 0.97021 0.39258 0.05957 0.10547
0 0.93311 0.15332 0.09863 0.0918
0 0.85791 0.02295 0.09082 0.0459
