0 0.1582 0.07178 0.07812 0.08496
0 0.1001 0.26318 0.08301 0.06348
0 0.18848 0.26172 0.10156 0.07422
0 0.14453 0.52246 0.06641 0.07227
0 0.1167 0.59131 0.09473 0.06543
0 0.22559 0.62109 0.06836 0.08398
0 0.16992 0.66895 0.06836 0.07812
0 0.08838 0.72314 0.08301 0.08301
0 0.04395 0.64502 0.08789 0.06348
0 0.01855 0.69824 0.03711 0.06641
0 0.09424 0.86963 0.06738 0.1084
0 0.5918 0.97119 0.05664 0.05762
0 0.5835 0.91699 0.10645 0.06836
0 0.98486 0.85352 0.03027 0.06445
0 0.94629 0.85693 0.05859 0.06738
0 0.91943 0.81006 0.06543 0.06934
0 0.93506 0.73438 0.06934 0.07812
0 0.84326 0.7915 0.06934 0.04785
0 0.85498 0.72363 0.09277 0.09766
0 0.7085 0.69434 0.06934 0.09961
0 0.81201 0.5918 0.08301 0.08984
0 0.94336 0.59766 0.10156 0.09766
0 0.64551 0.74414 0.04492 0.06445
0 0.40283 0.80469 0.08496 0.07812
0 0.29004 0.76465 0.07031 0.07227
0 0.42383 0.69922 0.08203 0.07617
0 0.47266 0.78076 0.07422 0.08887
0 0.53467 0.77441 0.06934 0.08398
0 0.5874 0.68799 0.09668 0.1123
0 0.24414 0.84619 0.06055 0.05762
0 0.39502 0.59033 0.08301 0.07715
0 0.55908 0.51758 0.09473 0.11328
0 0.76416 0.4375 0.0752 0.07031
0 0.72314 0.33105 0.07324 0.06641
0 0.36865 0.29199 0.07324 0.07422
0 0.7666 0.20605 0.06836 0.0625
0 0.76123 0.26416 0.06934 0.06348
0 0.49023 0.14014 0.12109 0.08496
0 0.3125 0.20361 0.08594 0.08105
0 0.78955 0.15723 0.06738 0.07031
0 0.91797 0.10303 0.08008 0.07129
0 0.34033 0.03174 0.0752 0.06348
0 0.74365 0.59961 0.06348 0.06641
0 0.8418 0.03467 0.07422 0.05762
0 0.5625 0.72803 0.08008 0.11816
0 0.09277 0.49121 0.05273 0.0625
0 0.09277 0.5498 0.05273 0.03906
0 0.00977 0.34912 0.01953 0.0752
0 0.40186 0.01367 0.06738 0.02734
