0 0.64209 0.31201 0.09082 0.10449
0 0.26611 0.521 0.09277 0.09277
0 0.97363 0.11572 0.05273 0.14746
0 0.80762 0.53662 0.05273 0.05957
0 0.25977 0.32031 0.06641 0.07227
0 0.82031 0.96973 0.09375 0.05859
0 0.47266 0.61426 0.05664 0.07227
0 0.85693 0.22314 0.0752 0.08691
0 0.93262 0.97021 0.0625 0.05762
0 0.21191 0.86328 0.06055 0.07227
0 0.92334 0.57471 0.07324 0.09473
0 0.74951 0.72168 0.0791 0.13477
0 0.54053 0.40088 0.06348 0.11426
0 0.10596 0.7959 0.08301 0.08203
0 0.04443 0.96924 0.06934 0.05762
0 0.24512 0.76172 0.08594 0.08398
0 0.40332 0.74707 0.08203 0.07031
0 0.62695 0.19189 0.0625 0.0752
0 0.92285 0.31445 0.03711 0.06445
0 0.58447 0.69824 0.06934 0.08203
0 0.76074 0.4082 0.0625 0.08203
0 0.17773 0.52393 0.04688 0.08496
0 0.56934 0.5127 0.06055 0.05859
0 0.37646 0.34912 0.07715 0.08105
0 0.27002 0.17041 0.05371 0.09082
0 0.26221 0.67334 0.0752 0.06738
0 0.02686 0.50781 0.0498 0.0625
0 0.89941 0.6499 0.06055 0.0752
0 0.2749 0.83252 0.0498 0.05762
0 0.96729 0.36035 0.06543 0.10742
0 0.14453 0.04492 0.06836 0.08984
0 0.05664 0.28906 0.03516 0.0625
0 0.04443 0.20752 0.05176 0.06934
0 0.01758 0.28906 0.03516 0.08984
0 0.42969 0.2207 0.07031 0.13281
0 0.37061 0.20068 0.07715 0.07715
0 0.31006 0.03711 0.05371 0.06836
0 0.34131 0.07666 0.0498 0.09277
0 0.34717 0.15625 0.04785 0.10742
0 0.41699 0.35986 0.06445 0.08496
0 0.54688 0.29932 0.06055 0.06543
0 0.73096 0.36328 0.05762 0.06836
0 0.52148 0.62598 0.05078 0.05078
0 0.47168 0.67773 0.06641 0.04883
0 0.54199 0.66357 0.07812 0.09277
0 0.3999 0.90479 0.08496 0.06543
0 0.28467 0.96582 0.05176 0.0625
0 0.79004 0.82031 0.0625 0.06836
0 0.63428 0.4917 0.11035 0.09473
0 0.94824 0.11572 0.07812 0.12207
0 0.97217 0.28076 0.05566 0.07715
0 0.87695 0.52051 0.08008 0.07227
