0 0.98096 0.70166 0.03809 0.08887
0 0.12451 0.71826 0.06934 0.09668
0 0.76465 0.62793 0.10938 0.05859
0 0.08154 0.28125 0.0791 0.07031
0 0.37744 0.40234 0.08887 0.08203
0 0.9209 0.89062 0.07812 0.10938
0 0.68799 0.54004 0.06152 0.08008
0 0.44189 0.04541 0.08496 0.08105
0 0.57422 0.95361 0.07422 0.07129
0 0.49854 0.11475 0.09863 0.07324
0 0.2207 0.62646 0.08008 0.05371
0 0.48389 0.16211 0.0791 0.09375
0 0.40283 0.21045 0.11035 0.0791
0 0.12256 0.07129 0.11426 0.06836
0 0.65332 0.12256 0.09375 0.09473
0 0.15088 0.04199 0.04199 0.08398
0 0.87256 0.59814 0.08105 0.07324
0 0.75732 0.19678 0.08105 0.09668
0 0.37695 0.6416 0.10742 0.0625
0 0.83984 0.09814 0.08008 0.05957
0 0.05078 0.52686 0.09961 0.09668
0 0.32275 0.67236 0.07324 0.12402
0 0.95654 0.3667 0.08691 0.05176
0 0.62744 0.33154 0.06934 0.05957
0 0.92627 0.05029 0.0459 0.10059
0 0.24023 0.17188 0.13281 0.06836
0 0.3208 0.83008 0.09277 0.04492
0 0.07227 0.97217 0.14062 0.05371
0 0.79883 0.90576 0.05469 0.12207
0 0.50879 0.2334 0.13867 0.14258
0 0.5542 0.03613 0.11816 0.07031
0 0.31348 0.58301 0.08594 0.05469
0 0.97266 0.58691 0.05469 0.12891
0 0.29395 0.04541 0.07227 0.0498
0 0.20215 0.0249 0.07227 0.0498
0 0.5 0.97119 0.09375 0.05762
0 0.49512 0.36914 0.09375 0.07422
0 0.43701 0.36572 0.08887 0.05176
0 0.24316 0.34277 0.04102 0.08398
0 0.63184 0.81348 0.08398 0.03125
0 0.32031 0.22607 0.0918 0.04004
0 0.02979 0.57861 0.05762 0.0498
0 0.79639 0.19336 0.08691 0.06836
0 0.94385 0.95312 0.1123 0.06055
0 0.53174 0.76562 0.09668 0.03125
0 0.33496 0.72803 0.08789 0.03223
0 0.52686 0.35791 0.07129 0.04395
0 0.31104 0.16797 0.06934 0.07031
0 0.3916 0.45312 0.05078 0.04492
0 0.20703 0.76221 0.05469 0.03223
0 0.15723 0.93848 0.12891 0.04102
0 0.71045 0.90918 0.12598 0.08594
0 0.1958 0.48438 0.13574 0.125
0 0.57715 0.20605 0.14062 0.12109
0 0.42578 0.99316 0.0625 0.01367
0 0.979 0.33545 0.04199 0.02637
0 0.05615 0.31836 0.10449 0.04297
0 0.68252 0.68154 0.10176 0.08184
0 0.74658 0.81836 0.05957 0.0293
0 0.65625 0.78418 0.02734 0.06445
0 0.84229 0.51562 0.0791 0.06445
0 0.5127 0.87354 0.11719 0.03613
0 0.2998 0.78809 0.0625 0.0625
0 0.32227 0.03369 0.04297 0.06543
0 0.69824 0.06787 0.11914 0.05371
0 0.57568 0.52783 0.1416 0.04785
0 0.27832 0.84668 0.16211 0.04102
0 0.04248 0.77002 0.08301 0.06152
0 0.02441 0.1333 0.04688 0.07324
0 0.16455 0.89697 0.05566 0.04004
0 0.83936 0.50342 0.06934 0.03809
0 0.2627 0.94189 0.13672 0.11621
0 0.02783 0.88281 0.0498 0.03906
0 0.09619 0.14844 0.07715 0.09961
0 0.76465 0.96582 0.11523 0.05078
