0 0.37549 0.19092 0.12988 0.09668
0 0.73828 0.03906 0.13281 0.07812
0 0.22852 0.74219 0.10938 0.08008
0 0.23438 0.13672 0.14062 0.10742
0 0.95605 0.55908 0.08789 0.11426
0 0.28223 0.32227 0.16016 0.13477
0 0.42334 0.06445 0.09277 0.07227
0 0.26318 0.52783 0.19238 0.14746
0 0.5835 0.33447 0.18262 0.11426
0 0.68213 0.76221 0.06934 0.08496
0 0.65723 0.11572 0.09961 0.07715
0 0.50342 0.86084 0.06738 0.07715
0 0.4082 0.97461 0.0918 0.05078
0 0.60693 0.96484 0.15527 0.07031
0 0.49756 0.02344 0.10449 0.04688
0 0.06396 0.63574 0.12207 0.15625
0 0.77344 0.87158 0.08984 0.08301
