0 0.97314 0.70508 0.05371 0.09766
0 0.53418 0.0459 0.04492 0.08984
0 0.06494 0.26318 0.05371 0.09863
0 0.11426 0.54736 0.06641 0.10645
0 0.18408 0.88184 0.07129 0.08789
0 0.34668 0.35205 0.05469 0.08887
0 0.95947 0.29346 0.04785 0.0791
0 0.3584 0.25049 0.06641 0.09082
0 0.96582 0.07324 0.06836 0.07617
0 0.17822 0.15381 0.0498 0.1377
0 0.12549 0.12109 0.0791 0.10938
0 0.10303 0.43604 0.08887 0.14551
0 0.70801 0.3208 0.05664 0.09082
0 0.52832 0.25391 0.07031 0.09375
0 0.83057 0.82227 0.07324 0.06641
0 0.96289 0.55566 0.03516 0.10547
0 0.27588 0.04541 0.09473 0.04199
0 0.54639 0.67236 0.04785 0.07324
0 0.08887 0.20996 0.05859 0.08398
0 0.56055 0.58496 0.05078 0.06641
0 0.77637 0.59521 0.0332 0.08301
0 0.62354 0.27979 0.06738 0.06934
0 0.97314 0.83496 0.03613 0.11914
0 0.88672 0.52197 0.04297 0.08301
0 0.0835 0.6582 0.05957 0.06641
0 0.90381 0.05371 0.03223 0.08984
0 0.41064 0.06201 0.05762 0.06348
0 0.95068 0.89697 0.0791 0.06934
0 0.31787 0.39648 0.07324 0.0625
0 0.77783 0.04736 0.02832 0.06152
0 0.58594 0.42627 0.05859 0.0459
0 0.5542 0.96973 0.0498 0.06055
0 0.79785 0.37207 0.06445 0.06836
0 0.61963 0.77197 0.05566 0.0498
0 0.07373 0.98291 0.06543 0.03418
0 0.70361 0.77734 0.04199 0.07031
0 0.62695 0.14551 0.04688 0.07422
0 0.77051 0.95947 0.02539 0.07715
0 0.13965 0.81348 0.06641 0.06055
0 0.23486 0.28223 0.05957 0.05078
0 0.56982 0.21777 0.08691 0.06836
0 0.51855 0.82373 0.0625 0.05566
0 0.03809 0.02441 0.04492 0.04688
0 0.19482 0.26855 0.06543 0.07227
0 0.46973 0.89404 0.04102 0.09668
0 0.20605 0.75439 0.04297 0.04785
0 0.98633 0.9541 0.02734 0.05273
0 0.51318 0.98633 0.04004 0.02734
0 0.62793 0.98438 0.06836 0.03125
0 0.78564 0.50098 0.06934 0.0957
0 0.6377 0.69238 0.04102 0.07812
0 0.5708 0.84619 0.05762 0.02441
0 0.51416 0.95068 0.05176 0.05566
0 0.98438 0.6416 0.03125 0.0625
0 0.80322 0.5293 0.06543 0.05469
0 0.27588 0.68945 0.06934 0.04492
0 0.27002 0.63672 0.03809 0.03906
0 0.22559 0.6377 0.07031 0.07227
0 0.271 0.59814 0.11035 0.10449
0 0.29102 0.54346 0.08594 0.11621
0 0.33887 0.51562 0.03711 0.05859
