0 0.01855 0.87012 0.03711 0.14062
0 0.12305 0.9209 0.11719 0.05664
0 0.08691 0.57178 0.07227 0.11621
0 0.10449 0.09131 0.13086 0.11621
0 0.14258 0.18848 0.13867 0.08789
0 0.25537 0.20801 0.1377 0.05859
0 0.20068 0.04395 0.0752 0.08789
0 0.23145 0.01953 0.04883 0.03906
0 0.55225 0.04541 0.09277 0.06738
0 0.44385 0.06641 0.12012 0.10938
0 0.41357 0.24219 0.05371 0.07031
0 0.48828 0.30518 0.0957 0.06543
0 0.81396 0.19092 0.11621 0.09668
0 0.74219 0.10986 0.07422 0.06152
0 0.95752 0.03613 0.0791 0.07227
0 0.56348 0.41699 0.07617 0.07812
0 0.67676 0.43213 0.0918 0.14941
0 0.75977 0.40967 0.05859 0.07715
0 0.93994 0.29395 0.07715 0.0918
0 0.92773 0.59033 0.09961 0.07129
0 0.12012 0.46729 0.10156 0.0791
0 0.1709 0.36084 0.11719 0.06738
0 0.2876 0.5127 0.0752 0.08594
0 0.29492 0.59961 0.05859 0.09961
0 0.2124 0.70508 0.06934 0.1582
0 0.26611 0.7002 0.10449 0.16602
0 0.37842 0.68018 0.0791 0.11426
0 0.49268 0.63867 0.08105 0.10938
0 0.45654 0.47705 0.10254 0.14551
0 0.59863 0.56934 0.05469 0.10938
0 0.67871 0.55078 0.07227 0.10742
0 0.72314 0.68701 0.16504 0.11426
0 0.88428 0.82617 0.07715 0.27539
0 0.78857 0.84814 0.09082 0.23926
0 0.47314 0.90674 0.05176 0.05566
0 0.33447 0.93359 0.07324 0.08789
0 0.04492 0.854 0.07812 0.05762
0 0.48096 0.51318 0.10645 0.06934
0 0.45996 0.67969 0.07422 0.06445
0 0.53662 0.67139 0.14941 0.20215
0 0.24414 0.87207 0.0957 0.18945
