0 0.84424 0.48926 0.06348 0.08789
0 0.57764 0.61768 0.10254 0.05957
0 0.92334 0.14648 0.06152 0.0918
0 0.04248 0.32715 0.08301 0.12695
0 0.46045 0.53711 0.07324 0.08398
0 0.56787 0.46875 0.07324 0.06641
0 0.88721 0.80713 0.09082 0.06934
0 0.53613 0.20312 0.04883 0.10938
0 0.26953 0.92188 0.08594 0.08398
0 0.8042 0.80176 0.07324 0.07617
0 0.33691 0.23486 0.08203 0.11035
0 0.22559 0.04297 0.08398 0.08398
0 0.86963 0.11279 0.05957 0.09277
0 0.82227 0.74561 0.07422 0.0791
0 0.44043 0.38672 0.08398 0.08203
0 0.35156 0.48828 0.10156 0.08203
0 0.66504 0.73975 0.07227 0.1123
0 0.49365 0.65967 0.08887 0.09082
0 0.18066 0.53418 0.10156 0.10156
0 0.40527 0.11035 0.0918 0.08594
0 0.25195 0.3208 0.11328 0.10449
0 0.78223 0.96826 0.05859 0.05957
0 0.76709 0.30664 0.0791 0.09766
0 0.6709 0.79395 0.06836 0.05078
0 0.96631 0.7334 0.06738 0.05273
0 0.09424 0.43213 0.09277 0.07129
0 0.2876 0.52734 0.10059 0.08203
0 0.26221 0.83984 0.08691 0.08398
0 0.04102 0.19922 0.08203 0.07422
0 0.09229 0.74805 0.08105 0.07617
0 0.14746 0.30811 0.08789 0.1084
0 0.39111 0.04102 0.06934 0.08203
0 0.04053 0.13135 0.08105 0.09863
0 0.80273 0.49414 0.07031 0.06445
0 0.25635 0.25 0.08105 0.08594
0 0.67725 0.63184 0.05762 0.08008
0 0.74658 0.60303 0.06738 0.04199
0 0.57617 0.74268 0.0625 0.05957
0 0.96924 0.04492 0.0498 0.08008
0 0.04102 0.8335 0.08008 0.05957
0 0.20654 0.67773 0.0752 0.05078
0 0.29346 0.4751 0.08105 0.06934
0 0.26221 0.7749 0.06152 0.08887
0 0.75488 0.11719 0.14258 0.06836
0 0.18994 0.4624 0.09082 0.0752
0 0.03027 0.59766 0.06055 0.0625
0 0.86816 0.98291 0.03906 0.03418
0 0.7749 0.021 0.03809 0.04199
0 0.23535 0.97607 0.08203 0.04395
0 0.14697 0.32227 0.0752 0.08594
0 0.24121 0.36572 0.08008 0.10254
0 0.60693 0.89502 0.03027 0.09277
0 0.3584 0.30908 0.07422 0.09863
0 0.08008 0.97998 0.08594 0.03613
0 0.16553 0.19873 0.06738 0.07129
0 0.9751 0.03223 0.0498 0.06445
0 0.02686 0.70068 0.05371 0.06152
0 0.29199 0.03027 0.04688 0.05859
0 0.45508 0.34326 0.13477 0.10254
0 0.66992 0.59668 0.05859 0.05664
0 0.22998 0.41064 0.08496 0.05957
0 0.88086 0.23047 0.04883 0.04297
0 0.27734 0.0293 0.04883 0.05859
0 0.71191 0.9873 0.03906 0.02539
0 0.14648 0.15088 0.08398 0.09277
0 0.51904 0.30518 0.10059 0.1416
0 0.66748 0.04346 0.09082 0.08496
0 0.16455 0.37451 0.07715 0.06543
0 0.41992 0.31104 0.07227 0.08887
