0 0.39893 0.05176 0.08105 0.08789
0 0.89111 0.08301 0.06543 0.10547
0 0.43164 0.39551 0.0957 0.07422
0 0.98193 0.07568 0.03613 0.10449
0 0.38086 0.2168 0.10938 0.05664
0 0.29053 0.10791 0.1084 0.11426
0 0.84033 0.35742 0.0791 0.05273
0 0.76611 0.76172 0.10449 0.05273
0 0.41064 0.94287 0.10449 0.05176
0 0.58301 0.96533 0.06641 0.06934
0 0.74854 0.13672 0.09473 0.07227
0 0.07568 0.79541 0.1416 0.05762
0 0.604 0.06104 0.08887 0.09082
0 0.49316 0.08838 0.0957 0.04395
0 0.90283 0.27051 0.10059 0.04102
0 0.56104 0.41602 0.09082 0.0918
0 0.90918 0.35156 0.08398 0.08008
0 0.46143 0.1626 0.12988 0.0498
0 0.63525 0.97266 0.07715 0.05469
0 0.09961 0.05371 0.07422 0.05469
0 0.55664 0.68799 0.08984 0.08301
0 0.11768 0.12061 0.12402 0.05566
0 0.24365 0.79004 0.1416 0.06445
0 0.55371 0.73486 0.07031 0.05762
0 0.10498 0.4209 0.0752 0.04297
0 0.24072 0.85645 0.09082 0.04102
0 0.61475 0.36621 0.08105 0.08203
0 0.57715 0.81152 0.0918 0.03516
0 0.56641 0.08984 0.06641 0.08398
0 0.25635 0.12158 0.0752 0.09863
0 0.16943 0.68896 0.05176 0.11426
0 0.2124 0.92725 0.08301 0.05957
0 0.77979 0.3916 0.11426 0.08594
0 0.68164 0.37646 0.14844 0.08691
0 0.7793 0.80518 0.06445 0.04395
0 0.66797 0.48584 0.09961 0.05371
0 0.57178 0.28955 0.18262 0.08887
0 0.48584 0.22461 0.11035 0.03711
0 0.30762 0.45508 0.13672 0.10156
0 0.10449 0.03418 0.07227 0.06641
0 0.29199 0.96729 0.08398 0.05762
0 0.77832 0.07959 0.06445 0.15332
0 0.52832 0.96582 0.11914 0.06836
0 0.0166 0.50781 0.0332 0.03906
0 0.91797 0.46094 0.14648 0.06641
0 0.2666 0.98096 0.05859 0.03809
0 0.94434 0.13281 0.05469 0.03516
0 0.37891 0.33789 0.08984 0.05859
0 0.99219 0.32715 0.01562 0.10742
0 0.53418 0.46436 0.10352 0.04785
0 0.91602 0.83936 0.08398 0.0459
0 0.02441 0.45557 0.04883 0.03809
0 0.93506 0.46143 0.12988 0.0752
0 0.35498 0.30322 0.08105 0.05371
0 0.13184 0.73926 0.0918 0.05273
0 0.11035 0.61475 0.07812 0.12012
0 0.08691 0.97998 0.17188 0.04004
0 0.22949 0.83789 0.09961 0.04297
0 0.21045 0.45117 0.08691 0.05078
0 0.02881 0.82031 0.05762 0.05273
0 0.57617 0.79541 0.08984 0.03223
0 0.06396 0.58105 0.1084 0.04297
0 0.72559 0.68896 0.07031 0.05762
0 0.91602 0.36328 0.08008 0.07031
0 0.70752 0.63525 0.12207 0.0459
0 0.7998 0.97168 0.16211 0.05469
0 0.05518 0.53027 0.11035 0.04297
0 0.38721 0.47461 0.09082 0.05664
0 0.44727 0.47363 0.08789 0.05078
0 0.9043 0.50586 0.09961 0.04883
0 0.57422 0.50293 0.0625 0.03711
0 0.26855 0.31934 0.13672 0.10156
0 0.24951 0.39355 0.05762 0.04883
0 0.97266 0.32422 0.03516 0.04297
0 0.97461 0.24023 0.05078 0.04102
0 0.30566 0.0708 0.06641 0.04785
0 0.01855 0.35352 0.03711 0.04688
0 0.28027 0.04834 0.13086 0.09668
0 0.01709 0.12939 0.03418 0.05176
