0 0.35791 0.66992 0.06348 0.06445
0 0.09766 0.56348 0.09766 0.22461
0 0.28369 0.01367 0.10059 0.02734
0 0.77441 0.36963 0.10352 0.11816
0 0.58154 0.26855 0.07715 0.06836
0 0.38672 0.01221 0.08398 0.02441
0 0.91797 0.60645 0.16406 0.11719
0 0.54688 0.7793 0.0625 0.06641
0 0.60059 0.70459 0.09766 0.11426
0 0.0835 0.89404 0.16699 0.0752
0 0.54199 0.11963 0.0918 0.18652
0 0.25 0.09277 0.12891 0.17383
0 0.60107 0.14844 0.07715 0.14648
0 0.05664 0.08105 0.10742 0.12305
0 0.94824 0.92383 0.10352 0.11133
0 0.86572 0.15381 0.10059 0.11035
0 0.67822 0.50537 0.09473 0.09082
0 0.30322 0.94727 0.10254 0.08789
0 0.85107 0.47754 0.09082 0.17969
0 0.42676 0.27588 0.0957 0.13574
0 0.78027 0.06494 0.17969 0.12988
0 0.23975 0.96484 0.13965 0.06836
0 0.33301 0.92285 0.12305 0.13281
0 0.8042 0.82568 0.07715 0.07715
0 0.02344 0.3833 0.04688 0.08691
0 0.82324 0.40332 0.16406 0.0918
0 0.47754 0.07812 0.0918 0.10938
0 0.16797 0.0625 0.08594 0.11719
0 0.91553 0.0542 0.11621 0.06934
0 0.55371 0.0332 0.07617 0.06641
