0 0.11963 0.14258 0.11621 0.04688
0 0.48975 0.50928 0.08105 0.06738
0 0.30273 0.84473 0.11719 0.04883
0 0.25293 0.47852 0.08398 0.0918
0 0.22168 0.5 0.15625 0.05078
0 0.2666 0.18115 0.12305 0.06738
0 0.5083 0.98047 0.09668 0.03516
0 0.60889 0.19287 0.08496 0.0752
0 0.68018 0.01953 0.10254 0.03906
0 0.06592 0.28516 0.13184 0.06641
0 0.93945 0.25439 0.06836 0.0498
0 0.94775 0.82178 0.10449 0.05762
0 0.46924 0.41846 0.09863 0.13379
0 0.55664 0.65039 0.07422 0.03125
0 0.42871 0.93262 0.08398 0.07617
0 0.70508 0.15381 0.06055 0.05566
0 0.31885 0.60156 0.1084 0.04883
0 0.75928 0.21143 0.19238 0.05566
0 0.24658 0.79395 0.06348 0.04102
0 0.93701 0.96045 0.0752 0.0459
0 0.91602 0.84473 0.06641 0.05273
0 0.30713 0.14258 0.0752 0.08398
0 0.49414 0.89746 0.16992 0.05664
0 0.86426 0.17969 0.08594 0.0625
0 0.56494 0.82373 0.09277 0.03613
0 0.69092 0.81348 0.04199 0.10742
0 0.31104 0.2793 0.10059 0.03906
0 0.32275 0.63232 0.10254 0.03613
0 0.77002 0.16016 0.05762 0.0332
0 0.39404 0.37207 0.10449 0.07812
0 0.24219 0.24902 0.07422 0.05078
0 0.67432 0.55811 0.0791 0.06152
0 0.55908 0.35547 0.08301 0.03711
0 0.04199 0.4541 0.08203 0.04883
0 0.24658 0.93994 0.08887 0.06543
0 0.72412 0.5083 0.09668 0.05371
0 0.49365 0.87695 0.12012 0.0332
0 0.9209 0.19092 0.11523 0.09668
0 0.60156 0.87451 0.12109 0.04004
0 0.28418 0.97754 0.2168 0.04492
0 0.09375 0.5415 0.1875 0.08301
0 0.01318 0.54053 0.02441 0.03027
0 0.56787 0.62695 0.08887 0.04297
0 0.91357 0.78369 0.10059 0.05176
0 0.15771 0.35107 0.05176 0.09668
0 0.8584 0.24512 0.05273 0.03906
0 0.55664 0.8418 0.08398 0.0293
0 0.32861 0.01514 0.04785 0.02832
0 0.75928 0.86279 0.07715 0.04395
0 0.09814 0.50244 0.11816 0.06934
0 0.62256 0.61377 0.15527 0.04395
0 0.36719 0.79688 0.08203 0.04492
0 0.02197 0.48438 0.04395 0.0332
0 0.34131 0.11328 0.1709 0.08789
0 0.97803 0.88916 0.04004 0.04395
0 0.62354 0.08252 0.10645 0.05371
