0 0.60107 0.2251 0.06152 0.09082
0 0.2627 0.36084 0.10742 0.06152
0 0.28564 0.7334 0.12012 0.06641
0 0.83594 0.04248 0.0918 0.08301
0 0.44873 0.84668 0.04785 0.07617
0 0.0376 0.14893 0.0752 0.05566
0 0.15137 0.70508 0.10156 0.05859
0 0.81885 0.79492 0.08887 0.04883
0 0.37109 0.45068 0.10938 0.07129
0 0.90918 0.13574 0.125 0.06055
0 0.01123 0.06934 0.02246 0.04688
0 0.55615 0.46973 0.13184 0.06836
0 0.28711 0.87695 0.04688 0.07422
0 0.19482 0.64941 0.0459 0.08594
0 0.08154 0.97119 0.12402 0.05762
0 0.11377 0.29785 0.13574 0.06445
0 0.34082 0.7915 0.12891 0.04199
0 0.44043 0.11865 0.14453 0.1084
0 0.62158 0.02588 0.10254 0.03809
0 0.71777 0.72607 0.05859 0.06934
0 0.22803 0.21484 0.07129 0.04688
0 0.10107 0.57568 0.09473 0.1123
0 0.55762 0.49951 0.06836 0.04199
0 0.9585 0.61035 0.08301 0.05273
0 0.7583 0.90137 0.05371 0.04102
0 0.02002 0.98535 0.04004 0.0293
0 0.11377 0.74023 0.19238 0.11719
0 0.70947 0.36963 0.08887 0.04395
0 0.16943 0.04053 0.11426 0.0498
0 0.71924 0.53174 0.17676 0.09473
0 0.04297 0.19971 0.08594 0.03418
0 0.66357 0.62793 0.09668 0.02539
0 0.82324 0.54297 0.04102 0.06055
0 0.79199 0.44482 0.04883 0.05566
0 0.0166 0.89893 0.0332 0.07129
0 0.31299 0.646 0.1123 0.03418
0 0.7041 0.39795 0.0918 0.07324
0 0.30566 0.44141 0.17773 0.04883
0 0.80029 0.7334 0.14551 0.05664
0 0.26807 0.98193 0.10449 0.03418
0 0.93262 0.8042 0.06445 0.05176
0 0.04053 0.38086 0.08105 0.125
0 0.46338 0.48584 0.09277 0.03613
0 0.0083 0.76123 0.0166 0.01855
0 0.2251 0.13232 0.2334 0.0791
0 0.02637 0.62354 0.05273 0.03223
0 0.29883 0.68018 0.08203 0.03809
0 0.89014 0.27051 0.06152 0.07617
0 0.19141 0.25391 0.16797 0.03711
0 0.67822 0.56006 0.06934 0.04395
0 0.43652 0.50879 0.10547 0.03516
0 0.72754 0.00977 0.06055 0.01953
0 0.65283 0.59033 0.13574 0.05371
0 0.96436 0.90918 0.07129 0.03906
0 0.74512 0.5083 0.05078 0.04199
0 0.93896 0.87744 0.10254 0.0459
0 0.01611 0.84961 0.03223 0.03906
0 0.96191 0.93311 0.07617 0.02246
0 0.94922 0.75146 0.06445 0.03613
0 0.80518 0.44238 0.04004 0.04492
0 0.9292 0.20703 0.1416 0.08203
0 0.22168 0.28711 0.12891 0.06836
0 0.46191 0.99023 0.0332 0.01953
0 0.96729 0.58301 0.06543 0.02539
0 0.63232 0.3335 0.08105 0.07324
0 0.67725 0.37451 0.13965 0.11621
0 0.95996 0.24414 0.08008 0.04102
0 0.08252 0.86572 0.14746 0.0459
0 0.47168 0.81934 0.02734 0.08398
0 0.48291 0.9375 0.05176 0.03906
0 0.54932 0.97852 0.12988 0.02539
0 0.59277 0.95996 0.06055 0.0293
0 0.98145 0.34619 0.03711 0.13965
0 0.27246 0.02197 0.08203 0.03613
0 0.30811 0.4082 0.1123 0.04883
0 0.59766 0.01074 0.0957 0.02148
0 0.97852 0.56396 0.04297 0.03223
0 0.23633 0.78857 0.125 0.05957
0 0.96582 0.78076 0.04883 0.04004
