0 0.80225 0.85205 0.09473 0.08496
0 0.63818 0.72607 0.1123 0.09277
0 0.98584 0.51318 0.02832 0.08691
0 0.79443 0.71338 0.08496 0.1123
0 0.61572 0.50049 0.07715 0.07715
0 0.73926 0.15332 0.08008 0.07227
0 0.98096 0.19043 0.03809 0.07227
0 0.1084 0.76221 0.0625 0.12988
0 0.80811 0.59668 0.1123 0.13477
0 0.97852 0.28076 0.04297 0.06738
0 0.91699 0.35107 0.07031 0.07715
0 0.76904 0.42676 0.08691 0.08203
0 0.75049 0.35107 0.07715 0.06738
0 0.88574 0.27344 0.0918 0.08203
0 0.97607 0.38574 0.04785 0.05664
0 0.02881 0.15479 0.05762 0.12402
0 0.01562 0.74854 0.03125 0.08887
