0 0.13135 0.65479 0.06934 0.10059
0 0.55371 0.20508 0.05469 0.08398
0 0.34912 0.7124 0.04785 0.09863
0 0.73828 0.18066 0.05273 0.08789
0 0.78369 0.96533 0.06152 0.06934
0 0.07617 0.41504 0.05664 0.10742
0 0.04297 0.17725 0.05664 0.08105
0 0.96045 0.46484 0.05176 0.10742
0 0.79541 0.62549 0.0459 0.09277
0 0.2041 0.55518 0.07617 0.06152
0 0.76758 0.51611 0.05078 0.10254
0 0.65625 0.88916 0.07031 0.06152
0 0.40869 0.68848 0.09082 0.11328
0 0.97412 0.7041 0.02441 0.09766
0 0.3623 0.33887 0.03516 0.07617
0 0.4502 0.44189 0.07227 0.08301
0 0.8208 0.33789 0.03027 0.10547
0 0.18457 0.88477 0.08008 0.05664
0 0.26807 0.0874 0.05762 0.0752
0 0.0498 0.08936 0.0332 0.12402
0 0.04199 0.81982 0.0293 0.06152
0 0.90967 0.5708 0.05762 0.06738
0 0.61426 0.03906 0.04297 0.07812
0 0.40332 0.44775 0.02734 0.08887
0 0.72607 0.96582 0.03418 0.06836
0 0.14209 0.02588 0.04785 0.05176
0 0.01367 0.09619 0.02734 0.08691
0 0.6377 0.73535 0.04102 0.08008
0 0.76953 0.68701 0.04688 0.12598
0 0.48633 0.36768 0.08203 0.11816
0 0.39746 0.1416 0.02539 0.0625
0 0.41748 0.10645 0.03418 0.08789
0 0.45654 0.66943 0.05566 0.11621
0 0.23389 0.89453 0.04004 0.0625
0 0.58545 0.61621 0.03613 0.08398
0 0.66064 0.07031 0.13379 0.09375
0 0.13818 0.97021 0.03223 0.05957
0 0.20801 0.14551 0.07031 0.08594
0 0.8584 0.09326 0.0293 0.07324
0 0.6377 0.55322 0.07812 0.15332
0 0.67578 0.61865 0.0293 0.06934
0 0.41748 0.06104 0.05957 0.07715
0 0.44629 0.51904 0.06445 0.05176
0 0.80811 0.81787 0.0752 0.06934
0 0.20117 0.84375 0.0332 0.08008
0 0.43652 0.97803 0.04883 0.04395
0 0.521 0.26953 0.04004 0.05664
0 0.80371 0.46826 0.06641 0.08105
0 0.66748 0.18115 0.04004 0.08496
0 0.68408 0.74072 0.02832 0.07715
0 0.87109 0.42822 0.03906 0.09473
0 0.58057 0.97266 0.02441 0.05469
0 0.36768 0.44141 0.0459 0.07617
0 0.2251 0.37598 0.05566 0.07031
0 0.79541 0.86621 0.03223 0.05273
0 0.58984 0.87109 0.07617 0.04102
0 0.9248 0.7002 0.04492 0.06055
0 0.08008 0.91943 0.02734 0.05371
0 0.66895 0.46973 0.03711 0.08984
0 0.36328 0.51758 0.05273 0.12305
0 0.22656 0.11475 0.05469 0.08105
0 0.40625 0.62988 0.0293 0.07227
0 0.97607 0.91699 0.04395 0.05078
0 0.54492 0.02783 0.02734 0.05566
0 0.26953 0.13965 0.04492 0.07227
0 0.98242 0.82422 0.03516 0.04102
0 0.02295 0.42432 0.0459 0.03809
0 0.87451 0.45557 0.03223 0.10645
0 0.83008 0.49219 0.05078 0.07031
0 0.12847 0.75942 0.06885 0.06807
0 0.26123 0.4502 0.04395 0.04492
0 0.02734 0.50439 0.04492 0.04004
0 0.82861 0.98389 0.02637 0.03223
0 0.85449 0.81543 0.04297 0.03711
0 0.8457 0.08594 0.03125 0.05859
0 0.89062 0.75586 0.07422 0.09766
