0 0.07422 0.35693 0.125 0.07715
0 0.03223 0.42676 0.06445 0.07422
0 0.05225 0.48682 0.07715 0.06934
0 0.05859 0.55322 0.08594 0.0752
0 0.17139 0.29688 0.07715 0.08398
0 0.19043 0.22559 0.0625 0.06836
0 0.31689 0.37939 0.06543 0.07715
0 0.28418 0.43945 0.08398 0.07812
0 0.25293 0.22168 0.07617 0.11914
0 0.41406 0.17773 0.08008 0.08203
0 0.36084 0.09473 0.07129 0.06445
0 0.19043 0.05127 0.08008 0.08301
0 0.08643 0.05664 0.06348 0.0625
0 0.04736 0.0835 0.06934 0.06543
0 0.57275 0.05713 0.06934 0.05957
0 0.65576 0.0542 0.08105 0.09082
0 0.78027 0.23975 0.08398 0.08887
0 0.90479 0.11279 0.06152 0.05371
0 0.5874 0.45605 0.07324 0.0625
0 0.6543 0.52637 0.06445 0.07031
0 0.71924 0.61865 0.1123 0.10449
0 0.07861 0.72266 0.06543 0.06445
0 0.19092 0.7666 0.06934 0.06641
0 0.2998 0.72168 0.07422 0.0918
0 0.40283 0.88623 0.06152 0.06738
0 0.50195 0.93213 0.0918 0.08301
0 0.56348 0.84912 0.06836 0.06738
0 0.63184 0.81396 0.06836 0.08496
0 0.69336 0.8623 0.08984 0.05859
0 0.76221 0.81006 0.09473 0.0498
0 0.71289 0.76611 0.08203 0.06934
0 0.63379 0.72852 0.0625 0.07227
0 0.70947 0.70166 0.08691 0.08301
0 0.97656 0.66553 0.04688 0.07324
0 0.86182 0.48926 0.05566 0.05859
0 0.8999 0.54492 0.06152 0.08594
0 0.96191 0.48779 0.07031 0.08301
0 0.94043 0.42334 0.07422 0.05566
0 0.98096 0.28613 0.03809 0.12305
0 0.94482 0.31494 0.06152 0.06543
0 0.92627 0.90576 0.07129 0.13184
0 0.89941 0.9873 0.10352 0.02539
0 0.05664 0.95898 0.08008 0.0625
0 0.0708 0.88965 0.06738 0.05859
0 0.28516 0.01221 0.0332 0.02441
0 0.38037 0.02246 0.06738 0.04492
0 0.58301 0.00732 0.05859 0.01465
0 0.70605 0.05225 0.03906 0.0459
0 0.01465 0.53223 0.0293 0.06445
0 0.01221 0.82568 0.02441 0.06543
0 0.13623 0.98438 0.06152 0.0293
0 0.08252 0.93799 0.06738 0.06934
0 0.08008 0.98926 0.05469 0.02148
0 0.61621 0.54248 0.05859 0.08496
0 0.87598 0.54443 0.03906 0.03223
0 0.83252 0.48047 0.06152 0.06055
0 0.99365 0.90137 0.0127 0.04688
0 0.97217 0.91064 0.05176 0.0498
0 0.80713 0.97998 0.08301 0.04004
