0 0.0293 0.18506 0.05859 0.05762
0 0.07715 0.13916 0.07227 0.12793
0 0.06348 0.04199 0.12695 0.07422
0 0.22705 0.05029 0.16113 0.10059
0 0.24756 0.18896 0.06543 0.12988
0 0.0918 0.27734 0.10547 0.12109
0 0.18311 0.30469 0.06348 0.07422
0 0.3125 0.2207 0.0625 0.08594
0 0.26709 0.29834 0.07324 0.06738
0 0.25098 0.4292 0.10352 0.10645
0 0.53662 0.07324 0.15527 0.07617
0 0.65332 0.08105 0.10742 0.13281
0 0.49512 0.17236 0.07227 0.09082
0 0.6084 0.28027 0.1582 0.10742
0 0.79004 0.19922 0.11523 0.15039
0 0.64844 0.39551 0.08594 0.07812
0 0.92529 0.33643 0.1416 0.07129
0 0.86719 0.25977 0.05078 0.06641
0 0.87793 0.4502 0.10156 0.08008
0 0.97803 0.42334 0.04395 0.0752
0 0.7666 0.55225 0.08594 0.10254
0 0.48193 0.56982 0.08496 0.14746
0 0.0625 0.5957 0.08008 0.14062
0 0.60791 0.63428 0.11035 0.05762
0 0.82324 0.58643 0.05469 0.06348
0 0.68799 0.65918 0.08301 0.08203
0 0.46094 0.70166 0.10352 0.08691
0 0.625 0.75781 0.08594 0.06836
0 0.05566 0.77539 0.07031 0.08398
0 0.14648 0.80078 0.08789 0.07031
0 0.28516 0.81543 0.08789 0.07617
0 0.28711 0.87891 0.0625 0.06641
0 0.18701 0.95361 0.08105 0.08301
0 0.3501 0.94873 0.07324 0.06738
0 0.43311 0.83838 0.11035 0.08301
0 0.46338 0.88135 0.12598 0.05762
0 0.55713 0.9126 0.09473 0.1084
0 0.61865 0.94238 0.06738 0.07422
0 0.65332 0.86621 0.10547 0.06836
0 0.79541 0.94727 0.11816 0.07031
0 0.88379 0.90479 0.06641 0.07715
0 0.95703 0.82129 0.08594 0.10938
0 0.96777 0.10156 0.06445 0.11719
0 0.90088 0.28467 0.05176 0.05371
0 0.87744 0.03125 0.06934 0.0625
