0 0.84863 0.47559 0.14258 0.09766
0 0.02295 0.21387 0.0459 0.0918
0 0.09619 0.49561 0.10254 0.08691
0 0.23438 0.93311 0.09961 0.08301
0 0.23096 0.70361 0.09277 0.06738
0 0.44043 0.93213 0.15234 0.06543
0 0.02979 0.35205 0.05957 0.09082
0 0.58936 0.8291 0.12988 0.08008
0 0.05615 0.92725 0.1123 0.05957
0 0.15186 0.59814 0.10449 0.1123
0 0.09082 0.22803 0.09766 0.05762
0 0.37207 0.39209 0.08984 0.09473
0 0.65186 0.09717 0.0752 0.08496
0 0.12207 0.33594 0.05469 0.12305
0 0.38818 0.30664 0.18262 0.08008
0 0.30078 0.4917 0.17773 0.09473
0 0.19336 0.87939 0.07812 0.06934
0 0.73975 0.22852 0.11035 0.10742
0 0.29199 0.22217 0.06445 0.09473
0 0.26953 0.5708 0.09961 0.05762
0 0.23193 0.64697 0.06934 0.05566
0 0.24951 0.3833 0.15918 0.09668
0 0.38916 0.55664 0.0752 0.08984
0 0.54053 0.20068 0.10254 0.08691
0 0.19287 0.06934 0.05762 0.13477
0 0.02246 0.69434 0.04492 0.07031
0 0.68359 0.71436 0.11719 0.06543
0 0.85303 0.86865 0.17285 0.1123
0 0.24365 0.79297 0.05762 0.05273
0 0.89941 0.69971 0.10938 0.05957
0 0.8335 0.03955 0.07715 0.0752
0 0.71191 0.86572 0.08984 0.08301
0 0.92188 0.06201 0.10547 0.12012
0 0.92969 0.21191 0.09961 0.08984
0 0.72217 0.51855 0.05957 0.11719
0 0.08691 0.05713 0.08984 0.05566
0 0.51074 0.44434 0.17773 0.08008
0 0.82861 0.69434 0.06738 0.06445
0 0.38184 0.23828 0.11523 0.06836
0 0.64453 0.7583 0.06055 0.06738
0 0.49707 0.29834 0.11523 0.08301
0 0.69092 0.56787 0.09277 0.06738
0 0.42041 0.66602 0.18262 0.08789
0 0.76172 0.79053 0.07031 0.09277
0 0.95117 0.48926 0.09766 0.07031
0 0.21826 0.4458 0.15332 0.08691
0 0.40967 0.88184 0.10059 0.06055
0 0.41211 0.61084 0.125 0.04199
0 0.0918 0.01562 0.10547 0.02734
0 0.95068 0.28223 0.08691 0.06445
0 0.94971 0.33057 0.09473 0.06738
0 0.88428 0.04199 0.06543 0.08008
0 0.46582 0.84717 0.05664 0.04004
0 0.85352 0.83594 0.16211 0.07812
0 0.86084 0.37207 0.08691 0.06055
0 0.97168 0.91064 0.05664 0.06738
0 0.95312 0.14453 0.08789 0.05469
0 0.81006 0.7793 0.05957 0.05469
0 0.06543 0.3418 0.0625 0.10547
0 0.16455 0.35693 0.05957 0.10449
0 0.03711 0.69873 0.04297 0.15332
0 0.75195 0.71924 0.08008 0.08496
0 0.97852 0.82715 0.04297 0.09961
0 0.8916 0.91406 0.12305 0.05469
0 0.10352 0.44824 0.10742 0.04297
0 0.71973 0.19824 0.08008 0.08203
0 0.61572 0.23584 0.14746 0.1123
0 0.98242 0.0957 0.03516 0.07812
