0 0.40186 0.86816 0.09473 0.09766
0 0.49707 0.37305 0.11914 0.10742
0 0.5835 0.19336 0.10254 0.08203
0 0.28369 0.6709 0.08496 0.09766
0 0.26562 0.06006 0.11719 0.12012
0 0.92432 0.03125 0.12988 0.0625
0 0.41064 0.22314 0.07715 0.08301
0 0.4834 0.5874 0.08789 0.08496
0 0.44922 0.69336 0.13477 0.10742
0 0.41455 0.59326 0.09082 0.08301
0 0.76709 0.89844 0.13574 0.10742
0 0.47705 0.12695 0.08496 0.07422
0 0.79053 0.61572 0.06738 0.07324
0 0.2998 0.22803 0.08008 0.12793
0 0.64453 0.65479 0.07031 0.06543
0 0.96973 0.51562 0.05469 0.09766
0 0.71338 0.65967 0.08691 0.08496
0 0.94043 0.37207 0.10742 0.0957
0 0.76709 0.51807 0.0498 0.0459
0 0.98193 0.76855 0.03418 0.08789
0 0.27588 0.56885 0.09082 0.06934
