0 0.04492 0.05322 0.08984 0.06738
0 0.14551 0.06592 0.06445 0.03027
0 0.16455 0.1167 0.11035 0.07129
0 0.3374 0.08252 0.1377 0.0791
0 0.32666 0.17041 0.12988 0.07324
0 0.12305 0.25195 0.10742 0.08398
0 0.47412 0.29834 0.09863 0.10254
0 0.15332 0.37109 0.12305 0.05273
0 0.05371 0.375 0.10742 0.05859
0 0.33594 0.45557 0.09766 0.15723
0 0.45654 0.52637 0.07129 0.04883
0 0.4751 0.479 0.05762 0.06348
0 0.7417 0.53174 0.12012 0.09473
0 0.62451 0.42578 0.14941 0.10938
0 0.62891 0.30859 0.06641 0.12695
0 0.82568 0.26025 0.07324 0.07129
0 0.73193 0.15137 0.05957 0.10547
0 0.68018 0.17773 0.08691 0.16602
0 0.81152 0.0249 0.10156 0.0498
0 0.74023 0.07617 0.08398 0.0625
0 0.57031 0.55811 0.09766 0.08691
0 0.51709 0.57568 0.06738 0.09277
0 0.65625 0.69141 0.12109 0.07617
0 0.87646 0.56299 0.06543 0.24316
0 0.89648 0.74219 0.0918 0.05078
0 0.84033 0.73779 0.0498 0.06152
0 0.80811 0.8999 0.08691 0.14941
0 0.52051 0.69189 0.09961 0.08301
0 0.43604 0.71436 0.06348 0.05176
0 0.34619 0.84766 0.09082 0.25977
0 0.56006 0.95752 0.06348 0.08496
0 0.47363 0.88965 0.08984 0.2207
0 0.21924 0.9209 0.14551 0.1582
0 0.04053 0.93652 0.06543 0.12695
0 0.16016 0.65576 0.07031 0.06738
0 0.04297 0.62158 0.08594 0.10449
