0 0.92627 0.05859 0.0498 0.06641
0 0.85449 0.18945 0.11328 0.10742
0 0.96338 0.19824 0.07324 0.07031
0 0.85938 0.05957 0.05664 0.11914
0 0.65625 0.06152 0.05664 0.0957
0 0.74902 0.11475 0.0625 0.07715
0 0.70557 0.18359 0.08496 0.05273
0 0.52295 0.20996 0.14355 0.07617
0 0.48828 0.08154 0.07227 0.06934
0 0.48877 0.02588 0.08301 0.04785
0 0.58887 0.14355 0.06641 0.06836
0 0.31006 0.23096 0.12402 0.07129
0 0.17969 0.08447 0.16992 0.10645
0 0.64648 0.43896 0.09766 0.17871
0 0.77246 0.50439 0.10156 0.10645
0 0.69141 0.56348 0.04883 0.07617
0 0.56934 0.52588 0.06445 0.09082
0 0.48193 0.53711 0.10254 0.0918
0 0.31299 0.47852 0.09668 0.0957
0 0.24561 0.53564 0.15137 0.06738
0 0.38525 0.56689 0.06543 0.06152
0 0.51611 0.62793 0.07715 0.05859
0 0.60693 0.69043 0.09277 0.08008
0 0.63623 0.62305 0.05566 0.04492
0 0.70801 0.64941 0.05273 0.05664
0 0.84326 0.69678 0.06934 0.0791
0 0.18896 0.59131 0.14746 0.14746
0 0.2915 0.68945 0.07129 0.0957
0 0.23828 0.91748 0.09961 0.1416
0 0.62891 0.9707 0.10742 0.05859
0 0.58594 0.88428 0.12109 0.06348
0 0.57617 0.76562 0.05664 0.05859
0 0.47412 0.71826 0.05762 0.05176
0 0.41846 0.64307 0.08105 0.06348
0 0.0293 0.63428 0.05859 0.09473
0 0.10254 0.59863 0.05469 0.05469
0 0.17676 0.36621 0.0918 0.07422
0 0.72607 0.97412 0.0498 0.05176
0 0.04785 0.97803 0.0957 0.04395
0 0.09619 0.77734 0.09668 0.05859
0 0.19092 0.70898 0.06152 0.0625
0 0.14307 0.46484 0.06934 0.0625
0 0.12939 0.03369 0.15332 0.06348
0 0.18994 0.66943 0.06934 0.04785
0 0.56348 0.83105 0.08594 0.07812
0 0.79492 0.57227 0.05469 0.05469
