0 0.02832 0.57227 0.05664 0.05273
0 0.12256 0.72559 0.15723 0.08008
0 0.30762 0.64209 0.11914 0.07129
0 0.19971 0.53027 0.05957 0.07617
0 0.15918 0.63721 0.07617 0.08301
0 0.06445 0.48242 0.10547 0.08789
0 0.06348 0.53613 0.07812 0.04297
0 0.14307 0.45361 0.11426 0.08496
0 0.0542 0.97559 0.08691 0.04883
0 0.24756 0.88428 0.05176 0.06348
0 0.30908 0.88574 0.11035 0.06445
0 0.37451 0.97168 0.0752 0.05664
0 0.50342 0.96777 0.06543 0.0625
0 0.37256 0.54248 0.05762 0.06152
0 0.32373 0.43896 0.08691 0.06348
0 0.40967 0.46777 0.08301 0.05469
0 0.46191 0.41309 0.09766 0.05859
0 0.5874 0.5625 0.07324 0.0918
0 0.58887 0.6377 0.06055 0.11719
0 0.65234 0.50732 0.12305 0.06543
0 0.54346 0.36523 0.09668 0.05469
0 0.54102 0.23779 0.07031 0.11426
0 0.05225 0.35156 0.10449 0.05469
0 0.1582 0.30225 0.08984 0.05762
0 0.27393 0.34766 0.11035 0.06836
0 0.23486 0.23486 0.09863 0.07129
0 0.0791 0.18408 0.08398 0.06152
0 0.07666 0.27246 0.06543 0.0625
0 0.35596 0.21094 0.06934 0.06055
0 0.34961 0.14209 0.06641 0.05176
0 0.4126 0.15332 0.06934 0.05469
0 0.5249 0.03271 0.09668 0.06543
0 0.61963 0.104 0.06543 0.0752
0 0.80225 0.04932 0.09473 0.06934
0 0.0293 0.07227 0.05859 0.07227
0 0.33545 0.0293 0.11035 0.05078
0 0.9751 0.37158 0.0498 0.07129
0 0.25244 0.0918 0.1084 0.13477
0 0.96143 0.60645 0.07715 0.06641
0 0.8252 0.13037 0.07227 0.05371
0 0.8833 0.16064 0.06543 0.05176
0 0.7793 0.22656 0.07617 0.07617
0 0.76855 0.31689 0.11328 0.10059
0 0.70752 0.35107 0.07129 0.07324
0 0.93115 0.31738 0.06543 0.11719
0 0.77051 0.42285 0.08398 0.04492
0 0.79688 0.46045 0.16602 0.09082
0 0.84717 0.53418 0.15723 0.0625
0 0.95215 0.52588 0.09375 0.07715
0 0.95996 0.46436 0.08008 0.04785
0 0.86523 0.62256 0.08008 0.06934
0 0.91406 0.68701 0.08594 0.0459
0 0.81396 0.75684 0.06543 0.05469
0 0.91699 0.76416 0.07031 0.0498
0 0.62549 0.79492 0.10449 0.06445
0 0.70166 0.86426 0.06348 0.05664
0 0.69434 0.93066 0.0625 0.05273
0 0.65625 0.96826 0.10352 0.06348
0 0.88428 0.80908 0.06738 0.04199
0 0.4126 0.59229 0.05371 0.05957
0 0.03076 0.14062 0.05176 0.04883
0 0.3623 0.6748 0.06055 0.04883
0 0.18311 0.25977 0.05371 0.04492
0 0.71875 0.9082 0.05469 0.0293
