0 0.56836 0.31836 0.09766 0.06641
0 0.95752 0.85889 0.07129 0.06543
0 0.55273 0.59766 0.06445 0.08984
0 0.44092 0.26221 0.09863 0.06738
0 0.83252 0.58398 0.11621 0.04883
0 0.94727 0.77734 0.10547 0.05469
0 0.69824 0.37549 0.08398 0.07129
0 0.95996 0.93262 0.08008 0.05078
0 0.40771 0.0332 0.10449 0.05078
0 0.16895 0.54102 0.12305 0.04492
0 0.14697 0.3335 0.11426 0.07129
0 0.1792 0.30908 0.12402 0.07324
0 0.13818 0.58936 0.03809 0.07324
0 0.83008 0.13037 0.0957 0.0459
0 0.68848 0.25781 0.10938 0.07031
0 0.19189 0.50977 0.1084 0.03906
0 0.27881 0.18359 0.09277 0.04492
0 0.10156 0.05957 0.15039 0.08984
0 0.31543 0.45752 0.19141 0.09668
0 0.74951 0.68896 0.11035 0.06738
0 0.61084 0.77295 0.09668 0.04004
0 0.20947 0.74365 0.12988 0.0459
0 0.51416 0.15527 0.1377 0.0957
0 0.28711 0.35254 0.09961 0.04297
0 0.10693 0.15332 0.14941 0.07812
0 0.79785 0.05469 0.14648 0.06836
0 0.07812 0.5835 0.11719 0.07129
0 0.02783 0.07129 0.05566 0.06641
0 0.84229 0.8667 0.06738 0.08105
0 0.96191 0.47803 0.07617 0.02637
0 0.06006 0.98486 0.11621 0.02441
0 0.85547 0.91113 0.07227 0.05469
0 0.49463 0.68896 0.15527 0.0752
0 0.34766 0.3916 0.10742 0.04297
0 0.78076 0.22607 0.08301 0.03418
0 0.78516 0.25439 0.0957 0.06152
0 0.33496 0.98975 0.07812 0.02051
0 0.91504 0.07568 0.12109 0.05566
0 0.95312 0.41016 0.09375 0.03125
0 0.96729 0.44629 0.06543 0.0293
0 0.34277 0.74414 0.14844 0.03906
0 0.62256 0.98633 0.04785 0.02734
0 0.59814 0.44287 0.1123 0.02832
0 0.10645 0.75391 0.12305 0.03711
0 0.92188 0.11914 0.14258 0.06836
0 0.1333 0.70557 0.21582 0.0752
0 0.24463 0.09131 0.06348 0.05566
0 0.04248 0.35547 0.08496 0.05273
0 0.75195 0.26465 0.0625 0.0293
0 0.38916 0.16113 0.08301 0.04102
0 0.31836 0.28711 0.08984 0.02734
0 0.91748 0.37402 0.11816 0.0332
0 0.74072 0.44971 0.12988 0.03613
0 0.73291 0.72754 0.07715 0.01953
0 0.66309 0.01514 0.04688 0.03027
0 0.5166 0.98779 0.05469 0.02441
0 0.9917 0.84082 0.0166 0.03125
0 0.61426 0.73633 0.11719 0.05664
0 0.9082 0.43506 0.07812 0.05566
0 0.74561 0.05566 0.09863 0.06055
0 0.5459 0.1875 0.12695 0.06445
0 0.71875 0.35693 0.0625 0.04785
