0 0.03418 0.67432 0.04688 0.07324
0 0.09766 0.69434 0.07422 0.05469
0 0.09814 0.63086 0.07129 0.07422
0 0.11865 0.58691 0.07715 0.06055
0 0.31641 0.58447 0.10938 0.09473
0 0.10742 0.47021 0.07617 0.07324
0 0.17139 0.47021 0.07324 0.09668
0 0.23145 0.49512 0.04102 0.05469
0 0.39844 0.5249 0.13477 0.12598
0 0.37988 0.45898 0.07617 0.06445
0 0.5874 0.52393 0.13965 0.11426
0 0.32373 0.2168 0.13965 0.07812
0 0.11914 0.14746 0.13867 0.11328
0 0.02832 0.29004 0.05664 0.05859
0 0.10547 0.02783 0.09375 0.05566
0 0.4458 0.10889 0.12793 0.08691
0 0.32617 0.11426 0.07422 0.09766
0 0.50488 0.18262 0.07812 0.06445
0 0.65527 0.18555 0.08398 0.07227
0 0.7124 0.21045 0.06152 0.05957
0 0.67969 0.04395 0.10742 0.07422
0 0.54883 0.13135 0.10938 0.08691
0 0.81689 0.03223 0.06348 0.06445
0 0.95703 0.0542 0.07812 0.06738
0 0.91992 0.12402 0.0957 0.05664
0 0.90918 0.17871 0.11719 0.07227
0 0.89307 0.42773 0.16699 0.08398
0 0.81152 0.49854 0.14453 0.12012
0 0.94922 0.53467 0.10156 0.05762
0 0.76465 0.64062 0.16797 0.07617
0 0.92334 0.65674 0.15332 0.07324
0 0.32227 0.73877 0.07617 0.06348
0 0.4043 0.70312 0.14062 0.05859
0 0.56885 0.77002 0.06738 0.08105
0 0.63623 0.81982 0.09277 0.07715
0 0.97266 0.95215 0.05469 0.05273
0 0.86475 0.96484 0.05762 0.05664
0 0.58984 0.91553 0.06641 0.1084
0 0.66895 0.88916 0.08398 0.06152
0 0.64209 0.98682 0.11621 0.02637
0 0.20898 0.9668 0.06055 0.06445
0 0.15088 0.97217 0.06152 0.05371
0 0.40625 0.771 0.0625 0.05371
0 0.5166 0.85156 0.07031 0.07031
0 0.18896 0.33301 0.06543 0.07812
0 0.25928 0.34473 0.07324 0.04883
0 0.56543 0.2793 0.06445 0.07031
0 0.09131 0.22363 0.0791 0.06055
0 0.24121 0.19922 0.04883 0.07227
