0 0.40967 0.771 0.20215 0.18652
0 0.49756 0.84717 0.1709 0.09668
0 0.64111 0.96191 0.1123 0.07617
0 0.60693 0.54883 0.08496 0.04688
0 0.4502 0.51025 0.13086 0.07324
0 0.95898 0.07471 0.08203 0.14941
0 0.17188 0.49902 0.0918 0.11133
0 0.88867 0.63574 0.19922 0.07422
0 0.81543 0.50977 0.13281 0.13086
0 0.39453 0.60107 0.25781 0.13965
0 0.09668 0.92383 0.11719 0.15234
0 0.04639 0.05762 0.09277 0.11523
0 0.75635 0.29736 0.25684 0.15332
0 0.62158 0.06836 0.34082 0.13672
0 0.04199 0.24365 0.08398 0.27832
0 0.31689 0.52783 0.15137 0.06152
0 0.83154 0.27881 0.21582 0.0752
0 0.97266 0.20264 0.05469 0.08691
0 0.06885 0.39697 0.1377 0.08691
0 0.06543 0.44824 0.13086 0.10742
0 0.04541 0.49707 0.09082 0.08789
0 0.83984 0.58496 0.04102 0.0293
