0 0.85547 0.16699 0.10742 0.08008
0 0.40918 0.22705 0.11523 0.13574
0 0.96875 0.19678 0.0625 0.11035
0 0.41309 0.60938 0.08789 0.06445
0 0.82178 0.5708 0.0752 0.06738
0 0.96484 0.65332 0.07031 0.08789
0 0.88965 0.74951 0.08008 0.14941
0 0.26855 0.51465 0.19727 0.08008
0 0.43359 0.49805 0.14258 0.08789
0 0.1416 0.76807 0.08008 0.09277
0 0.78564 0.07959 0.11816 0.13574
0 0.62158 0.20166 0.08496 0.0752
0 0.7959 0.78076 0.07812 0.10254
0 0.72168 0.51172 0.08984 0.125
0 0.66602 0.04346 0.16797 0.08301
0 0.69971 0.11328 0.0752 0.08203
0 0.12695 0.05957 0.19922 0.08984
0 0.07568 0.49072 0.11816 0.16309
0 0.48486 0.95703 0.12988 0.08594
0 0.81592 0.40088 0.06738 0.07715
0 0.57617 0.41309 0.0625 0.08203
0 0.09766 0.94238 0.08984 0.07422
0 0.34766 0.38672 0.0625 0.08984
0 0.4126 0.83789 0.07129 0.06836
0 0.68066 0.81055 0.13281 0.16797
0 0.79346 0.93213 0.05566 0.06934
0 0.91064 0.48047 0.06738 0.0625
0 0.44531 0.87061 0.0625 0.05762
0 0.33203 0.92578 0.06445 0.0625
0 0.76465 0.40967 0.06055 0.05566
0 0.93604 0.03223 0.07715 0.06055
0 0.33154 0.81494 0.05957 0.06738
0 0.39844 0.90967 0.0625 0.05957
0 0.69727 0.42725 0.08008 0.06543
0 0.51562 0.41162 0.04297 0.05176
0 0.03809 0.15186 0.07227 0.09473
0 0.02051 0.82324 0.03711 0.07227
0 0.14062 0.25439 0.20703 0.16504
0 0.11182 0.21191 0.05957 0.05469
0 0.11963 0.02051 0.09473 0.03711
0 0.97607 0.53955 0.04785 0.13574
0 0.02832 0.50439 0.05273 0.05957
0 0.72607 0.81885 0.11816 0.06348
0 0.22266 0.3833 0.07227 0.07324
0 0.12158 0.7041 0.24121 0.07422
