0 0.18311 0.1543 0.08301 0.10547
0 0.28174 0.22949 0.08496 0.07812
0 0.40918 0.1123 0.05273 0.06055
0 0.22949 0.55225 0.07031 0.12598
0 0.16504 0.56592 0.05273 0.05566
0 0.25195 0.63379 0.14453 0.0625
0 0.39551 0.67432 0.13672 0.08105
0 0.42871 0.5459 0.07617 0.10156
0 0.13574 0.70898 0.06055 0.07812
0 0.23096 0.7207 0.1416 0.09961
0 0.22363 0.83398 0.08203 0.14844
0 0.2998 0.82031 0.08594 0.06836
0 0.4917 0.79834 0.0791 0.0752
0 0.9707 0.87109 0.05859 0.05273
0 0.979 0.92236 0.04199 0.05566
0 0.91455 0.7417 0.13379 0.0752
0 0.62451 0.76367 0.1084 0.10938
0 0.58838 0.6792 0.07324 0.09668
0 0.63135 0.5542 0.09082 0.09863
0 0.71924 0.57471 0.08105 0.09863
0 0.65039 0.45459 0.08789 0.11621
0 0.87305 0.5918 0.1543 0.10742
0 0.75098 0.10498 0.14062 0.06152
0 0.57227 0.05957 0.07422 0.05859
0 0.86133 0.08398 0.17773 0.11914
0 0.56543 0.75146 0.07812 0.06543
0 0.55469 0.78369 0.0957 0.06348
