0 0.62549 0.93701 0.09863 0.09277
0 0.33252 0.9502 0.07715 0.07617
0 0.38184 0.85547 0.07227 0.12305
0 0.1416 0.9668 0.07227 0.06641
0 0.06494 0.98438 0.10254 0.03125
0 0.0166 0.84033 0.0332 0.07129
0 0.13867 0.89551 0.12109 0.07031
0 0.1792 0.79785 0.11816 0.06641
0 0.39697 0.66748 0.1123 0.06348
0 0.46875 0.6958 0.08008 0.05957
0 0.56299 0.76367 0.1123 0.07422
0 0.72217 0.78857 0.07715 0.05371
0 0.81104 0.7666 0.06934 0.06641
0 0.85059 0.69238 0.10938 0.08984
0 0.77686 0.63672 0.0791 0.06836
0 0.64014 0.65625 0.0752 0.07031
0 0.60547 0.54834 0.06836 0.08301
0 0.74414 0.53223 0.06055 0.05078
0 0.93555 0.60107 0.11914 0.06934
0 0.51855 0.53955 0.10547 0.12988
0 0.37549 0.56396 0.08301 0.07129
0 0.25244 0.63135 0.06152 0.06152
0 0.17822 0.52441 0.06543 0.07227
0 0.24023 0.48584 0.07617 0.05566
0 0.31689 0.47998 0.09668 0.06738
0 0.28955 0.35889 0.08301 0.06348
0 0.35742 0.38477 0.12305 0.0625
0 0.56201 0.38623 0.08105 0.0752
0 0.61328 0.25439 0.07422 0.06543
0 0.74365 0.29541 0.14551 0.18066
0 0.92627 0.28271 0.06543 0.09082
0 0.83105 0.43457 0.06836 0.07227
0 0.11035 0.66064 0.17773 0.1748
0 0.04492 0.39746 0.08984 0.05664
0 0.12646 0.396 0.08496 0.06543
0 0.06738 0.20605 0.06055 0.08789
0 0.01904 0.21826 0.03809 0.1123
0 0.11475 0.10889 0.06934 0.11816
0 0.17676 0.07275 0.11523 0.14551
0 0.33203 0.0752 0.16211 0.12305
0 0.36963 0.18555 0.17285 0.14062
0 0.5127 0.25488 0.11523 0.14258
0 0.47754 0.15967 0.13281 0.10449
0 0.60596 0.16113 0.05957 0.08984
0 0.7876 0.0835 0.06543 0.05762
0 0.05029 0.47656 0.09473 0.09375
0 0.16943 0.60791 0.0752 0.05957
