0 0.66699 0.88037 0.11914 0.08301
0 0.16699 0.27539 0.0957 0.09766
0 0.32324 0.40918 0.11523 0.09766
0 0.82812 0.46826 0.11523 0.11035
0 0.68701 0.3374 0.12207 0.14551
0 0.21387 0.06836 0.10742 0.09961
0 0.82471 0.7832 0.11035 0.08008
0 0.0752 0.48242 0.10547 0.08984
0 0.08936 0.66016 0.10254 0.0918
0 0.9502 0.57959 0.09961 0.11035
0 0.20215 0.86426 0.17969 0.11523
0 0.45361 0.88281 0.20996 0.10547
0 0.84766 0.37451 0.14453 0.10449
0 0.87598 0.25049 0.12695 0.10254
0 0.79053 0.66943 0.2041 0.11035
0 0.32861 0.28467 0.18262 0.12988
0 0.1709 0.72217 0.12305 0.07715
0 0.30322 0.17334 0.18262 0.13184
0 0.42822 0.10156 0.11426 0.08008
0 0.11865 0.22754 0.06738 0.07031
0 0.74561 0.43896 0.11035 0.06934
0 0.20996 0.68408 0.07812 0.0498
0 0.40137 0.04248 0.11719 0.08105
0 0.05273 0.021 0.0957 0.03809
