0 0.11865 0.18945 0.11035 0.11523
0 0.1875 0.24609 0.05664 0.09961
0 0.05176 0.57129 0.07812 0.10547
0 0.05469 0.62646 0.0625 0.09863
0 0.12842 0.96582 0.09277 0.06836
0 0.1748 0.91895 0.12695 0.05664
0 0.33496 0.88184 0.07227 0.05273
0 0.27637 0.64258 0.06641 0.08008
0 0.22363 0.78174 0.07227 0.04199
0 0.48682 0.78516 0.05176 0.12891
0 0.30664 0.39746 0.05078 0.04297
0 0.37842 0.27197 0.0459 0.08496
0 0.30371 0.16016 0.0918 0.15234
0 0.4126 0.02441 0.0752 0.04883
0 0.56348 0.11768 0.08789 0.10645
0 0.65723 0.04834 0.11719 0.09668
0 0.81348 0.07666 0.07422 0.11621
0 0.7832 0.06787 0.06641 0.11426
0 0.69238 0.22461 0.05469 0.10547
0 0.61133 0.36182 0.08008 0.07324
0 0.52832 0.32178 0.08984 0.09668
0 0.44824 0.42041 0.0625 0.09473
0 0.61182 0.65479 0.11621 0.07324
0 0.67285 0.56787 0.09375 0.09668
0 0.73047 0.60547 0.05859 0.13867
0 0.84912 0.46973 0.12012 0.08203
0 0.78369 0.65869 0.08105 0.10254
0 0.625 0.78125 0.10156 0.08398
0 0.94385 0.77588 0.09277 0.05371
0 0.94775 0.8667 0.10254 0.05371
0 0.80713 0.94336 0.10449 0.07617
0 0.84424 0.6167 0.05566 0.09082
0 0.86963 0.19141 0.09668 0.11133
0 0.96387 0.27734 0.07227 0.0918
0 0.93066 0.52734 0.03906 0.05859
0 0.59521 0.46924 0.04395 0.04785
0 0.14648 0.854 0.04883 0.0459
0 0.29443 0.11914 0.0459 0.05273
0 0.25391 0.39746 0.06836 0.0625
