0 0.21191 0.50342 0.10938 0.12207
0 0.83057 0.64697 0.09277 0.09473
0 0.78564 0.30078 0.10254 0.08203
0 0.10938 0.74951 0.10938 0.10449
0 0.29102 0.61719 0.08789 0.08984
0 0.16113 0.34961 0.09766 0.125
0 0.84229 0.19482 0.12012 0.12988
0 0.64697 0.4458 0.13965 0.1416
0 0.89746 0.75098 0.10352 0.09766
0 0.56689 0.58057 0.06934 0.07715
0 0.16455 0.94336 0.0791 0.07812
0 0.83105 0.07715 0.09766 0.10547
0 0.03369 0.43848 0.06738 0.1875
0 0.80322 0.55469 0.13184 0.14062
0 0.58447 0.06348 0.05566 0.10742
0 0.29346 0.40234 0.1123 0.125
0 0.69092 0.76807 0.12793 0.09277
0 0.06592 0.19482 0.08301 0.09473
0 0.69336 0.3208 0.0625 0.06738
0 0.56836 0.29932 0.09766 0.20996
0 0.63818 0.58447 0.07715 0.10059
0 0.10449 0.05811 0.10938 0.11621
0 0.2168 0.03662 0.10547 0.07324
0 0.69727 0.1084 0.10547 0.10742
0 0.67041 0.04248 0.06934 0.08496
0 0.74561 0.78857 0.10254 0.07324
0 0.09717 0.97363 0.06543 0.05273
0 0.28955 0.52686 0.11035 0.08496
0 0.21826 0.21826 0.1084 0.13184
0 0.85986 0.0293 0.12988 0.05859
0 0.5459 0.44336 0.08203 0.08203
0 0.61182 0.32178 0.08496 0.15527
0 0.77979 0.44971 0.12988 0.12988
