0 0.90137 0.31104 0.11523 0.0752
0 0.85693 0.42041 0.11035 0.06738
0 0.15283 0.22803 0.08691 0.10059
0 0.02979 0.38818 0.05957 0.08691
0 0.06348 0.03467 0.08789 0.06934
0 0.02832 0.27588 0.05664 0.10254
0 0.10449 0.11328 0.08008 0.07227
0 0.75586 0.0249 0.07227 0.0498
0 0.15186 0.06836 0.12012 0.13672
0 0.92529 0.54492 0.09473 0.08789
0 0.1333 0.47998 0.08691 0.09277
0 0.19434 0.03467 0.05469 0.06543
0 0.00098 0.41113 0.00195 0.07227
0 0.68945 0.78662 0.06641 0.07129
0 0.96826 0.66309 0.06348 0.08398
0 0.97461 0.43896 0.05078 0.09277
