0 0.96777 0.39551 0.04492 0.07422
0 0.30078 0.97119 0.10352 0.04785
0 0.30273 0.45898 0.08984 0.05664
0 0.1333 0.8125 0.0791 0.06641
0 0.71338 0.42334 0.1084 0.06152
0 0.39209 0.48535 0.13965 0.13086
0 0.78271 0.74756 0.07324 0.05566
0 0.24023 0.51904 0.09961 0.03809
0 0.54736 0.38428 0.08496 0.08105
0 0.9165 0.70752 0.06152 0.10059
0 0.04102 0.04004 0.07422 0.07812
0 0.44336 0.03223 0.0957 0.06445
0 0.49414 0.63086 0.06641 0.11914
0 0.32324 0.69287 0.125 0.06934
0 0.91016 0.65234 0.07227 0.06836
0 0.0498 0.13232 0.08789 0.04395
0 0.42969 0.3623 0.13477 0.06445
0 0.23047 0.16797 0.08789 0.07031
0 0.85107 0.66016 0.10254 0.06836
0 0.14404 0.21436 0.15137 0.04785
0 0.604 0.83301 0.11621 0.0957
0 0.23828 0.47852 0.07422 0.05859
0 0.66895 0.37256 0.03711 0.07324
0 0.15479 0.32031 0.16113 0.06641
0 0.07861 0.2666 0.08887 0.03906
0 0.87451 0.48926 0.1123 0.06445
0 0.06299 0.34033 0.11816 0.04199
0 0.61035 0.13916 0.09375 0.09473
0 0.23438 0.03271 0.08398 0.06348
0 0.46289 0.89502 0.0625 0.05762
0 0.87842 0.15137 0.15723 0.10938
0 0.51709 0.4375 0.06152 0.04883
0 0.51953 0.89551 0.05078 0.03125
0 0.87695 0.03857 0.05859 0.07715
0 0.61816 0.07812 0.0957 0.07422
0 0.91162 0.8374 0.08496 0.05371
0 0.56885 0.02246 0.05957 0.04297
0 0.69922 0.97803 0.08984 0.04395
0 0.59229 0.77344 0.1084 0.07812
0 0.52148 0.84619 0.07812 0.03027
0 0.27344 0.11475 0.16602 0.08105
0 0.62354 0.42236 0.08496 0.04395
0 0.17627 0.66943 0.05957 0.15137
0 0.11865 0.48047 0.12402 0.0293
0 0.49561 0.7876 0.12207 0.06934
0 0.47998 0.7334 0.05762 0.08398
0 0.36914 0.12891 0.08008 0.02344
0 0.92871 0.9043 0.13867 0.03906
0 0.44482 0.72266 0.10645 0.03125
0 0.80811 0.86182 0.12793 0.04785
0 0.08545 0.18018 0.08887 0.03613
0 0.1665 0.16016 0.13574 0.13672
0 0.55225 0.05615 0.07129 0.09668
0 0.40771 0.98682 0.06934 0.02246
0 0.2876 0.59912 0.06738 0.04395
0 0.34375 0.01611 0.10156 0.03223
0 0.56006 0.07227 0.08887 0.11914
0 0.04834 0.45166 0.09668 0.04199
0 0.03564 0.49561 0.07129 0.03613
0 0.29639 0.76855 0.1123 0.07617
0 0.35107 0.79688 0.07324 0.05273
0 0.8501 0.49902 0.09082 0.07031
0 0.04932 0.2002 0.09863 0.07031
0 0.04102 0.24365 0.08203 0.06543
0 0.29199 0.18408 0.07422 0.04004
