0 0.19287 0.59375 0.09277 0.05078
0 0.7959 0.49316 0.13086 0.0625
0 0.35596 0.71094 0.13184 0.05469
0 0.56494 0.02197 0.08301 0.04395
0 0.96191 0.17334 0.07617 0.05176
0 0.56787 0.15283 0.09082 0.05566
0 0.86084 0.25 0.10645 0.05859
0 0.42969 0.30713 0.11914 0.04395
0 0.87256 0.42773 0.11426 0.04492
0 0.16846 0.83594 0.12012 0.04883
0 0.52051 0.21582 0.08008 0.0625
0 0.74414 0.06006 0.11133 0.04395
0 0.94678 0.59326 0.10449 0.05566
0 0.43799 0.29346 0.12402 0.0459
0 0.97607 0.05762 0.04785 0.06055
0 0.65332 0.83838 0.11719 0.0459
0 0.20605 0.56348 0.11523 0.05078
0 0.82715 0.06885 0.07617 0.04199
0 0.31787 0.92627 0.12207 0.04395
0 0.80518 0.27148 0.09082 0.04883
0 0.05859 0.20508 0.08984 0.0625
0 0.12891 0.03369 0.11523 0.0459
0 0.18896 0.45898 0.16504 0.0625
0 0.87207 0.85547 0.10742 0.04688
0 0.06738 0.12061 0.125 0.06934
0 0.41895 0.85254 0.11914 0.04883
0 0.50391 0.89941 0.13867 0.05078
0 0.77539 0.29102 0.12305 0.08398
0 0.46631 0.53027 0.10449 0.05664
0 0.08203 0.16553 0.08594 0.04199
0 0.07031 0.55957 0.11719 0.04297
0 0.60742 0.76758 0.18555 0.08203
0 0.08447 0.84863 0.16504 0.04883
0 0.07275 0.90771 0.13965 0.03613
0 0.71094 0.98877 0.10742 0.02246
0 0.59717 0.29834 0.1416 0.06348
0 0.89062 0.94141 0.12305 0.0332
0 0.03223 0.31982 0.0625 0.03223
0 0.36816 0.80957 0.12891 0.03125
0 0.96484 0.22168 0.07031 0.04102
0 0.62988 0.24609 0.14258 0.04492
0 0.93994 0.67969 0.11816 0.03906
0 0.03857 0.57422 0.07715 0.04297
0 0.06201 0.79297 0.12402 0.04492
0 0.78418 0.33887 0.14258 0.04297
0 0.7124 0.89893 0.12207 0.03809
0 0.17676 0.98633 0.16211 0.02734
0 0.3418 0.86914 0.08789 0.04297
0 0.26514 0.53955 0.08301 0.02637
0 0.73779 0.36475 0.1084 0.02441
0 0.01709 0.39258 0.03418 0.02539
0 0.89355 0.01465 0.05664 0.02734
0 0.18164 0.20703 0.11719 0.04688
0 0.53076 0.95947 0.15723 0.04004
0 0.89209 0.91504 0.11035 0.03516
0 0.97266 0.55029 0.05469 0.03418
0 0.56201 0.94336 0.12598 0.04102
0 0.03418 0.97217 0.06641 0.03418
0 0.28613 0.41895 0.10352 0.01953
0 0.01709 0.71094 0.03418 0.03516
0 0.18066 0.22559 0.16406 0.07227
0 0.03076 0.23438 0.06152 0.04492
0 0.16016 0.01318 0.10156 0.02637
