0 0.70312 0.25635 0.0957 0.06152
0 0.62207 0.39111 0.08398 0.10645
0 0.79688 0.48193 0.11133 0.07324
0 0.65381 0.51123 0.07715 0.06934
0 0.57471 0.58105 0.0752 0.12695
0 0.70898 0.66553 0.14062 0.0791
0 0.57764 0.69873 0.05762 0.04785
0 0.50879 0.7041 0.05664 0.05273
0 0.56348 0.76855 0.08398 0.05859
0 0.49023 0.88525 0.05664 0.06543
0 0.27148 0.92041 0.05469 0.06152
0 0.26904 0.96484 0.07324 0.05664
0 0.56885 0.96191 0.10645 0.06641
0 0.67725 0.97754 0.11426 0.04492
0 0.79932 0.91162 0.07324 0.06543
0 0.86719 0.90283 0.08008 0.0752
0 0.95752 0.86133 0.08496 0.07422
0 0.96924 0.81836 0.05957 0.04883
0 0.6958 0.58008 0.06543 0.05664
0 0.93018 0.62354 0.13965 0.18066
0 0.34229 0.66357 0.0791 0.17285
0 0.24072 0.58936 0.0498 0.06348
0 0.15381 0.53516 0.05957 0.07812
0 0.12256 0.85645 0.12402 0.0625
0 0.05957 0.94873 0.10547 0.09668
0 0.34424 0.4248 0.09863 0.06836
0 0.30371 0.29834 0.17773 0.08691
0 0.47217 0.24512 0.06348 0.07031
0 0.52393 0.28271 0.05566 0.0752
0 0.58887 0.28809 0.06445 0.07227
0 0.62939 0.19336 0.1416 0.05859
0 0.77734 0.03955 0.08203 0.0791
0 0.87598 0.0542 0.07227 0.0752
0 0.9668 0.03516 0.06641 0.05859
0 0.96875 0.20654 0.0625 0.10645
0 0.98291 0.29932 0.03418 0.08887
0 0.66406 0.01416 0.08008 0.02832
0 0.50293 0.02832 0.17383 0.05664
0 0.479 0.07129 0.08496 0.08984
0 0.56494 0.10107 0.05957 0.06934
0 0.13086 0.05469 0.16797 0.10938
0 0.10645 0.18506 0.08008 0.11621
0 0.04004 0.18506 0.08008 0.05371
0 0.24316 0.19287 0.06641 0.10254
0 0.30371 0.18652 0.11328 0.12109
0 0.03711 0.59229 0.07031 0.07129
0 0.46826 0.68555 0.06934 0.06445
0 0.31201 0.79248 0.06152 0.05566
0 0.20264 0.82275 0.0498 0.05957
0 0.73486 0.41943 0.06738 0.05566
0 0.59863 0.85645 0.08984 0.06836
0 0.54395 0.67285 0.07031 0.0332
0 0.55518 0.31055 0.0498 0.06055
