0 0.36035 0.61084 0.10742 0.10254
0 0.41602 0.4585 0.15234 0.1123
0 0.19287 0.24902 0.12402 0.13477
0 0.48975 0.85059 0.14551 0.11719
0 0.31836 0.26172 0.11328 0.125
0 0.80371 0.94922 0.10938 0.10156
0 0.58545 0.79102 0.1123 0.08789
0 0.91211 0.66309 0.09961 0.09766
0 0.91113 0.82324 0.10742 0.08203
0 0.30225 0.896 0.09473 0.1123
0 0.25684 0.60156 0.08203 0.0918
0 0.1958 0.84082 0.1123 0.10742
0 0.58252 0.43896 0.09082 0.06934
0 0.94287 0.2041 0.1123 0.08789
0 0.50977 0.13184 0.10938 0.11133
0 0.94141 0.59277 0.11523 0.09766
0 0.09375 0.18848 0.08789 0.08398
0 0.94385 0.11426 0.11035 0.09766
0 0.45215 0.08545 0.18945 0.14746
0 0.27588 0.76807 0.10645 0.08496
0 0.40234 0.16943 0.08203 0.09473
0 0.97266 0.4209 0.05469 0.10742
0 0.18945 0.03125 0.07812 0.0625
0 0.33008 0.0249 0.07617 0.0498
0 0.94434 0.97412 0.0957 0.05176
