0 0.87842 0.07422 0.04395 0.10352
0 0.9624 0.20459 0.04004 0.05957
0 0.93408 0.50879 0.08105 0.11133
0 0.81592 0.3252 0.05762 0.0625
0 0.83252 0.23047 0.08105 0.10938
0 0.79297 0.28271 0.03906 0.08301
0 0.75781 0.24219 0.03711 0.07031
0 0.80029 0.14844 0.05566 0.07227
0 0.84033 0.14014 0.05566 0.09277
0 0.65283 0.29248 0.06543 0.05566
0 0.72119 0.31348 0.06348 0.03711
0 0.77588 0.41162 0.04785 0.05566
0 0.32422 0.37402 0.08594 0.10547
0 0.49756 0.22656 0.0498 0.07617
0 0.43848 0.16797 0.07031 0.06445
0 0.54541 0.23389 0.07129 0.06152
0 0.52441 0.27783 0.05078 0.04785
0 0.62451 0.37451 0.08691 0.05762
0 0.57422 0.35986 0.06055 0.04785
0 0.50537 0.40283 0.06348 0.05566
0 0.33252 0.44287 0.06934 0.03809
0 0.08203 0.34424 0.12891 0.04004
0 0.07031 0.30469 0.14062 0.04688
0 0.04834 0.12207 0.04785 0.04688
0 0.16064 0.02002 0.10254 0.04004
0 0.23975 0.53418 0.08105 0.07617
0 0.20459 0.63818 0.08105 0.0459
0 0.22168 0.68213 0.05664 0.04395
0 0.2749 0.69824 0.06152 0.04883
0 0.27441 0.63477 0.07031 0.06055
0 0.34521 0.5249 0.05566 0.0459
0 0.4165 0.55371 0.04395 0.05469
0 0.44043 0.53564 0.06641 0.07129
0 0.56152 0.54395 0.04883 0.06445
0 0.61328 0.47461 0.08398 0.07422
0 0.67529 0.50195 0.05957 0.04883
0 0.67236 0.54639 0.05566 0.0498
0 0.65771 0.60303 0.0752 0.06543
0 0.87256 0.59619 0.04395 0.0498
0 0.54053 0.60791 0.08691 0.06543
0 0.479 0.63818 0.0752 0.03418
0 0.50195 0.64746 0.05859 0.05273
0 0.41357 0.64697 0.04785 0.05371
0 0.40918 0.75537 0.0918 0.05176
0 0.38525 0.81787 0.06543 0.09082
0 0.32471 0.79199 0.05176 0.05078
0 0.28076 0.8042 0.04199 0.04785
0 0.23975 0.81152 0.05176 0.05078
0 0.1626 0.93311 0.06152 0.09863
0 0.05029 0.84619 0.10059 0.04395
0 0.39453 0.91553 0.0918 0.05957
0 0.47021 0.88428 0.07324 0.06348
0 0.53174 0.81934 0.06934 0.03906
0 0.4873 0.771 0.0625 0.0459
0 0.5459 0.73291 0.05078 0.05957
0 0.52246 0.69385 0.07617 0.04785
0 0.58936 0.66211 0.08301 0.06055
0 0.75391 0.74756 0.0625 0.0498
0 0.76611 0.83105 0.09277 0.05469
0 0.81104 0.89453 0.06348 0.08398
0 0.9458 0.94287 0.04004 0.09863
0 0.98145 0.89551 0.03711 0.09375
0 0.83496 0.70312 0.06641 0.05469
0 0.25586 0.02588 0.03516 0.02832
0 0.08252 0.63428 0.04395 0.03027
0 0.86572 0.33496 0.04004 0.0293
0 0.84229 0.29346 0.04004 0.0498
0 0.66797 0.27588 0.06055 0.05957
0 0.61426 0.82275 0.06445 0.03809
0 0.59814 0.83008 0.07715 0.03125
0 0.60303 0.83545 0.05371 0.0752
0 0.58643 0.74609 0.05176 0.05273
0 0.65625 0.76318 0.03125 0.03613
0 0.46631 0.83936 0.02832 0.03613
