0 0.14746 0.94434 0.07227 0.10547
0 0.38721 0.25293 0.04785 0.11133
0 0.28809 0.07715 0.08594 0.11719
0 0.09619 0.2002 0.0459 0.0918
0 0.17041 0.2085 0.06543 0.07324
0 0.5166 0.75391 0.11719 0.06055
0 0.34326 0.05908 0.04785 0.08691
0 0.33252 0.19043 0.07324 0.11328
0 0.85254 0.16211 0.05078 0.08203
0 0.8501 0.31592 0.06348 0.10449
0 0.29932 0.34668 0.04785 0.13281
0 0.36084 0.77002 0.07129 0.07715
0 0.8125 0.17773 0.07227 0.06836
0 0.68652 0.43408 0.10156 0.0459
0 0.43799 0.40186 0.0459 0.07324
0 0.93115 0.39014 0.05176 0.06934
0 0.53467 0.64746 0.03809 0.07812
0 0.09424 0.32178 0.08496 0.09863
0 0.94238 0.81348 0.08008 0.04688
0 0.45361 0.20459 0.05957 0.06934
0 0.49219 0.2998 0.06445 0.10938
0 0.84326 0.41992 0.05957 0.07227
0 0.0083 0.70605 0.0166 0.07422
0 0.02686 0.37598 0.05371 0.04688
0 0.98096 0.70312 0.03418 0.07617
0 0.93701 0.61719 0.07715 0.12695
0 0.74268 0.86426 0.03809 0.06836
0 0.31299 0.53125 0.06934 0.15039
0 0.41943 0.7627 0.04785 0.09961
0 0.01709 0.47949 0.03418 0.04688
0 0.15723 0.37012 0.05078 0.125
0 0.96289 0.52734 0.07031 0.08789
0 0.46631 0.80518 0.05566 0.07715
0 0.5415 0.39209 0.07129 0.07324
0 0.34912 0.85742 0.02637 0.04883
0 0.89844 0.76367 0.04297 0.05859
0 0.6499 0.45117 0.07324 0.03711
0 0.20996 0.87305 0.08203 0.05273
0 0.10986 0.74805 0.09082 0.0625
0 0.48438 0.87109 0.05859 0.03516
0    
0 0.32715 0.47559 0.03711 0.10938
0 0.81787 0.82568 0.03223 0.0498
0 0.94482 0.18115 0.02637 0.06543
0 0.08643 0.6709 0.06543 0.14844
0 0.61279 0.46631 0.06348 0.04199
0 0.271 0.98242 0.05176 0.03516
0 0.5415 0.48682 0.03809 0.06348
0 0.16455 0.44678 0.06738 0.03809
0 0.35742 0.50684 0.05273 0.06055
0 0.3252 0.73389 0.09766 0.04785
0 0.67285 0.8125 0.04297 0.02148
0 0.51025 0.49219 0.07715 0.05469
0 0.97363 0.28369 0.04883 0.0459
0 0.84131 0.09473 0.06348 0.06055
0 0.70117 0.11914 0.05859 0.08594
0 0.8667 0.5415 0.10059 0.05176
0 0.0791 0.94287 0.06445 0.0459
0 0.97168 0.92627 0.05664 0.04395
0 0.85693 0.98682 0.0459 0.02637
0 0.76758 0.86523 0.04492 0.04492
