0 0.82275 0.46875 0.0752 0.06055
0 0.93604 0.45947 0.11426 0.09277
0 0.10205 0.56982 0.08496 0.09473
0 0.896 0.61279 0.07715 0.08105
0 0.03369 0.37695 0.06738 0.0957
0 0.11963 0.30322 0.06934 0.1123
0 0.88477 0.21094 0.07422 0.11133
0 0.09326 0.74707 0.09668 0.08008
0 0.93213 0.53027 0.06543 0.05664
0 0.21533 0.19336 0.06934 0.05664
0 0.05664 0.04395 0.07617 0.08203
0 0.01855 0.30078 0.03711 0.07812
0 0.07959 0.28467 0.0752 0.08496
0 0.02539 0.77002 0.05078 0.06738
0 0.95312 0.79395 0.09375 0.05469
0 0.94922 0.90771 0.10156 0.05371
0 0.66504 0.10986 0.05078 0.12207
0 0.95996 0.74902 0.08008 0.05469
0 0.96924 0.83691 0.06152 0.04688
