0 0.69092 0.02002 0.08887 0.04004
0 0.49854 0.09961 0.0752 0.08789
0 0.61816 0.12598 0.08984 0.06055
0 0.45801 0.22461 0.07031 0.07617
0 0.56201 0.23682 0.10449 0.08301
0 0.82422 0.20557 0.11523 0.0752
0 0.95996 0.22217 0.07031 0.07715
0 0.7627 0.38818 0.09766 0.09277
0 0.96582 0.34326 0.06836 0.12012
0 0.42773 0.41602 0.14258 0.11914
0 0.48389 0.49414 0.09082 0.09375
0 0.63965 0.41309 0.0625 0.08008
0 0.7124 0.48291 0.08691 0.07715
0 0.95264 0.55469 0.08496 0.07812
0 0.72803 0.65039 0.0791 0.08789
0 0.81592 0.64844 0.08301 0.06836
0 0.95117 0.63232 0.0957 0.06934
0 0.97754 0.69873 0.04492 0.06152
0 0.97168 0.76416 0.05664 0.06348
0 0.51025 0.80957 0.08887 0.08398
0 0.62354 0.83887 0.09277 0.16797
0 0.38672 0.92773 0.08984 0.08984
0 0.44238 0.97559 0.07812 0.04883
0 0.91699 0.91602 0.08789 0.10938
0 0.09229 0.92871 0.12793 0.08203
0 0.28418 0.83691 0.08008 0.08594
0 0.13574 0.81348 0.10938 0.08398
0 0.05908 0.8291 0.05762 0.07422
0 0.17822 0.7207 0.09863 0.07422
0 0.23145 0.48047 0.07422 0.07227
0 0.28662 0.51367 0.07129 0.06836
0 0.22852 0.40234 0.08008 0.07227
0 0.12109 0.56006 0.08594 0.07129
0 0.38672 0.71094 0.14258 0.0918
0 0.45166 0.64551 0.08301 0.08008
0 0.2749 0.11182 0.09668 0.09473
0 0.15234 0.23438 0.11328 0.09375
0 0.13428 0.09766 0.09277 0.07812
0 0.31738 0.0332 0.06445 0.06641
0 0.08057 0.03809 0.10059 0.07617
0 0.80127 0.70264 0.09473 0.06738
0 0.17188 0.59326 0.08594 0.07715
0 0.01611 0.26855 0.03223 0.05859
0 0.39062 0.65527 0.0625 0.05273
0 0.88037 0.65527 0.05371 0.06641
