0 0.06934 0.28711 0.10547 0.09961
0 0.68457 0.82227 0.14062 0.11523
0 0.30859 0.46973 0.08594 0.11133
0 0.03662 0.20312 0.07324 0.12695
0 0.73047 0.94873 0.13281 0.10254
0 0.15332 0.58691 0.10547 0.07227
0 0.68555 0.40576 0.14258 0.12793
0 0.47705 0.44385 0.09473 0.10254
0 0.84131 0.21631 0.1416 0.12793
0 0.11475 0.42627 0.12988 0.1377
0 0.87354 0.46436 0.15723 0.09668
0 0.91309 0.61133 0.16016 0.08008
0 0.14355 0.21924 0.07812 0.09668
0 0.54443 0.71973 0.13184 0.08984
0 0.37061 0.94043 0.12207 0.10742
0 0.69092 0.12305 0.21777 0.125
0 0.8833 0.3501 0.1377 0.08496
0 0.37744 0.58008 0.09863 0.10938
0 0.11084 0.03711 0.14746 0.07031
0 0.94971 0.26221 0.09473 0.08496
0 0.63281 0.72754 0.13086 0.05664
0 0.95264 0.45215 0.09277 0.16406
0 0.94775 0.35107 0.10449 0.09277
