0 0.15967 0.2334 0.12012 0.13281
0 0.62061 0.89453 0.08691 0.05469
0 0.24561 0.42676 0.08691 0.08008
0 0.57471 0.95166 0.13965 0.0752
0 0.28955 0.50049 0.05957 0.07715
0 0.65234 0.66699 0.125 0.07031
0 0.6333 0.55469 0.10254 0.07031
0 0.09473 0.97705 0.08984 0.0459
0 0.67334 0.26318 0.11816 0.13184
0 0.71582 0.11914 0.08789 0.08008
0 0.7085 0.48975 0.08301 0.05957
0 0.26807 0.5708 0.10254 0.06738
0 0.15088 0.8208 0.14746 0.12207
0 0.83691 0.69824 0.08984 0.0918
0 0.28223 0.68799 0.10547 0.06738
0 0.35059 0.62061 0.13281 0.08301
0 0.40186 0.73193 0.09473 0.06934
0 0.56689 0.08203 0.14551 0.09961
0 0.02832 0.25439 0.05664 0.05957
0 0.02832 0.96094 0.05664 0.07812
0 0.01611 0.51807 0.03223 0.08301
0 0.94189 0.58301 0.06934 0.07227
0 0.01221 0.89941 0.02441 0.0957
0 0.94189 0.74707 0.10449 0.10547
0 0.24805 0.14307 0.07227 0.08301
0 0.34863 0.09961 0.0625 0.0957
0 0.54443 0.19189 0.08496 0.0752
0 0.75586 0.75781 0.13672 0.0625
0 0.12842 0.04736 0.19238 0.09473
0 0.08691 0.73975 0.06055 0.0498
0 0.44922 0.38184 0.08008 0.07031
0 0.64453 0.79834 0.05469 0.05762
0 0.25195 0.07666 0.14062 0.08496
0 0.02295 0.60889 0.0459 0.07324
0 0.87305 0.95703 0.10742 0.08594
0 0.26953 0.74219 0.06445 0.07031
0 0.4624 0.56055 0.0752 0.08789
0 0.94092 0.48096 0.11816 0.07715
0 0.77832 0.40039 0.11328 0.0625
0 0.86328 0.03467 0.19141 0.06543
0 0.30078 0.36328 0.05273 0.06836
0 0.94336 0.88818 0.10742 0.06738
0 0.6709 0.01807 0.08203 0.03223
0 0.71094 0.3833 0.12305 0.07715
0 0.94336 0.38477 0.10742 0.10547
0 0.11182 0.88574 0.12012 0.08203
0 0.80322 0.9458 0.08691 0.04785
0 0.12207 0.80957 0.06445 0.07031
0 0.28467 0.61182 0.05566 0.10449
0 0.92578 0.34961 0.05273 0.07031
0 0.23975 0.36328 0.08496 0.07227
0 0.20068 0.35693 0.03223 0.03027
0 0.52686 0.05225 0.14941 0.05957
0 0.97852 0.04443 0.04297 0.03027
0 0.94141 0.02734 0.11719 0.05469
