0 0.06006 0.02734 0.12012 0.05469
0 0.34766 0.12354 0.11133 0.09668
0 0.76074 0.96484 0.06641 0.06641
0 0.86914 0.83643 0.08398 0.07324
0 0.67285 0.21143 0.08789 0.04785
0 0.29297 0.57227 0.09375 0.05273
0 0.05908 0.21191 0.10254 0.08594
0 0.37402 0.45312 0.10156 0.05664
0 0.88281 0.271 0.06055 0.0791
0 0.15967 0.25635 0.10254 0.06543
0 0.84912 0.59229 0.07324 0.05176
0 0.20654 0.21143 0.10449 0.07324
0 0.40137 0.24316 0.06836 0.05469
0 0.85889 0.32812 0.08887 0.06055
0 0.44385 0.30957 0.08301 0.06055
0 0.23633 0.62891 0.10547 0.05469
0 0.3916 0.56152 0.06641 0.04883
0 0.49463 0.25049 0.05176 0.09863
0 0.60205 0.24951 0.09277 0.05176
0 0.54053 0.14893 0.09082 0.0459
0 0.71729 0.15674 0.06543 0.04199
0 0.18799 0.521 0.09277 0.04785
0 0.39941 0.70947 0.0957 0.03613
0 0.53174 0.61914 0.09082 0.04102
0 0.05127 0.34033 0.09863 0.03809
0 0.34326 0.56641 0.07715 0.04492
0 0.64502 0.58984 0.16699 0.03906
0 0.34033 0.9165 0.11621 0.04004
0 0.54248 0.9043 0.12988 0.03516
0 0.63086 0.22168 0.06055 0.06055
0 0.72412 0.61768 0.08887 0.03613
0 0.89551 0.3833 0.07227 0.05762
0 0.87451 0.64453 0.09277 0.03516
0 0.12402 0.86914 0.11133 0.0332
0 0.0293 0.21484 0.05859 0.05664
0 0.69727 0.54492 0.07031 0.03125
0 0.86914 0.93604 0.10547 0.03027
0 0.00732 0.25391 0.01465 0.08789
0 0.5083 0.30518 0.06738 0.02637
0 0.33154 0.87744 0.06934 0.05762
0 0.27344 0.6665 0.13281 0.06738
0 0.49414 0.69092 0.05078 0.07324
0 0.53125 0.97607 0.07031 0.02832
0 0.8208 0.37549 0.0498 0.03809
0 0.4502 0.18066 0.06641 0.05859
0 0.63379 0.30029 0.12109 0.05176
0 0.9292 0.25586 0.06152 0.04102
0 0.97754 0.2749 0.04492 0.03027
0 0.65918 0.66064 0.09375 0.03418
0 0.39941 0.60254 0.04297 0.05859
0 0.41455 0.9502 0.09082 0.04297
0 0.40186 0.51514 0.08105 0.03223
0 0.86279 0.97852 0.05176 0.0293
0 0.97607 0.97803 0.04785 0.02637
0 0.0249 0.97461 0.0498 0.0293
0 0.03516 0.87744 0.07031 0.04199
0 0.6416 0.77344 0.0625 0.01758
0 0.53516 0.21289 0.12305 0.03906
0 0.58203 0.1875 0.03516 0.06445
0 0.45166 0.94092 0.08496 0.01855
0 0.03662 0.65967 0.07324 0.03223
0 0.12158 0.00928 0.08105 0.01855
0 0.26367 0.59961 0.12305 0.03516
0 0.21973 0.96533 0.06641 0.04395
0 0.48975 0.66211 0.09082 0.04492
0 0.37256 0.96631 0.08887 0.03613
0 0.47168 0.98975 0.07617 0.02051
0 0.43701 0.93018 0.12988 0.0498
0 0.62598 0.84619 0.1543 0.0459
0 0.46191 0.50098 0.07031 0.04688
0 0.58936 0.53418 0.20801 0.13281
0 0.54639 0.57471 0.05957 0.06738
0 0.16943 0.18262 0.15723 0.11133
