0 0.37451 0.4502 0.06543 0.0957
0 0.83643 0.05762 0.05957 0.09961
0 0.01611 0.06934 0.03223 0.13672
0 0.52002 0.80518 0.11035 0.07715
0 0.05127 0.34375 0.10254 0.06641
0 0.96191 0.42773 0.07617 0.08594
0 0.01221 0.73096 0.02441 0.04395
0 0.4165 0.09619 0.15723 0.06934
0 0.21924 0.10156 0.11426 0.07031
0 0.4375 0.67139 0.16211 0.06152
0 0.45215 0.04736 0.10352 0.05371
0 0.16064 0.39014 0.12793 0.12988
0 0.20654 0.04053 0.09082 0.08105
0 0.95947 0.23486 0.06738 0.08887
0 0.95752 0.28809 0.0791 0.0625
0 0.53662 0.65576 0.06934 0.13379
0 0.10986 0.55225 0.14746 0.05566
0 0.79102 0.42432 0.11328 0.1416
0 0.04639 0.90918 0.09277 0.08789
0 0.0957 0.46143 0.1543 0.03809
0 0.29639 0.3418 0.16113 0.10547
0 0.37988 0.77197 0.18945 0.08105
0 0.96875 0.35742 0.05078 0.0625
0 0.04736 0.25684 0.08496 0.12891
0 0.48926 0.47656 0.07031 0.04688
0 0.7417 0.02637 0.11816 0.05273
0 0.94531 0.77588 0.05078 0.10254
0 0.15283 0.62598 0.06738 0.04492
0 0.00586 0.43896 0.01172 0.02832
0 0.44824 0.63232 0.13477 0.10254
0 0.14209 0.03662 0.12207 0.07324
0 0.15186 0.41748 0.11035 0.12988
0 0.03809 0.26074 0.06055 0.10352
0 0.22949 0.60361 0.0918 0.03027
0 0.87207 0.40039 0.07031 0.03906
0 0.87744 0.41504 0.07129 0.04688
0 0.05176 0.3125 0.08398 0.05078
0 0.72266 0.33691 0.1875 0.14648
0 0.75684 0.57422 0.06641 0.04297
0 0.93994 0.69385 0.06152 0.0459
0 0.76758 0.20361 0.05859 0.04004
0 0.98242 0.55127 0.03516 0.06543
0 0.58057 0.14795 0.08496 0.0498
0 0.65625 0.29541 0.13281 0.14551
