0 0.23682 0.78662 0.09082 0.20215
0 0.04297 0.55713 0.08594 0.11426
0 0.07471 0.51074 0.06934 0.0625
0 0.2251 0.60791 0.10059 0.12012
0 0.28857 0.69336 0.09668 0.14648
0 0.43018 0.7417 0.22559 0.12988
0 0.37744 0.60596 0.05176 0.10059
0 0.46143 0.61621 0.08301 0.11719
0 0.49854 0.43457 0.07324 0.13477
0 0.5708 0.55469 0.08301 0.11523
0 0.32227 0.38721 0.11133 0.10059
0 0.24609 0.3418 0.0918 0.26367
0 0.41846 0.91406 0.1416 0.08789
0 0.56738 0.91602 0.09961 0.07227
0 0.67188 0.93164 0.13086 0.11133
0 0.76221 0.91162 0.08301 0.16113
0 0.64453 0.75879 0.0957 0.08594
0 0.76611 0.73682 0.17871 0.15918
0 0.66748 0.6875 0.05371 0.11133
0 0.77344 0.62549 0.10938 0.11035
0 0.82324 0.49072 0.13867 0.1377
0 0.68799 0.26465 0.09473 0.13477
0 0.15332 0.16162 0.13281 0.06348
0 0.40527 0.15283 0.16406 0.30566
0 0.47949 0.20361 0.03711 0.08301
0 0.54346 0.15088 0.0752 0.29199
0 0.01318 0.5166 0.02637 0.1582
0 0.64551 0.09863 0.08398 0.19727
0 0.69678 0.0415 0.05371 0.08301
0 0.88525 0.20215 0.08301 0.11914
0 0.90088 0.24902 0.07129 0.09961
0 0.19043 0.05762 0.06836 0.11523
0 0.97461 0.48291 0.05078 0.15332
0 0.9668 0.6084 0.06055 0.12305
0 0.9209 0.70654 0.09961 0.12988
0 0.90527 0.81689 0.07812 0.0791
0 0.2793 0.8335 0.08008 0.07715
0 0.42236 0.64893 0.07324 0.10645
0 0.58252 0.04102 0.06738 0.08203
0 0.47461 0.29004 0.06641 0.12695
0 0.41943 0.31152 0.06934 0.08398
0 0.55225 0.50293 0.07129 0.07227
0 0.63379 0.37354 0.125 0.09863
0 0.51025 0.2832 0.05371 0.05273
0 0.49268 0.35498 0.12402 0.15918
0 0.59082 0.27832 0.17969 0.25391
0 0.14209 0.42871 0.0498 0.09375
0 0.1499 0.46631 0.12207 0.18066
0 0.7373 0.9209 0.08008 0.1582
0 0.72021 0.86377 0.0498 0.07129
