0 0.96729 0.53223 0.06543 0.08594
0 0.95947 0.28809 0.08105 0.08203
0 0.82031 0.27832 0.10156 0.11914
0 0.75879 0.17725 0.08789 0.06152
0 0.93311 0.15723 0.06738 0.09961
0 0.76221 0.04541 0.08887 0.09082
0 0.6875 0.11768 0.05469 0.05371
0 0.66602 0.0625 0.0918 0.06641
0 0.57373 0.07031 0.10254 0.07227
0 0.57568 0.18213 0.07129 0.06348
0 0.56543 0.30566 0.13086 0.08789
0 0.62939 0.36523 0.13184 0.09766
0 0.07422 0.03418 0.11133 0.05273
0 0.11328 0.11865 0.10156 0.06934
0 0.229 0.20166 0.09668 0.06738
0 0.38086 0.13525 0.07422 0.09082
0 0.39941 0.05127 0.06836 0.06934
0 0.20557 0.41895 0.06738 0.08008
0 0.48145 0.44385 0.08789 0.14941
0 0.58496 0.58447 0.08398 0.09082
0 0.73535 0.69629 0.08984 0.17383
0 0.75488 0.86621 0.06445 0.12891
0 0.9458 0.82227 0.06543 0.20703
0 0.88477 0.89404 0.07617 0.0791
0 0.50537 0.78271 0.09473 0.18457
0 0.42529 0.76367 0.0752 0.10156
0 0.35498 0.81982 0.0752 0.04785
0 0.24512 0.64453 0.10547 0.16016
0 0.05908 0.47363 0.08301 0.05859
0 0.27197 0.44727 0.12793 0.17969
0 0.11963 0.51904 0.1084 0.06152
0 0.03027 0.75586 0.06055 0.09961
0 0.18408 0.93164 0.16504 0.07617
0 0.07129 0.96729 0.07617 0.06543
0 0.03467 0.16602 0.06934 0.05469
0 0.44775 0.5835 0.05762 0.05762
0 0.73877 0.46484 0.09082 0.07812
0 0.90088 0.52783 0.05957 0.09473
0 0.44922 0.21191 0.06641 0.0625
0 0.33203 0.16211 0.07617 0.07031
0 0.56006 0.9375 0.05566 0.07422
0 0.60742 0.87549 0.0625 0.07324
0 0.10693 0.5415 0.10645 0.05762
0 0.13086 0.60449 0.08008 0.0625
0 0.57227 0.67432 0.07227 0.08691
0 0.65332 0.24219 0.06055 0.08398
0 0.61816 0.51758 0.08594 0.08398
0 0.62109 0.63135 0.05859 0.08496
