0 0.17432 0.9458 0.08301 0.06543
0 0.71631 0.44287 0.0791 0.09668
0 0.69775 0.96143 0.08496 0.05957
0 0.16553 0.69336 0.08105 0.10156
0 0.7959 0.07422 0.04688 0.0957
0 0.83887 0.10547 0.06836 0.08203
0 0.04688 0.15625 0.09375 0.06641
0 0.66211 0.18359 0.10938 0.06055
0 0.34619 0.08887 0.04785 0.11719
0 0.07764 0.69922 0.0791 0.07227
0 0.88232 0.69043 0.08496 0.06641
0 0.89209 0.72266 0.09473 0.08984
0 0.8584 0.81348 0.05469 0.06445
0 0.04785 0.74561 0.08789 0.06543
0 0.03906 0.85254 0.07617 0.07617
0 0.41602 0.23291 0.07227 0.06152
0 0.44775 0.72266 0.06543 0.04688
0 0.19238 0.44385 0.10547 0.06738
0 0.26514 0.16992 0.14746 0.0625
0 0.48975 0.62354 0.03613 0.0752
0 0.91113 0.51611 0.04102 0.06738
0 0.80713 0.47705 0.07715 0.03418
0 0.33398 0.78711 0.11328 0.05664
0 0.04102 0.47559 0.08203 0.04297
0 0.19287 0.67236 0.09863 0.06738
0 0.78857 0.9375 0.09473 0.07031
0 0.11084 0.93262 0.08887 0.0625
0 0.06982 0.13477 0.09863 0.04883
0 0.06934 0.45215 0.13867 0.05078
0 0.89111 0.56738 0.09277 0.05469
0 0.0293 0.05957 0.05859 0.06445
0 0.84473 0.91406 0.05859 0.04492
0 0.95703 0.17188 0.04297 0.05859
0 0.87744 0.98975 0.07129 0.02051
0 0.84912 0.01562 0.06738 0.03125
0 0.27637 0.51904 0.10742 0.04004
0 0.12061 0.51221 0.06934 0.04395
0 0.97559 0.52832 0.04883 0.05664
0 0.88281 0.48145 0.09961 0.05273
0 0.70752 0.73682 0.04199 0.06738
0 0.22412 0.76562 0.11621 0.04492
0 0.26074 0.73828 0.05078 0.06641
0 0.56348 0.22559 0.04883 0.04688
0 0.92334 0.60205 0.04785 0.03418
0 0.56152 0.43896 0.05078 0.0752
0 0.74854 0.77539 0.06543 0.04297
0 0.62939 0.38721 0.09277 0.06934
0 0.11182 0.67578 0.04785 0.0332
0 0.09814 0.52051 0.06738 0.02539
0 0.97021 0.84717 0.03809 0.06348
0 0.58496 0.15918 0.05273 0.04688
0 0.72754 0.80469 0.04883 0.06641
0 0.98584 0.25195 0.02832 0.04297
0 0.75879 0.40479 0.09375 0.05566
0 0.28174 0.91992 0.09668 0.04102
0 0.04248 0.25342 0.08105 0.0459
0 0.36426 0.31494 0.07031 0.04395
0 0.54541 0.79346 0.1084 0.04395
0 0.27881 0.81543 0.12598 0.05664
0 0.23926 0.5376 0.0957 0.05566
0 0.02783 0.98926 0.05371 0.02148
0 0.8916 0.19238 0.04492 0.05469
0 0.62549 0.98389 0.05957 0.03223
0 0.6123 0.48193 0.06641 0.06348
0 0.45068 0.45898 0.07324 0.0625
0 0.43848 0.52197 0.0918 0.04199
0 0.98242 0.29834 0.03516 0.03809
0 0.24023 0.19531 0.05469 0.04492
0 0.07324 0.59277 0.04883 0.02148
0 0.99463 0.85303 0.01074 0.01855
0 0.05078 0.57031 0.10156 0.03711
0 0.5874 0.49658 0.05762 0.05176
0 0.11914 0.30811 0.07812 0.03613
0 0.01318 0.09961 0.02637 0.05664
0 0.03027 0.30908 0.06055 0.04004
0 0.21729 0.50098 0.0752 0.04102
0 0.09326 0.87744 0.04395 0.04395
0 0.1123 0.96924 0.07617 0.02832
0 0.3833 0.18311 0.06934 0.04004
0 0.94336 0.84717 0.03516 0.0498
