0 0.01074 0.0376 0.02148 0.05566
0 0.22314 0.16699 0.0459 0.0293
0 0.36426 0.23193 0.10156 0.04395
0 0.36035 0.17578 0.08008 0.05664
0 0.4165 0.07715 0.08887 0.06055
0 0.4082 0.1001 0.09766 0.06934
0 0.36328 0.10352 0.0957 0.06836
0 0.52588 0.23926 0.05176 0.06055
0 0.55859 0.22217 0.09961 0.03418
0 0.64551 0.26562 0.08008 0.07227
0 0.75098 0.16016 0.06445 0.06445
0 0.68018 0.13477 0.08105 0.0293
0 0.81055 0.125 0.06445 0.03906
0 0.8335 0.04297 0.0752 0.08594
0 0.97705 0.13867 0.0459 0.06445
0 0.99121 0.21924 0.01758 0.04004
0 0.77686 0.49512 0.07129 0.05273
0 0.90039 0.62207 0.07617 0.04102
0 0.87109 0.62451 0.05469 0.09473
0 0.87598 0.78418 0.04297 0.07227
0 0.8042 0.84375 0.0498 0.04688
0 0.95898 0.92773 0.05664 0.05469
0 0.68457 0.86572 0.07031 0.0498
0 0.80225 0.70068 0.06738 0.05762
0 0.67627 0.61377 0.07715 0.04395
0 0.70557 0.66553 0.09863 0.07715
0 0.57373 0.55273 0.06152 0.02734
0 0.80566 0.54639 0.04688 0.02637
0 0.52002 0.46387 0.08105 0.04883
0 0.40576 0.47559 0.05762 0.0293
0 0.50244 0.6084 0.09473 0.03711
0 0.60059 0.71338 0.10547 0.03809
0 0.55029 0.76172 0.08105 0.04102
0 0.38037 0.7417 0.09277 0.0459
0 0.40674 0.77734 0.10254 0.04102
0 0.49561 0.6665 0.06348 0.03613
0 0.51416 0.6958 0.09082 0.03613
0 0.92969 0.06689 0.04297 0.03809
0 0.0835 0.35596 0.12988 0.10645
0 0.03027 0.53223 0.06055 0.03906
0 0.08936 0.57227 0.08691 0.03516
0 0.09766 0.66748 0.05859 0.02441
0 0.05957 0.70215 0.06055 0.04688
0 0.37305 0.52686 0.0918 0.0498
0 0.33545 0.56787 0.10449 0.05371
0 0.27979 0.53613 0.11426 0.02539
0 0.73584 0.59424 0.03027 0.02637
0 0.53857 0.95215 0.05176 0.0332
0 0.84326 0.97021 0.04785 0.02832
0 0.20166 0.73145 0.1084 0.0332
0 0.02686 0.80078 0.05371 0.04297
0 0.14062 0.91943 0.05469 0.03613
