0 0.06104 0.1333 0.09277 0.08691
0 0.28418 0.11182 0.0918 0.14355
0 0.44189 0.16016 0.17676 0.08594
0 0.60059 0.08057 0.09375 0.10254
0 0.66211 0.18311 0.06641 0.06738
0 0.68896 0.26416 0.06738 0.07129
0 0.61572 0.30713 0.0752 0.08496
0 0.37451 0.28174 0.1377 0.07324
0 0.11621 0.31641 0.10352 0.09766
0 0.06006 0.74756 0.12012 0.10059
0 0.16504 0.66504 0.08008 0.10352
0 0.271 0.62354 0.08496 0.14355
0 0.14893 0.51025 0.06348 0.19434
0 0.24219 0.42969 0.0957 0.13281
0 0.2876 0.37061 0.08496 0.06934
0 0.5 0.35938 0.11328 0.10742
0 0.57861 0.44092 0.07715 0.11816
0 0.51416 0.49707 0.05176 0.09961
0 0.41846 0.58789 0.09277 0.14648
0 0.73242 0.61182 0.16602 0.08301
0 0.81689 0.36133 0.12793 0.19727
0 0.32764 0.83789 0.0791 0.06836
0 0.43506 0.80615 0.05176 0.04785
0 0.40283 0.89404 0.06543 0.06152
0 0.21582 0.88867 0.08203 0.08594
0 0.15723 0.93213 0.08789 0.07324
0 0.71436 0.94287 0.04395 0.11426
0 0.77734 0.92285 0.10547 0.0957
0 0.73682 0.7959 0.14746 0.11523
0 0.9209 0.51855 0.08398 0.10742
0 0.94189 0.31494 0.06543 0.06934
0 0.95264 0.40674 0.0752 0.12012
0 0.98828 0.14453 0.02344 0.06641
0 0.91504 0.16846 0.05469 0.06543
0 0.83447 0.12256 0.10645 0.13184
0 0.72754 0.02588 0.07031 0.05176
0 0.27344 0.97852 0.07227 0.04297
0 0.35791 0.90479 0.06934 0.08301
