0 0.03662 0.1001 0.07324 0.10449
0 0.0835 0.36865 0.08887 0.08691
0 0.16357 0.29053 0.06348 0.1123
0 0.19629 0.18115 0.07031 0.06348
0 0.26318 0.18115 0.07324 0.09277
0 0.03955 0.48193 0.06738 0.10254
0 0.20215 0.54688 0.06641 0.0957
0 0.24512 0.60742 0.08008 0.09375
0 0.14355 0.63086 0.07227 0.08789
0 0.05225 0.62549 0.08105 0.06152
0 0.11279 0.88965 0.06738 0.07812
0 0.20068 0.92969 0.07715 0.06641
0 0.24414 0.88672 0.07422 0.08008
0 0.85205 0.96094 0.0752 0.07227
0 0.78857 0.97119 0.06348 0.05762
0 0.74854 0.87256 0.08496 0.08105
0 0.72754 0.8042 0.08398 0.06348
0 0.58203 0.854 0.0918 0.07324
0 0.6416 0.74805 0.08594 0.09766
0 0.56641 0.72168 0.07422 0.07031
0 0.77734 0.68408 0.07812 0.0791
0 0.50439 0.63721 0.13965 0.09082
0 0.90039 0.63525 0.07812 0.0791
0 0.95068 0.58301 0.07129 0.13867
0 0.87793 0.54883 0.07812 0.12109
0 0.89551 0.47168 0.07617 0.07227
0 0.70898 0.4668 0.08398 0.11914
0 0.66699 0.41455 0.07812 0.06738
0 0.7002 0.36426 0.07422 0.07617
0 0.81348 0.38818 0.06836 0.0752
0 0.78906 0.32715 0.05859 0.06641
0 0.57324 0.2749 0.08594 0.09863
0 0.61084 0.20459 0.06152 0.06738
0 0.6958 0.17432 0.1084 0.05762
0 0.4834 0.34814 0.06445 0.05957
0 0.41113 0.3457 0.08008 0.07422
0 0.37695 0.31299 0.07422 0.06738
0 0.85547 0.20215 0.07031 0.08008
0 0.93555 0.25732 0.07617 0.06738
0 0.9585 0.34863 0.05957 0.0625
0 0.97949 0.40039 0.04102 0.05859
0 0.69775 0.23486 0.0752 0.06934
0 0.58301 0.03027 0.07227 0.05469
0 0.37646 0.96582 0.06543 0.06836
0 0.38721 0.76465 0.06152 0.05273
0 0.34326 0.23633 0.05957 0.06445
0 0.25537 0.39404 0.05957 0.06738
0 0.23926 0.11768 0.08398 0.07129
0 0.75879 0.9541 0.0625 0.0625
0 0.87402 0.02051 0.09766 0.04102
0 0.43164 0.97559 0.0625 0.04883
0 0.6748 0.02344 0.05469 0.04688
0 0.97656 0.01514 0.04492 0.02832
0 0.98291 0.24365 0.03418 0.09668
0 0.91797 0.34326 0.04492 0.0498
0 0.64307 0.23389 0.05371 0.07715
0 0.50977 0.0166 0.08008 0.0332
0 0.75342 0.3501 0.06543 0.05957
0 0.51318 0.88281 0.05566 0.04883
0 0.37549 0.88135 0.07129 0.04199
0 0.33936 0.92725 0.0459 0.05176
0 0.33105 0.98877 0.04492 0.02246
0 0.98633 0.3501 0.02734 0.03223
