0 0.87598 0.90723 0.07031 0.0957
0 0.0376 0.14648 0.06738 0.0957
0 0.82324 0.729 0.07617 0.12012
0 0.95312 0.75244 0.04492 0.08105
0 0.39697 0.52637 0.09082 0.08789
0 0.72559 0.46973 0.08594 0.09961
0 0.04395 0.80518 0.08008 0.09473
0 0.4292 0.66602 0.08691 0.08008
0 0.47168 0.21191 0.11719 0.11328
0 0.61816 0.84668 0.08203 0.08984
0 0.90479 0.42334 0.05566 0.09082
0 0.9043 0.55811 0.07031 0.1123
0 0.27002 0.82129 0.10059 0.07227
0 0.05029 0.5459 0.09277 0.0918
0 0.07764 0.66943 0.08887 0.09668
0 0.62256 0.9043 0.07324 0.08984
0 0.63428 0.55176 0.03418 0.09375
0 0.97559 0.63086 0.0293 0.09766
0 0.62061 0.25 0.04785 0.09375
0 0.7915 0.28125 0.09863 0.10938
0 0.17822 0.4834 0.09082 0.14453
0 0.57812 0.60156 0.08008 0.09961
0 0.52734 0.08447 0.0957 0.09473
0 0.23633 0.70215 0.10547 0.10742
0 0.49512 0.12354 0.05859 0.12012
0 0.55029 0.97754 0.0752 0.04492
0 0.11865 0.97803 0.08105 0.04004
0 0.21582 0.32031 0.11719 0.10547
0 0.60742 0.04932 0.04492 0.06543
0 0.24414 0.28125 0.11914 0.10742
0 0.82861 0.14844 0.0498 0.05078
0 0.80322 0.47803 0.09473 0.09082
0 0.57178 0.91309 0.05371 0.07227
0 0.40869 0.02295 0.07715 0.0459
0 0.56299 0.71387 0.06543 0.05859
0 0.76611 0.98193 0.05371 0.03613
0 0.2915 0.01807 0.05566 0.03418
0 0.21484 0.97559 0.0918 0.04492
0 0.3877 0.98486 0.06445 0.03027
0 0.35107 0.27637 0.09863 0.05273
0 0.03369 0.66504 0.06738 0.06445
0 0.18311 0.62891 0.09082 0.04492
0 0.50684 0.57324 0.05664 0.04102
0 0.11816 0.34912 0.17773 0.13574
0 0.01855 0.68896 0.03711 0.04004
0 0.94678 0.93115 0.0498 0.07324
0 0.07568 0.0459 0.14551 0.0918
0 0.91797 0.98584 0.05273 0.02441
0 0.25098 0.2124 0.14258 0.07715
0 0.97656 0.97949 0.03516 0.03906
0 0.22363 0.75439 0.05664 0.04004
0 0.16943 0.14014 0.09473 0.08691
0 0.22021 0.02002 0.08105 0.03809
0 0.81543 0.43555 0.03711 0.06641
0 0.41406 0.20557 0.07227 0.03418
0 0.07031 0.62402 0.0957 0.07031
0 0.60205 0.70068 0.0791 0.05371
0 0.83691 0.20312 0.04883 0.08984
0 0.02295 0.83252 0.04395 0.04785
0 0.06104 0.89062 0.12207 0.10156
0 0.7251 0.19434 0.07324 0.04492
0 0.53809 0.80811 0.10742 0.12988
