0 0.01953 0.23047 0.03906 0.07422
0 0.47754 0.41016 0.10352 0.13281
0 0.58398 0.74951 0.08594 0.05957
0 0.75293 0.51025 0.10352 0.09863
0 0.41309 0.10107 0.11328 0.11621
0 0.896 0.53711 0.09277 0.06055
0 0.83301 0.75879 0.10742 0.07617
0 0.09863 0.0791 0.0918 0.11523
0 0.09424 0.6377 0.13184 0.0625
0 0.94775 0.37598 0.10449 0.09766
0 0.71826 0.29736 0.1123 0.09473
0 0.80469 0.70215 0.07031 0.06445
0 0.62598 0.31348 0.08789 0.09766
0 0.86523 0.10352 0.08203 0.09375
0 0.72607 0.69824 0.06738 0.0625
0 0.85889 0.03076 0.08691 0.05957
0 0.21045 0.4751 0.0791 0.08105
