0 0.50928 0.97754 0.06152 0.04492
0 0.56738 0.95947 0.05273 0.06543
0 0.63477 0.9668 0.06836 0.05664
0 0.81348 0.9873 0.07031 0.02539
0 0.90088 0.96875 0.07715 0.0625
0 0.81055 0.8584 0.08203 0.06836
0 0.72852 0.80029 0.05859 0.09473
0 0.80859 0.75146 0.0625 0.07715
0 0.50342 0.69971 0.0791 0.07129
0 0.69775 0.6748 0.09668 0.11523
0 0.6123 0.62939 0.12695 0.08691
0 0.43262 0.60498 0.06836 0.07129
0 0.27002 0.73682 0.0791 0.05957
0 0.12158 0.73682 0.10254 0.09082
0 0.06592 0.69385 0.08301 0.07715
0 0.0332 0.65234 0.06641 0.07617
0 0.2998 0.54346 0.07617 0.0791
0 0.30127 0.45605 0.0791 0.07617
0 0.23047 0.44385 0.05664 0.07129
0 0.39795 0.45557 0.07129 0.06934
0 0.47607 0.33252 0.07715 0.07129
0 0.31543 0.30615 0.07422 0.06543
0 0.02002 0.30762 0.04004 0.0918
0 0.14111 0.44482 0.05566 0.06543
0 0.59033 0.31055 0.07129 0.08594
0 0.63232 0.41406 0.08887 0.07812
0 0.75928 0.44092 0.06348 0.10449
0 0.67773 0.48096 0.08008 0.06152
0 0.70703 0.55615 0.08789 0.11816
0 0.82324 0.43311 0.07227 0.06543
0 0.94629 0.49658 0.0625 0.07715
0 0.89404 0.62598 0.05957 0.07812
0 0.85986 0.29395 0.13965 0.06836
0 0.68896 0.35156 0.05566 0.07812
0 0.14307 0.17383 0.10059 0.08008
0 0.22559 0.17578 0.06836 0.06836
0 0.45947 0.16699 0.09473 0.07422
0 0.35986 0.10059 0.08887 0.0625
0 0.5415 0.05127 0.09082 0.09277
0 0.64014 0.13379 0.07324 0.0625
0 0.54736 0.17627 0.08691 0.08496
0 0.57178 0.2168 0.06543 0.0625
0 0.89258 0.07178 0.0625 0.0791
0 0.94775 0.11377 0.07715 0.06543
0 0.81689 0.08154 0.06152 0.07715
0 0.5918 0.11035 0.08398 0.07422
0 0.44092 0.42578 0.08301 0.06445
0 0.9873 0.62598 0.02539 0.04883
0 0.23682 0.86035 0.07324 0.09375
0 0.98535 0.9541 0.0293 0.07227
0 0.71924 0.30859 0.04785 0.04883
0 0.40234 0.28857 0.07422 0.05176
