0 0.15527 0.04541 0.05859 0.03613
0 0.4292 0.06104 0.04785 0.02832
0 0.9248 0.2251 0.0625 0.06543
0 0.98047 0.07715 0.03906 0.03516
0 0.97656 0.92529 0.04688 0.0791
0 0.87842 0.8457 0.04785 0.0918
0 0.81494 0.89697 0.03809 0.09082
0 0.79199 0.875 0.03516 0.05859
0 0.78223 0.91992 0.04883 0.06055
0 0.74268 0.86035 0.0459 0.08789
0 0.70752 0.96826 0.0498 0.04785
0 0.6167 0.95166 0.03223 0.06543
0 0.5957 0.7749 0.05273 0.05762
0 0.85547 0.66064 0.0293 0.03613
0 0.92578 0.59229 0.04492 0.03809
0 0.66748 0.26953 0.0459 0.06445
0 0.67969 0.11816 0.04102 0.04883
0 0.50439 0.17822 0.06152 0.05566
0 0.53955 0.26074 0.07324 0.04297
0 0.54199 0.23096 0.05859 0.03223
0 0.51904 0.3833 0.03613 0.0498
0 0.67139 0.58838 0.03613 0.03809
0 0.56396 0.69531 0.05566 0.03125
0 0.50098 0.80029 0.04883 0.05566
0 0.45947 0.83301 0.03613 0.07227
0 0.41455 0.84766 0.02441 0.04688
0 0.17627 0.84521 0.04395 0.04004
0 0.1792 0.89209 0.0459 0.04395
0 0.0835 0.87109 0.05176 0.07422
0 0.08008 0.95508 0.04297 0.07227
0 0.02539 0.65918 0.05078 0.04688
0 0.0415 0.79785 0.05957 0.06445
0 0.021 0.85205 0.04199 0.07715
0 0.35645 0.38086 0.0332 0.08203
0 0.33057 0.42822 0.05176 0.09668
0 0.41455 0.18994 0.05566 0.02637
0 0.3418 0.13965 0.05664 0.03906
0 0.34326 0.0791 0.0459 0.02734
0 0.27051 0.07715 0.06445 0.03516
0 0.24219 0.13574 0.05859 0.0332
0 0.25537 0.1582 0.06934 0.03711
0 0.19775 0.19043 0.05176 0.04492
0 0.19434 0.23389 0.04102 0.04199
0 0.25684 0.2666 0.07422 0.04102
0 0.18359 0.31836 0.04492 0.04688
0 0.08545 0.31299 0.08301 0.05762
0 0.07422 0.25146 0.05664 0.04785
0 0.04785 0.2207 0.0918 0.03125
0 0.03125 0.12451 0.0625 0.05566
0 0.01465 0.34814 0.0293 0.0498
0 0.43115 0.66113 0.05176 0.03516
