0 0.02686 0.0918 0.05371 0.07617
0 0.09326 0.50879 0.08301 0.05664
0 0.12988 0.29443 0.09766 0.07129
0 0.01904 0.74658 0.03809 0.0752
0 0.16357 0.16943 0.05176 0.07715
0 0.29639 0.09814 0.12598 0.12012
0 0.42725 0.17383 0.08691 0.07422
0 0.32422 0.22803 0.08203 0.06934
0 0.37354 0.26074 0.05176 0.0625
0 0.26025 0.45264 0.10059 0.08105
0 0.51953 0.38037 0.06641 0.09277
0 0.6582 0.3999 0.0625 0.05176
0 0.60938 0.41943 0.04688 0.08301
0 0.58643 0.47998 0.0752 0.05762
0 0.74902 0.50391 0.07031 0.05469
0 0.62793 0.5166 0.04883 0.06836
0 0.58057 0.53174 0.05957 0.05176
0 0.52344 0.51855 0.05859 0.07031
0 0.34082 0.51758 0.05664 0.07227
0 0.32812 0.5625 0.08203 0.05859
0 0.19873 0.65283 0.05762 0.06348
0 0.15186 0.76709 0.07129 0.07324
0 0.16943 0.71338 0.06348 0.05371
0 0.23975 0.82861 0.08105 0.0752
0 0.22314 0.8916 0.06543 0.05664
0 0.33203 0.83008 0.06055 0.08008
0 0.32617 0.92529 0.15234 0.08691
0 0.44238 0.87549 0.08594 0.06934
0 0.52393 0.81445 0.06152 0.06445
0 0.55127 0.75439 0.05371 0.04785
0 0.51025 0.69043 0.10449 0.09375
0 0.55615 0.65137 0.05957 0.06836
0 0.6333 0.63281 0.07129 0.06055
0 0.7085 0.7417 0.09082 0.05762
0 0.74512 0.80322 0.0625 0.06543
0 0.82666 0.78174 0.07129 0.05176
0 0.92578 0.65283 0.12695 0.06543
0 0.74219 0.97559 0.0957 0.04883
0 0.87744 0.87305 0.06348 0.06055
0 0.46191 0.98145 0.06641 0.03711
0 0.47803 0.03711 0.07715 0.06055
0 0.64893 0.1167 0.03809 0.08301
0 0.67676 0.03711 0.06445 0.07227
0 0.62451 0.20557 0.07129 0.10645
0 0.69678 0.20996 0.09277 0.08984
0 0.78125 0.15479 0.07227 0.07129
0 0.84912 0.1709 0.09473 0.0625
0 0.86035 0.09717 0.06055 0.06934
0 0.94922 0.12109 0.10156 0.08203
0 0.77832 0.27344 0.06055 0.07227
0 0.90674 0.37744 0.05762 0.05566
0 0.81201 0.43408 0.06934 0.08496
0 0.95898 0.46191 0.08203 0.0625
0 0.92578 0.52881 0.07422 0.06348
0 0.95947 0.9292 0.06934 0.08496
0 0.02344 0.91211 0.04688 0.05664
0 0.32422 0.02197 0.04297 0.04395
0 0.49951 0.15234 0.03027 0.0625
0 0.37451 0.03809 0.02832 0.05273
0 0.28564 0.86133 0.06543 0.05664
0 0.98535 0.69043 0.0293 0.04492
0 0.90479 0.60938 0.06152 0.02734
0 0.72949 0.0293 0.03711 0.03125
0 0.77002 0.07031 0.06738 0.05664
0 0.58594 0.17529 0.03711 0.04199
0 0.62354 0.12354 0.04785 0.0791
0 0.98779 0.0542 0.02441 0.0498
