0 0.04639 0.01855 0.07715 0.03711
0 0.05664 0.31006 0.07227 0.07129
0 0.19336 0.06348 0.07422 0.0625
0 0.45801 0.09082 0.05664 0.08789
0 0.41455 0.1499 0.0791 0.06348
0 0.54541 0.07568 0.05957 0.06543
0 0.72852 0.07764 0.07617 0.06934
0 0.21143 0.26904 0.06543 0.07715
0 0.30078 0.33887 0.08594 0.07422
0 0.21387 0.33936 0.08594 0.07129
0 0.17969 0.46143 0.06641 0.08105
0 0.34131 0.42871 0.06543 0.07031
0 0.51758 0.37549 0.11914 0.08301
0 0.62158 0.22217 0.08496 0.07715
0 0.84033 0.22754 0.10059 0.06641
0 0.75879 0.29443 0.0918 0.0791
0 0.67285 0.35156 0.10742 0.08008
0 0.68604 0.42334 0.0752 0.0752
0 0.9165 0.27539 0.07715 0.06836
0 0.9668 0.23828 0.06641 0.06836
0 0.979 0.10107 0.04199 0.0752
0 0.98877 0.17529 0.02246 0.06543
0 0.96826 0.35547 0.06348 0.08594
0 0.98877 0.00781 0.02246 0.01562
0 0.22021 0.14209 0.06152 0.06152
0 0.68213 0.5498 0.08887 0.07422
0 0.55762 0.54004 0.0625 0.05664
0 0.97412 0.55322 0.05176 0.09473
0 0.8291 0.55322 0.08008 0.07129
0 0.83643 0.63281 0.0752 0.07422
0 0.74609 0.6377 0.08398 0.0625
0 0.78711 0.73047 0.08203 0.05859
0 0.78662 0.83838 0.08691 0.0791
0 0.54053 0.66943 0.05762 0.06738
0 0.47754 0.68311 0.0918 0.06934
0 0.28418 0.64697 0.06445 0.08301
0 0.20312 0.56641 0.0918 0.11133
0 0.20117 0.67236 0.0625 0.05957
0 0.29541 0.73584 0.06934 0.05957
0 0.21484 0.72998 0.07812 0.04785
0 0.15039 0.74316 0.06055 0.08008
0 0.05566 0.59131 0.07422 0.10059
0 0.19434 0.88672 0.08594 0.09375
0 0.32959 0.84766 0.08105 0.10352
0 0.39746 0.87207 0.05664 0.04883
0 0.4917 0.83643 0.07715 0.08887
0 0.58252 0.91455 0.07324 0.09863
0 0.68604 0.92383 0.06152 0.08789
0 0.78418 0.9624 0.07422 0.06543
0 0.74268 0.98877 0.05957 0.02246
0 0.81494 0.98975 0.09668 0.02051
0 0.43848 0.96777 0.08594 0.06445
0 0.02539 0.90039 0.05078 0.08789
0 0.32959 0.11084 0.05371 0.0498
0 0.18555 0.12158 0.06055 0.06543
0 0.85205 0.19434 0.05762 0.03711
0 0.78076 0.68701 0.06543 0.0498
0 0.63428 0.81689 0.04785 0.02637
0 0.61572 0.87939 0.05176 0.0459
0 0.53906 0.83252 0.05078 0.05371
