0 0.1709 0.31348 0.08398 0.06445
0 0.20898 0.87402 0.08594 0.05859
0 0.50684 0.34473 0.07812 0.07227
0 0.49561 0.06201 0.07129 0.06934
0 0.88135 0.04639 0.07324 0.09277
0 0.43018 0.11426 0.08496 0.06445
0 0.32324 0.71143 0.08594 0.05566
0 0.9082 0.5376 0.06055 0.06543
0 0.74219 0.93799 0.04297 0.06348
0 0.24951 0.07959 0.08691 0.06934
0 0.81641 0.37256 0.07031 0.04395
0 0.73193 0.15723 0.13184 0.08008
0 0.55225 0.03027 0.05957 0.05859
0 0.94385 0.65967 0.06543 0.04785
0 0.77295 0.01953 0.09082 0.03711
0 0.84912 0.3418 0.05371 0.05859
0 0.37109 0.91602 0.09766 0.0332
0 0.38721 0.41504 0.06152 0.0332
0 0.63086 0.89111 0.05664 0.04785
0 0.2041 0.02734 0.08203 0.03711
0 0.50586 0.72949 0.05859 0.04102
0 0.36963 0.24951 0.0498 0.03809
0 0.46094 0.88525 0.02734 0.06543
0 0.70215 0.54297 0.06055 0.06836
0 0.57861 0.62305 0.05762 0.04688
0 0.43408 0.9707 0.07129 0.03906
0 0.12695 0.46533 0.09375 0.06934
0 0.82617 0.84473 0.08008 0.04297
0 0.54883 0.65723 0.04883 0.0332
0 0.30859 0.97656 0.0957 0.04297
0 0.53711 0.45361 0.04492 0.05957
0 0.08594 0.84033 0.07227 0.01855
0 0.44043 0.01221 0.05078 0.02246
0 0.92139 0.98291 0.0498 0.03027
0 0.91064 0.67969 0.07129 0.05469
0 0.07373 0.12012 0.07324 0.02539
0 0.19922 0.77734 0.05859 0.03906
0 0.34961 0.30225 0.05273 0.03418
0 0.85449 0.06006 0.05078 0.04395
0 0.08447 0.08887 0.05176 0.05273
0 0.83545 0.98242 0.04004 0.03516
0 0.24512 0.01221 0.05078 0.02441
0 0.37183 0.5189 0.07178 0.04541
0 0.95947 0.59326 0.08105 0.04199
0 0.81689 0.77881 0.04785 0.03613
0 0.63379 0.78955 0.07422 0.05762
0 0.56592 0.87451 0.07324 0.04395
0 0.33008 0.63721 0.03125 0.04785
0 0.08545 0.67773 0.06543 0.02539
0 0.20996 0.88672 0.07422 0.04883
0 0.34961 0.31445 0.05273 0.03711
0 0.85547 0.0708 0.05859 0.06348
0 0.23242 0.67676 0.08594 0.04492
0 0.87695 0.70898 0.04492 0.05078
0 0.63867 0.65625 0.04102 0.04102
0 0.84683 0.81567 0.09795 0.02881
0 0.79199 0.73535 0.05664 0.04883
0 0.66895 0.52832 0.08984 0.02734
0 0.09814 0.81836 0.07324 0.0293
0 0.6543 0.80908 0.05273 0.05371
0 0.66064 0.6416 0.05176 0.04297
0 0.85156 0.69727 0.05664 0.04297
0 0.55371 0.84326 0.05859 0.04199
0 0.84863 0.95752 0.06055 0.04199
0 0.24072 0.71289 0.0459 0.04688
