0 0.98096 0.34863 0.03809 0.11328
0 0.48535 0.69678 0.06836 0.07715
0 0.09277 0.35693 0.10742 0.04785
0 0.91846 0.04492 0.06543 0.08984
0 0.73633 0.02344 0.11133 0.04492
0 0.79736 0.88672 0.12012 0.06055
0 0.31641 0.41748 0.10938 0.07324
0 0.11328 0.22217 0.09766 0.06934
0 0.43018 0.8999 0.10449 0.05957
0 0.2959 0.46875 0.11328 0.05273
0 0.17871 0.33594 0.04688 0.08398
0 0.61621 0.54297 0.08594 0.05469
0 0.64697 0.69824 0.07129 0.04883
0 0.3335 0.22998 0.12598 0.06348
0 0.26221 0.2124 0.05371 0.07324
0 0.21387 0.54932 0.11719 0.03809
0 0.07471 0.59277 0.09668 0.03711
0 0.32666 0.02197 0.1416 0.04395
0 0.58252 0.43311 0.04395 0.06152
0 0.13867 0.12109 0.11328 0.05469
0 0.16406 0.77637 0.10742 0.03906
0 0.31152 0.94678 0.08008 0.05762
0 0.84424 0.74268 0.05762 0.03809
0 0.02441 0.70508 0.04883 0.0293
0 0.42334 0.62256 0.10645 0.05957
0 0.53418 0.57715 0.08203 0.05664
0 0.27051 0.60938 0.08008 0.08203
0 0.32129 0.52441 0.17383 0.03906
0 0.60791 0.83105 0.12402 0.05859
0 0.81104 0.60889 0.11426 0.04785
0 0.18311 0.58789 0.08691 0.05469
0 0.80176 0.79443 0.08594 0.04395
0 0.04541 0.05029 0.08887 0.04785
0 0.50293 0.27783 0.08594 0.03613
0 0.96973 0.42725 0.06055 0.04395
0 0.62695 0.3877 0.16211 0.07227
0 0.6582 0.87354 0.03516 0.08105
0 0.46777 0.44287 0.06445 0.04395
0 0.02832 0.25732 0.05469 0.06934
0 0.20557 0.08984 0.10059 0.08984
0 0.92285 0.1084 0.07422 0.04688
0 0.47168 0.63379 0.05664 0.04688
0 0.83301 0.2627 0.12109 0.03906
0 0.81104 0.54541 0.0791 0.04395
0 0.34277 0.17969 0.10156 0.04102
0 0.58447 0.90137 0.11035 0.05273
0 0.96631 0.55078 0.06738 0.03516
0 0.79883 0.4873 0.05469 0.07227
0 0.89014 0.80957 0.07324 0.0625
0 0.02441 0.68896 0.04883 0.03418
0 0.08594 0.94873 0.11328 0.03613
0 0.73438 0.47607 0.08398 0.04004
0 0.58789 0.58594 0.10547 0.03125
0 0.1582 0.51074 0.08203 0.03906
0 0.02637 0.44092 0.05273 0.03418
0 0.46484 0.85205 0.09961 0.05176
0 0.27686 0.26465 0.10645 0.03125
0 0.03027 0.07568 0.05859 0.05176
0 0.73384 0.59004 0.10049 0.15586
0 0.71631 0.12988 0.03809 0.08008
0 0.6084 0.18311 0.09766 0.0459
0 0.60352 0.41553 0.11719 0.06152
0 0.66846 0.23291 0.14355 0.04395
0 0.45752 0.25488 0.0791 0.04688
0 0.02148 0.80957 0.04297 0.04102
0 0.70166 0.40967 0.07129 0.04199
0 0.02393 0.10986 0.04785 0.04395
0 0.78809 0.81787 0.05469 0.05176
0 0.13232 0.91602 0.13379 0.04492
0 0.67969 0.79688 0.05469 0.0332
0 0.93115 0.90918 0.05957 0.03711
0 0.73096 0.08398 0.11035 0.04688
0 0.14209 0.09229 0.12793 0.04395
0 0.02686 0.46875 0.05176 0.03125
