0 0.41797 0.48584 0.06641 0.06738
0 0.48926 0.79346 0.10352 0.0498
0 0.39893 0.93506 0.08105 0.06934
0 0.45068 0.58984 0.09277 0.05078
0 0.45264 0.54053 0.10059 0.05176
0 0.47656 0.48779 0.06641 0.05566
0 0.4209 0.66895 0.05469 0.03906
0 0.52441 0.47607 0.04688 0.0752
0 0.2085 0.26758 0.17285 0.08789
0 0.57324 0.49268 0.06641 0.08691
0 0.51367 0.61816 0.04688 0.03516
0 0.57471 0.80713 0.05762 0.0791
0 0.62891 0.25928 0.06836 0.05762
0 0.71094 0.32812 0.10938 0.07227
0 0.62158 0.52686 0.06934 0.06543
0 0.07617 0.6123 0.0918 0.08008
0 0.33301 0.71289 0.08203 0.12305
0 0.85107 0.0332 0.11035 0.06641
0 0.43213 0.63965 0.10059 0.05273
0 0.66895 0.10059 0.08203 0.07617
0 0.58594 0.22119 0.08789 0.05762
0 0.60059 0.03223 0.08398 0.06445
0 0.38037 0.82715 0.07324 0.08398
0 0.45654 0.87256 0.08105 0.06738
0 0.50635 0.90234 0.05957 0.05078
0 0.96777 0.66797 0.06445 0.06836
0 0.79199 0.69092 0.09961 0.05371
0 0.85059 0.73145 0.11328 0.11719
0 0.9502 0.86768 0.07422 0.12988
0 0.72949 0.92041 0.06641 0.06348
0 0.83057 0.80176 0.08496 0.03906
0 0.83789 0.83594 0.10547 0.04297
0 0.80078 0.95996 0.03711 0.07812
0 0.83594 0.95654 0.04688 0.08496
0 0.72119 0.98193 0.03418 0.03613
0 0.68311 0.98096 0.04004 0.03809
0 0.27588 0.27686 0.06152 0.05566
0 0.47754 0.02393 0.05469 0.04785
