0 0.01953 0.95996 0.03906 0.05664
0 0.16553 0.9834 0.05957 0.0332
0 0.04688 0.91064 0.0625 0.05566
0 0.12793 0.9082 0.06836 0.0625
0 0.07422 0.83789 0.08594 0.06641
0 0.26074 0.88574 0.08789 0.08203
0 0.06494 0.67627 0.05957 0.07715
0 0.0293 0.60449 0.05859 0.08594
0 0.08301 0.57715 0.07422 0.06055
0 0.14258 0.62549 0.12695 0.06738
0 0.15186 0.56543 0.05957 0.06445
0 0.11377 0.1167 0.06934 0.06543
0 0.13037 0.0249 0.07324 0.0498
0 0.24365 0.05078 0.05566 0.08594
0 0.43994 0.06104 0.06543 0.07715
0 0.28662 0.15137 0.09863 0.08008
0 0.20947 0.29834 0.08105 0.06543
0 0.24512 0.24707 0.06445 0.0625
0 0.41797 0.16406 0.07617 0.05664
0 0.06055 0.41064 0.0625 0.06543
0 0.16504 0.36816 0.06836 0.06641
0 0.09814 0.45215 0.06348 0.06836
0 0.03809 0.46143 0.05859 0.06934
0 0.30469 0.44824 0.08008 0.07227
0 0.35742 0.51416 0.07031 0.05957
0 0.43311 0.44385 0.07129 0.13379
0 0.3833 0.42334 0.05371 0.06348
0 0.3877 0.36182 0.07227 0.06738
0 0.60156 0.42432 0.08398 0.07129
0 0.65674 0.43506 0.05371 0.06543
0 0.66846 0.35547 0.05371 0.06445
0 0.771 0.354 0.08887 0.05371
0 0.73535 0.4624 0.0918 0.05957
0 0.43262 0.69531 0.0625 0.10547
0 0.479 0.60986 0.07129 0.09473
0 0.49951 0.7749 0.05762 0.05957
0 0.56641 0.78271 0.05664 0.04395
0 0.57812 0.8252 0.08203 0.05078
0 0.60889 0.7168 0.06543 0.10742
0 0.66016 0.75537 0.08203 0.08496
0 0.729 0.61768 0.06934 0.06348
0 0.6875 0.6875 0.08008 0.07227
0 0.4624 0.9126 0.10059 0.07129
0 0.52783 0.95508 0.06934 0.07617
0 0.71436 0.93604 0.08301 0.08691
0 0.71387 0.95264 0.11719 0.09473
0 0.74658 0.83105 0.05176 0.07422
0 0.79785 0.82959 0.06445 0.06738
0 0.89453 0.95752 0.10352 0.08496
0 0.94336 0.9541 0.05664 0.05859
0 0.85938 0.5498 0.06445 0.07617
0 0.89697 0.57324 0.07715 0.16602
0 0.95752 0.33789 0.08496 0.08398
0 0.9707 0.27051 0.05859 0.07227
0 0.88574 0.25 0.0625 0.0918
0 0.51709 0.09033 0.05371 0.04785
0 0.57471 0.09961 0.05762 0.05273
0 0.59521 0.05127 0.07715 0.05957
0 0.76562 0.12598 0.05859 0.05664
0 0.85693 0.11328 0.05371 0.05078
0 0.00781 0.67432 0.01562 0.08105
0 0.47803 0.01221 0.04395 0.02441
