0 0.27441 0.6958 0.11523 0.09277
0 0.80664 0.06348 0.14844 0.09766
0 0.68848 0.65576 0.09375 0.12793
0 0.80225 0.58838 0.13965 0.11816
0 0.51318 0.47217 0.06934 0.0791
0 0.03662 0.27197 0.07324 0.09473
0 0.18506 0.71143 0.10645 0.09082
0 0.23975 0.36963 0.2002 0.09473
0 0.04736 0.70996 0.08301 0.11523
0 0.02246 0.91553 0.04492 0.1123
0 0.11572 0.31445 0.1377 0.09961
0 0.25781 0.51025 0.11523 0.08691
0 0.74609 0.50195 0.10938 0.07812
0 0.33545 0.90576 0.18652 0.18262
0 0.51172 0.36865 0.09766 0.08301
0 0.62158 0.11865 0.10449 0.22754
0 0.79736 0.81641 0.10645 0.05859
0 0.75586 0.95215 0.11523 0.08203
0 0.95996 0.58594 0.08008 0.11719
0 0.06738 0.82568 0.10156 0.08691
0 0.05566 0.04541 0.11133 0.0791
0 0.28564 0.57178 0.09277 0.08496
0 0.86768 0.94434 0.09473 0.11133
0 0.15723 0.22949 0.09961 0.09961
0 0.96094 0.29541 0.07812 0.09277
0 0.09326 0.97559 0.12012 0.04297
0 0.12695 0.83301 0.07031 0.07227
0 0.19336 0.26709 0.08789 0.12988
0 0.45068 0.46631 0.08691 0.08496
0 0.40137 0.48389 0.08398 0.07715
