0 0.16211 0.21777 0.07227 0.08789
0 0.22217 0.26367 0.05566 0.05859
0 0.39893 0.22412 0.09082 0.09668
0 0.10742 0.5166 0.07812 0.1582
0 0.21436 0.62793 0.09082 0.07617
0 0.11865 0.70654 0.1084 0.08105
0 0.20459 0.69189 0.05566 0.05566
0 0.26465 0.6875 0.07031 0.08398
0 0.21826 0.75342 0.1084 0.06543
0 0.04932 0.84082 0.09863 0.09766
0 0.20947 0.91748 0.08691 0.11816
0 0.39746 0.8291 0.10547 0.07227
0 0.48438 0.69385 0.0957 0.05566
0 0.55273 0.7417 0.08984 0.05176
0 0.8877 0.17627 0.08984 0.12598
0 0.95605 0.19287 0.06445 0.0752
0 0.86816 0.44678 0.08594 0.14551
0 0.93799 0.29688 0.0752 0.0625
0 0.77197 0.70752 0.10059 0.07715
0 0.80127 0.76709 0.07129 0.06738
0 0.56934 0.21094 0.10742 0.06836
0 0.51709 0.27588 0.06152 0.05762
0 0.02637 0.73584 0.05273 0.08691
