0 0.18604 0.16309 0.0498 0.07227
0 0.19629 0.08936 0.05273 0.04785
0 0.10205 0.17676 0.07324 0.07812
0 0.21826 0.02393 0.13184 0.04785
0 0.37695 0.08643 0.07617 0.05762
0 0.24463 0.15479 0.06543 0.06934
0 0.4209 0.04639 0.07617 0.05762
0 0.93115 0.01807 0.12207 0.03613
0 0.62988 0.09521 0.07031 0.07715
0 0.73145 0.12256 0.07617 0.08301
0 0.53125 0.19629 0.08008 0.08008
0 0.43018 0.26562 0.08691 0.08789
0 0.12012 0.33643 0.07812 0.12402
0 0.19531 0.52686 0.09766 0.1084
0 0.32666 0.62061 0.08496 0.08887
0 0.42529 0.58984 0.08496 0.15625
0 0.54443 0.77588 0.12012 0.16113
0 0.23584 0.72559 0.06543 0.05078
0 0.16309 0.75293 0.07227 0.07031
0 0.33887 0.82422 0.08008 0.11523
0 0.39844 0.74805 0.08008 0.08008
0 0.03955 0.9209 0.0791 0.07031
0 0.07275 0.96387 0.06738 0.07227
0 0.18408 0.96533 0.08301 0.06934
0 0.31738 0.9502 0.08008 0.09961
0 0.23828 0.85254 0.11914 0.0918
0 0.61475 0.87109 0.0459 0.06445
0 0.67871 0.92139 0.0957 0.06738
0 0.87646 0.85059 0.08496 0.07422
0 0.95117 0.84473 0.08398 0.07031
0 0.80225 0.55566 0.07324 0.06836
0 0.77246 0.36963 0.0625 0.07715
0 0.85352 0.15576 0.06641 0.06934
0 0.91406 0.07129 0.08203 0.08984
0 0.86865 0.42236 0.05762 0.08105
0 0.93457 0.39648 0.05859 0.07227
0 0.92383 0.22266 0.08398 0.08008
0 0.96387 0.50928 0.07227 0.06152
0 0.23779 0.43701 0.05566 0.04395
0 0.66895 0.66016 0.08398 0.05664
0 0.41162 0.9624 0.06738 0.05176
0 0.09326 0.05225 0.06543 0.05957
0 0.25439 0.61523 0.08887 0.0625
0 0.77637 0.49219 0.11914 0.06836
