0 0.17383 0.46973 0.05859 0.0918
0 0.3374 0.78076 0.03809 0.09082
0 0.03418 0.30127 0.05078 0.08691
0 0.17139 0.40234 0.08301 0.07422
0 0.38965 0.55127 0.04883 0.08301
0 0.92578 0.24072 0.04688 0.07715
0 0.18896 0.59131 0.06152 0.07715
0 0.65576 0.21533 0.05566 0.06934
0 0.79541 0.0293 0.03418 0.05859
0 0.57275 0.14062 0.07129 0.10352
0 0.78076 0.12354 0.06738 0.10059
0 0.70996 0.39795 0.06641 0.07715
0 0.9248 0.61572 0.04297 0.08301
0 0.29736 0.36475 0.03027 0.09277
0 0.5293 0.49219 0.04883 0.08203
0 0.04443 0.56348 0.08887 0.05664
0 0.96973 0.55322 0.04688 0.08691
0 0.7168 0.86475 0.03125 0.08301
0 0.53467 0.62158 0.03809 0.05957
0 0.02246 0.16309 0.04492 0.07031
0 0.31982 0.4502 0.05566 0.08203
0 0.87793 0.47754 0.05078 0.08398
0 0.32666 0.14941 0.0498 0.07031
0 0.53271 0.53955 0.07715 0.03809
0 0.92822 0.42822 0.05176 0.07324
0 0.78613 0.26074 0.09375 0.04492
0 0.66113 0.38037 0.03711 0.08105
0 0.75439 0.17529 0.05371 0.0752
0 0.32275 0.92773 0.0498 0.03711
0 0.5127 0.01953 0.03711 0.03906
0 0.72363 0.57666 0.05859 0.02637
0 0.77197 0.30762 0.04785 0.07227
0 0.64746 0.58301 0.03125 0.06055
0 0.64307 0.41553 0.03027 0.07715
0 0.69531 0.33887 0.05078 0.04102
0 0.3374 0.52441 0.0498 0.0625
0 0.93555 0.854 0.03906 0.05176
0 0.78076 0.50488 0.02637 0.06055
0 0.31396 0.62842 0.03223 0.07324
0 0.71436 0.53076 0.03223 0.0791
0 0.15186 0.0166 0.03613 0.0332
0 0.86914 0.78613 0.05078 0.04492
0 0.61426 0.57178 0.04492 0.05371
0 0.88721 0.62061 0.05566 0.03809
0 0.55322 0.91162 0.06152 0.04199
0 0.66992 0.16553 0.06445 0.08301
0 0.4209 0.89404 0.04883 0.06152
0 0.71533 0.08398 0.0459 0.08398
0 0.68604 0.09619 0.1123 0.15332
0 0.79346 0.44775 0.0459 0.05371
0 0.29248 0.03174 0.03613 0.05566
0 0.90771 0.30908 0.03027 0.0459
0 0.05225 0.6001 0.03418 0.04395
0 0.00977 0.44629 0.01953 0.05273
0 0.88623 0.09961 0.04004 0.04883
0 0.99121 0.56104 0.01758 0.06934
