0 0.12451 0.31982 0.14551 0.12012
0 0.19971 0.97998 0.11035 0.04004
0 0.60205 0.81445 0.12988 0.08984
0 0.29346 0.44434 0.17285 0.08984
0 0.11475 0.57715 0.16504 0.08984
0 0.17188 0.18066 0.09961 0.12305
0 0.91064 0.95801 0.15723 0.07227
0 0.32812 0.91553 0.16797 0.1123
0 0.74365 0.89062 0.14746 0.12305
0 0.02148 0.08105 0.04297 0.10352
0 0.30176 0.67188 0.10938 0.00781
0 0.09961 0.68555 0.09961 0.08203
0 0.03711 0.65479 0.07422 0.0752
0 0.22314 0.86963 0.15723 0.0752
0 0.14111 0.49707 0.1377 0.07031
0 0.04834 0.92188 0.09668 0.08984
0 0.0459 0.81201 0.0918 0.0791
0 0.94238 0.58447 0.11523 0.0752
0 0.12646 0.88916 0.16699 0.13965
0 0.04785 0.12793 0.0957 0.12305
0 0.16943 0.34229 0.15527 0.06543
0 0.91748 0.81689 0.16504 0.08496
0 0.92969 0.75049 0.14062 0.06738
0 0.89209 0.48242 0.13965 0.125
0 0.93213 0.1377 0.12988 0.09375
