0 0.16357 0.46191 0.10449 0.07227
0 0.38867 0.22852 0.10742 0.10742
0 0.16699 0.71729 0.0957 0.08496
0 0.81201 0.51709 0.16504 0.06934
0 0.05566 0.34277 0.10938 0.13281
0 0.91162 0.28223 0.17676 0.08789
0 0.72461 0.71582 0.18555 0.0918
0 0.80078 0.40723 0.22461 0.08008
0 0.74854 0.90186 0.1377 0.08496
0 0.5498 0.28564 0.125 0.10254
0 0.29736 0.64307 0.09473 0.12793
0 0.03369 0.80957 0.06738 0.13477
0 0.72949 0.95703 0.16992 0.07031
0 0.02734 0.04248 0.05469 0.08496
0 0.36963 0.86328 0.0752 0.08203
0 0.91846 0.94189 0.15723 0.09473
0 0.45703 0.09814 0.25586 0.08691
0 0.26318 0.12061 0.07324 0.06738
0 0.09082 0.17822 0.0918 0.09668
0 0.97314 0.62207 0.04785 0.07031
0 0.38574 0.79053 0.0625 0.05762
0 0.55664 0.44434 0.125 0.09961
