0 0.02881 0.59912 0.05762 0.11426
0 0.40234 0.65137 0.07422 0.07031
0 0.48877 0.93408 0.09082 0.09473
0 0.17969 0.04639 0.19141 0.09277
0 0.12891 0.89502 0.11133 0.10449
0 0.02881 0.08691 0.05762 0.08594
0 0.84668 0.55176 0.16797 0.13086
0 0.14502 0.02881 0.12012 0.05762
0 0.1001 0.72412 0.1084 0.15332
0 0.56494 0.68018 0.13184 0.15137
0 0.1377 0.78711 0.06836 0.09961
0 0.08643 0.896 0.10449 0.10645
0 0.04102 0.94873 0.08203 0.0791
0 0.70654 0.69482 0.0752 0.08105
0 0.82178 0.68115 0.07129 0.0752
0 0.0459 0.51904 0.08203 0.08496
0 0.01807 0.40332 0.03613 0.06055
0 0.79395 0.0376 0.12695 0.0752
0 0.44678 0.02246 0.08496 0.04492
