0 0.37549 0.15723 0.11426 0.05859
0 0.38965 0.04492 0.08398 0.08008
0 0.23438 0.07812 0.11523 0.11719
0 0.84717 0.91309 0.07324 0.08008
0 0.57129 0.18359 0.08398 0.05859
0 0.53174 0.92188 0.11816 0.06836
0 0.08594 0.09521 0.11328 0.06348
0 0.58594 0.2583 0.08789 0.0752
0 0.06543 0.46582 0.08594 0.05078
0 0.64062 0.06836 0.05469 0.08398
0 0.31152 0.39258 0.10938 0.16016
0 0.36426 0.26221 0.1875 0.08887
0 0.96582 0.24902 0.06836 0.04492
0 0.2915 0.18555 0.14355 0.05664
0 0.97705 0.66797 0.0459 0.03906
0 0.729 0.84961 0.08301 0.05664
0 0.5752 0.85498 0.13477 0.06152
0 0.29248 0.02344 0.12793 0.04297
0 0.28711 0.06543 0.08008 0.07812
0 0.43604 0.80957 0.08105 0.04883
0 0.15771 0.55518 0.08691 0.04395
0 0.05518 0.01611 0.11035 0.03027
0 0.04736 0.60449 0.09277 0.07227
0 0.70264 0.61865 0.19238 0.06348
0 0.84375 0.86279 0.15039 0.03809
0 0.94434 0.3418 0.11133 0.08789
0 0.17041 0.4707 0.13965 0.09375
0 0.06201 0.37451 0.12207 0.08691
0 0.06299 0.76855 0.0498 0.12305
0 0.96973 0.52539 0.06055 0.04883
0 0.19629 0.35938 0.06055 0.04492
0 0.13477 0.8291 0.07617 0.06641
0 0.0708 0.95264 0.1377 0.05566
0 0.96973 0.89355 0.06055 0.02734
0 0.6084 0.98096 0.0293 0.03809
0 0.56592 0.45947 0.12402 0.03223
0 0.62158 0.76221 0.15137 0.03027
0 0.43652 0.11328 0.05859 0.08008
0 0.37598 0.49805 0.08398 0.04492
0 0.26709 0.71973 0.1084 0.03125
0 0.38281 0.57959 0.17812 0.05078
0 0.39062 0.52832 0.10547 0.0332
0 0.17979 0.73066 0.17402 0.13906
0 0.08057 0.85693 0.12207 0.03418
0 0.33887 0.81641 0.0957 0.03125
0 0.7334 0.06055 0.16406 0.07227
0 0.79395 0.96777 0.11328 0.03125
0 0.96826 0.93115 0.06348 0.06934
0 0.34375 0.92285 0.17578 0.1543
0 0.88232 0.78564 0.1123 0.03613
0 0.396 0.1416 0.05957 0.04102
0 0.646 0.48877 0.15918 0.04004
0 0.32031 0.87744 0.14258 0.04199
0 0.23584 0.39746 0.03223 0.0625
0 0.26318 0.47656 0.1748 0.03711
0 0.60352 0.10107 0.0957 0.07715
0 0.05908 0.22559 0.11816 0.04102
0 0.72656 0.58545 0.19141 0.12598
0 0.75244 0.00781 0.0791 0.01562
0 0.02051 0.72607 0.04102 0.07715
0 0.42041 0.70605 0.2334 0.13672
0 0.9624 0.4873 0.0752 0.03516
0 0.88916 0.05957 0.19434 0.11914
0 0.86865 0.7417 0.19434 0.0459
0 0.64893 0.9165 0.04785 0.03027
0 0.54443 0.4834 0.10254 0.04297
0 0.62695 0.50732 0.08203 0.02637
0 0.53613 0.30859 0.16406 0.03516
0 0.229 0.58301 0.07715 0.02734
0 0.04443 0.52637 0.08887 0.04102
0 0.97559 0.96484 0.04492 0.03125
0 0.15332 0.79053 0.06836 0.03613
0 0.2583 0.19385 0.06543 0.03027
