0 0.92236 0.02295 0.09473 0.0459
0 0.04248 0.88135 0.08496 0.10059
0 0.27783 0.22803 0.11035 0.12988
0 0.60938 0.84863 0.08789 0.0625
0 0.7168 0.52148 0.12109 0.11523
0 0.13477 0.72949 0.09961 0.10938
0 0.28369 0.38965 0.13379 0.07422
0 0.86182 0.27295 0.10645 0.14746
0 0.44336 0.04932 0.20898 0.09863
0 0.55225 0.59766 0.10254 0.10352
0 0.56299 0.40674 0.10059 0.15723
0 0.07422 0.25098 0.08008 0.10352
0 0.77148 0.42236 0.09766 0.12598
0 0.36768 0.20264 0.16699 0.17676
0 0.44824 0.30176 0.14062 0.09766
0 0.75684 0.24561 0.09375 0.14355
0 0.53613 0.95752 0.16797 0.05957
0 0.57178 0.9209 0.09863 0.07617
