0 0.03809 0.14014 0.07617 0.15332
0 0.05029 0.05029 0.10059 0.10059
0 0.4209 0.02246 0.11523 0.04492
0 0.50195 0.07666 0.06055 0.06738
0 0.26172 0.08008 0.11133 0.06445
0 0.16602 0.14941 0.06836 0.15625
0 0.2583 0.17627 0.08691 0.1709
0 0.40625 0.17676 0.07031 0.06641
0 0.40869 0.30762 0.06934 0.07812
0 0.33447 0.32764 0.06738 0.07715
0 0.15234 0.49805 0.14258 0.07422
0 0.2373 0.47119 0.06641 0.10254
0 0.43604 0.54346 0.13574 0.07129
0 0.37109 0.62207 0.10547 0.08008
0 0.03906 0.67969 0.07031 0.06641
0 0.04541 0.77539 0.09082 0.07031
0 0.11426 0.80615 0.09375 0.14941
0 0.05176 0.93848 0.10352 0.07422
0 0.18311 0.9585 0.07324 0.07715
0 0.52832 0.95166 0.08398 0.08887
0 0.66455 0.96777 0.0459 0.06445
0 0.70361 0.92188 0.06152 0.05078
0 0.64795 0.87109 0.06934 0.07617
0 0.4082 0.73389 0.06641 0.06348
0 0.59473 0.67334 0.13672 0.08105
0 0.84717 0.57715 0.07324 0.07031
0 0.91162 0.70605 0.07129 0.07227
0 0.92676 0.771 0.05664 0.06348
0 0.9707 0.71875 0.05859 0.06836
0 0.96631 0.51318 0.06738 0.15332
0 0.82324 0.43506 0.0625 0.12207
0 0.73291 0.34229 0.06348 0.10059
0 0.8252 0.31641 0.06055 0.13867
0 0.93408 0.36182 0.08496 0.07129
0 0.89111 0.24121 0.06543 0.07031
0 0.74268 0.20654 0.07715 0.11035
0 0.53467 0.16113 0.06348 0.0957
0 0.70459 0.1084 0.08301 0.08203
0 0.81543 0.09082 0.10742 0.10352
0 0.95752 0.01709 0.08496 0.03418
0 0.66748 0.01562 0.08887 0.03125
