0 0.30176 0.85352 0.07617 0.08789
0 0.30078 0.76318 0.06836 0.08105
0 0.38916 0.85742 0.06152 0.07227
0 0.28516 0.95312 0.08398 0.06836
0 0.91309 0.96924 0.08789 0.06152
0 0.97852 0.63281 0.04297 0.06055
0 0.97119 0.76514 0.05762 0.06738
0 0.96729 0.70215 0.05566 0.05859
0 0.90869 0.69141 0.05957 0.06836
0 0.84668 0.66748 0.05664 0.05176
0 0.75049 0.68945 0.08301 0.06836
0 0.73242 0.77539 0.0625 0.06445
0 0.33252 0.52441 0.08496 0.07227
0 0.4834 0.52881 0.06055 0.06934
0 0.53906 0.50293 0.04883 0.09766
0 0.9668 0.25146 0.06641 0.06543
0 0.89453 0.13477 0.07031 0.08203
0 0.75928 0.0376 0.0752 0.0752
0 0.78125 0.21045 0.0957 0.07129
0 0.85156 0.27734 0.05664 0.06836
0 0.69678 0.27197 0.06152 0.0752
0 0.61475 0.17188 0.0791 0.0625
0 0.57373 0.04443 0.0752 0.08105
0 0.37695 0.30664 0.06836 0.0625
0 0.26172 0.03564 0.08203 0.07129
0 0.12207 0.20801 0.06836 0.06836
0 0.02881 0.03467 0.05762 0.06934
0 0.25098 0.19043 0.07031 0.05859
0 0.49365 0.65039 0.0498 0.04688
