0 0.26416 0.35791 0.09277 0.12793
0 0.98047 0.85352 0.03906 0.08008
0 0.42432 0.46191 0.05762 0.07617
0 0.96436 0.49707 0.07129 0.08594
0 0.73975 0.93799 0.09668 0.05371
0 0.27344 0.76318 0.07617 0.06934
0 0.85938 0.97119 0.07617 0.05762
0 0.84473 0.1543 0.07227 0.0918
0 0.50293 0.08154 0.0957 0.1084
0 0.37549 0.47217 0.05566 0.05957
0 0.875 0.04102 0.04102 0.07227
0 0.60205 0.42432 0.06348 0.11035
0 0.9502 0.25928 0.06055 0.06152
0 0.80566 0.27148 0.06055 0.05078
0 0.55078 0.90381 0.11133 0.07129
0 0.97168 0.23828 0.05273 0.06641
0 0.05615 0.44727 0.07129 0.07422
0 0.66162 0.5249 0.08105 0.0752
0 0.51318 0.59668 0.08105 0.04297
0 0.05273 0.83594 0.10547 0.07031
0 0.48877 0.16748 0.06348 0.04004
0 0.17578 0.83984 0.05859 0.03906
0 0.30713 0.90234 0.06738 0.03516
0 0.2666 0.48145 0.0957 0.04688
0 0.53418 0.49219 0.10352 0.08594
0 0.90771 0.17871 0.06934 0.06055
0 0.32666 0.29883 0.08301 0.05859
0 0.56006 0.74609 0.06934 0.04492
0 0.75488 0.76123 0.11133 0.05566
0 0.46875 0.75928 0.06055 0.05957
0 0.36523 0.625 0.08203 0.05664
0 0.75195 0.60156 0.03906 0.05664
0 0.52246 0.76807 0.09375 0.07129
0 0.32568 0.94336 0.04785 0.05469
0 0.55469 0.95898 0.08789 0.04688
0 0.55762 0.5415 0.08594 0.04199
0 0.19678 0.44971 0.05176 0.04785
0 0.41943 0.12744 0.06152 0.0752
0 0.73682 0.27441 0.04785 0.03711
0 0.24707 0.57715 0.0918 0.0293
0 0.74512 0.52148 0.08398 0.04297
0 0.85889 0.57812 0.07129 0.04297
0 0.2627 0.87988 0.04102 0.0332
0 0.93359 0.64941 0.06055 0.03906
0 0.19189 0.91943 0.08691 0.03223
0 0.31299 0.26465 0.07715 0.04688
0 0.69629 0.81543 0.06055 0.05078
0 0.44189 0.85596 0.08301 0.04785
0 0.14258 0.60645 0.10547 0.04297
0 0.01514 0.51758 0.03027 0.05273
0 0.08057 0.56299 0.05176 0.04004
0 0.38281 0.79834 0.0918 0.04199
0 0.25488 0.45654 0.06055 0.03027
0 0.68994 0.48535 0.06348 0.04297
0 0.62842 0.33008 0.05371 0.03906
0 0.69824 0.22949 0.06055 0.04297
0 0.22314 0.01758 0.06348 0.03516
