0 0.54199 0.04883 0.14062 0.08984
0 0.12207 0.29395 0.14648 0.10742
0 0.5791 0.4624 0.10938 0.14551
0 0.40088 0.04639 0.07715 0.09277
0 0.07959 0.08984 0.15918 0.17969
0 0.21631 0.14404 0.09863 0.10449
0 0.62256 0.2915 0.10254 0.09082
0 0.3623 0.17773 0.09961 0.07227
0 0.10059 0.80664 0.12305 0.08008
0 0.41748 0.82178 0.1084 0.09473
0 0.6709 0.1582 0.19727 0.13281
0 0.94385 0.74707 0.1123 0.08008
0 0.51318 0.94727 0.08301 0.10547
0 0.74072 0.8833 0.07715 0.2334
0 0.95508 0.49902 0.07422 0.07422
0 0.77148 0.95361 0.14648 0.09277
0 0.74463 0.12939 0.16504 0.08496
0 0.68945 0.9082 0.06055 0.0918
0 0.48975 0.83838 0.10449 0.07715
0 0.59424 0.95996 0.08496 0.08008
0 0.91357 0.97168 0.09668 0.05664
