0 0.55957 0.125 0.05859 0.10156
0 0.979 0.04492 0.04199 0.08789
0 0.74365 0.23828 0.08301 0.08789
0 0.88525 0.04834 0.09863 0.09668
0 0.7627 0.39453 0.07617 0.0918
0 0.64941 0.44238 0.06055 0.08398
0 0.08936 0.04639 0.08887 0.09277
0 0.56787 0.88135 0.1084 0.06543
0 0.93164 0.35059 0.10352 0.11328
0 0.49609 0.35205 0.04883 0.08691
0 0.39941 0.27588 0.10352 0.04785
0 0.26416 0.04639 0.09668 0.09277
0 0.79346 0.47217 0.03809 0.07129
0 0.84424 0.06348 0.12207 0.09766
0 0.24951 0.81592 0.0498 0.09082
0 0.71826 0.54688 0.18066 0.04102
0 0.31152 0.52979 0.13867 0.04395
0 0.08252 0.11768 0.08691 0.05762
0 0.51074 0.42334 0.12695 0.10449
0 0.6792 0.30811 0.1416 0.06543
0 0.06299 0.61475 0.12402 0.06348
0 0.44434 0.82422 0.07617 0.11133
0 0.13086 0.95654 0.07617 0.06543
0 0.33594 0.75293 0.09961 0.08203
0 0.11768 0.54199 0.05176 0.03711
0 0.24902 0.78223 0.08594 0.05664
0 0.26123 0.18115 0.11035 0.05371
0 0.16357 0.77979 0.05957 0.08496
0 0.76709 0.62988 0.07324 0.03711
0 0.06592 0.9751 0.1084 0.0498
0 0.20947 0.45947 0.0752 0.03223
0 0.20508 0.34717 0.0918 0.12012
0 0.3042 0.03174 0.0791 0.06348
0 0.20068 0.90039 0.10449 0.04883
0 0.43945 0.47803 0.05664 0.02441
0 0.33789 0.27881 0.0625 0.07129
0 0.33594 0.71191 0.08398 0.0293
0 0.67676 0.50293 0.05664 0.0332
0 0.34082 0.02441 0.06445 0.04883
0 0.45264 0.56006 0.1084 0.04004
0 0.16162 0.01367 0.04395 0.02734
0 0.84814 0.45557 0.05176 0.06738
0 0.29688 0.26953 0.07227 0.0332
0 0.53613 0.64258 0.07227 0.03906
0 0.4751 0.61719 0.02832 0.06641
0 0.83594 0.25439 0.07617 0.02441
0 0.96191 0.92139 0.07617 0.04004
0 0.14893 0.25732 0.08496 0.11035
0 0.69238 0.97168 0.07422 0.04883
0 0.88477 0.46094 0.06445 0.16211
0 0.80713 0.98047 0.15137 0.03906
0 0.49756 0.50781 0.05371 0.04492
0 0.03711 0.03418 0.07422 0.06445
0 0.62012 0.93994 0.08203 0.04785
0 0.26074 0.98291 0.08594 0.03418
0 0.04639 0.63916 0.09277 0.05176
0 0.40186 0.37207 0.04199 0.03516
