0 0.47363 0.94971 0.07031 0.10059
0 0.32422 0.25293 0.04883 0.0957
0 0.65967 0.55957 0.0459 0.08984
0 0.33057 0.95361 0.07324 0.08691
0 0.05713 0.73193 0.05371 0.11621
0 0.74902 0.12549 0.07227 0.0791
0 0.37061 0.59717 0.07324 0.12402
0 0.7583 0.50684 0.07715 0.10352
0 0.39893 0.3418 0.06348 0.11328
0 0.28369 0.61621 0.05566 0.08594
0 0.20264 0.14746 0.09863 0.07422
0 0.5874 0.21729 0.04199 0.1377
0 0.01172 0.35645 0.02344 0.07031
0 0.62695 0.3584 0.06055 0.09375
0 0.66357 0.79297 0.03809 0.05664
0 0.521 0.42529 0.0459 0.08691
0 0.06445 0.5957 0.04688 0.11719
0 0.4043 0.17578 0.0625 0.10156
0 0.35645 0.44287 0.08398 0.11426
0 0.11816 0.76025 0.05078 0.06738
0 0.36426 0.7583 0.06836 0.0752
0 0.49219 0.83203 0.05273 0.08984
0 0.85889 0.16504 0.04199 0.10156
0 0.73877 0.2041 0.07324 0.05469
0 0.05469 0.06787 0.03125 0.06934
0 0.1416 0.14795 0.0918 0.0791
0 0.66309 0.72754 0.08008 0.06445
0 0.14209 0.20117 0.04199 0.07617
0 0.58154 0.36084 0.03613 0.12207
0 0.39551 0.87402 0.05664 0.05859
0 0.89453 0.07422 0.03906 0.14453
0 0.43213 0.26221 0.10059 0.11426
0 0.4082 0.65723 0.04688 0.09961
0 0.06201 0.31494 0.04785 0.05957
0 0.19531 0.6626 0.0957 0.09473
0 0.66406 0.9043 0.02734 0.0918
0 0.47754 0.24023 0.04492 0.10352
0 0.73389 0.03955 0.05176 0.07715
0 0.74756 0.43652 0.0498 0.08203
0 0.12988 0.43213 0.04297 0.0791
0 0.93604 0.34326 0.02832 0.06152
0 0.37012 0.72412 0.04688 0.0791
0 0.96533 0.0752 0.05566 0.15039
0 0.60645 0.14355 0.04297 0.06055
0 0.75488 0.70312 0.03516 0.08398
0 0.64258 0.42969 0.03906 0.06055
0 0.67969 0.44092 0.04883 0.07715
0 0.01562 0.95605 0.03125 0.08789
0 0.78711 0.98486 0.0332 0.03027
0 0.64795 0.9585 0.03027 0.08301
0 0.86523 0.82275 0.0625 0.03613
0 0.22559 0.73828 0.07617 0.07422
0 0.021 0.20361 0.04199 0.03613
0 0.70557 0.26172 0.04395 0.09766
0 0.14746 0.92676 0.04297 0.04102
0 0.38574 0.34766 0.04688 0.10547
0 0.55957 0.98926 0.07227 0.02148
0 0.76416 0.72266 0.06348 0.06445
0 0.25 0.51611 0.0293 0.02832
0 0.37402 0.19092 0.01758 0.0459
0 0.33545 0.02295 0.04199 0.0459
0 0.10596 0.05957 0.0459 0.07422
0 0.14893 0.05615 0.04785 0.10449
0 0.22656 0.0835 0.08008 0.05762
0 0.22363 0.03711 0.04102 0.07031
0 0.18652 0.04541 0.05273 0.0752
