0 0.36572 0.17188 0.10254 0.08984
0 0.77832 0.56201 0.07227 0.10059
0 0.47949 0.07471 0.08984 0.07715
0 0.48486 0.29102 0.0752 0.08789
0 0.97705 0.19824 0.0459 0.06836
0 0.81055 0.07959 0.09766 0.0752
0 0.60205 0.07324 0.0791 0.07227
0 0.61475 0.23242 0.0752 0.08008
0 0.38086 0.26074 0.07227 0.06836
0 0.73096 0.23584 0.07715 0.07715
0 0.32959 0.03613 0.09473 0.07227
0 0.58203 0.76855 0.09961 0.10742
0 0.96484 0.38623 0.07031 0.10254
0 0.92822 0.80078 0.10254 0.12305
0 0.67188 0.04102 0.07031 0.08203
0 0.8667 0.42432 0.08496 0.09473
0 0.93408 0.56055 0.08496 0.08203
0 0.91064 0.08936 0.06738 0.0752
0 0.91699 0.23828 0.07031 0.09766
0 0.82959 0.15723 0.10059 0.07031
0 0.80566 0.34961 0.0625 0.07422
0 0.50098 0.92969 0.05273 0.10938
0 0.51807 0.53174 0.08301 0.09473
0 0.60449 0.01709 0.08008 0.03418
0 0.69092 0.54053 0.08691 0.12207
0 0.4292 0.94043 0.0752 0.07227
0 0.96875 0.90137 0.0625 0.08984
0 0.37354 0.86914 0.0459 0.05469
0 0.52148 0.19971 0.07617 0.05371
