0 0.65234 0.58398 0.13281 0.10742
0 0.48584 0.06934 0.16699 0.09375
0 0.06982 0.23828 0.13965 0.11719
0 0.3208 0.68408 0.1084 0.08496
0 0.90479 0.6709 0.12012 0.13672
0 0.83984 0.16602 0.1875 0.16992
0 0.0459 0.76562 0.0918 0.11719
0 0.58838 0.15332 0.17285 0.12305
0 0.18506 0.36475 0.10254 0.09082
0 0.50488 0.4165 0.13867 0.11621
0 0.31104 0.90283 0.10254 0.08496
0 0.62354 0.41016 0.12988 0.10742
0 0.35938 0.0498 0.11523 0.09961
0 0.1499 0.5957 0.12988 0.13281
0 0.3833 0.81348 0.12207 0.10742
0 0.13574 0.88232 0.0918 0.10449
0 0.81055 0.89062 0.11719 0.07812
0 0.24072 0.64453 0.09668 0.0957
0 0.24072 0.05225 0.09277 0.06543
0 0.84229 0.76855 0.08691 0.07617
