0 0.89697 0.5332 0.06934 0.0918
0 0.69873 0.60205 0.08105 0.06348
0 0.46729 0.08008 0.06152 0.08594
0 0.76514 0.82666 0.05371 0.07324
0 0.25879 0.40625 0.08203 0.08594
0 0.25928 0.16113 0.11426 0.07227
0 0.01025 0.31592 0.02051 0.07324
0 0.07373 0.76465 0.1084 0.04492
0 0.05762 0.48828 0.08594 0.05664
0 0.23633 0.85254 0.05469 0.08789
0 0.27539 0.07227 0.06641 0.09961
0 0.48877 0.18945 0.09082 0.05273
0 0.63281 0.53076 0.11133 0.08105
0 0.26807 0.68945 0.07324 0.05273
0 0.86328 0.11719 0.05078 0.08008
0 0.92822 0.521 0.06738 0.09277
0 0.81592 0.58936 0.06934 0.05176
0 0.41016 0.52881 0.08789 0.0459
0 0.75 0.26562 0.07227 0.05273
0 0.43262 0.6958 0.08008 0.08496
0 0.03711 0.28418 0.07422 0.0625
0 0.05078 0.17676 0.09961 0.08008
0 0.24072 0.94873 0.11621 0.05566
0 0.02686 0.20996 0.05371 0.05469
0 0.43799 0.62305 0.07715 0.09961
0 0.81348 0.44434 0.06641 0.06055
0 0.05762 0.3833 0.08203 0.04785
0 0.2168 0.78418 0.08203 0.04102
0 0.64795 0.82031 0.05957 0.0625
0 0.42578 0.31104 0.07617 0.04395
0 0.96289 0.86475 0.07422 0.03418
0 0.38379 0.05273 0.05859 0.10352
0 0.15869 0.51953 0.06738 0.03711
0 0.22803 0.30762 0.06738 0.05664
0 0.57764 0.354 0.05762 0.03418
0 0.13232 0.55225 0.05957 0.03613
0 0.56201 0.25684 0.09668 0.06055
0 0.16553 0.18555 0.08691 0.06836
0 0.05078 0.45703 0.06055 0.04492
0 0.20117 0.15674 0.08008 0.05762
0 0.53564 0.85205 0.06348 0.03613
0 0.93652 0.47266 0.06641 0.03711
0 0.94189 0.26221 0.08105 0.09668
0 0.479 0.93604 0.07129 0.05176
0 0.39941 0.19092 0.05859 0.04395
0 0.90039 0.2417 0.08984 0.04395
0 0.31982 0.36914 0.07324 0.04492
0 0.8584 0.27686 0.08008 0.03027
0 0.94141 0.04102 0.07617 0.06641
0 0.80029 0.47803 0.05762 0.0498
0 0.27393 0.34814 0.06738 0.04004
0 0.97803 0.43018 0.04004 0.05762
0 0.42773 0.88818 0.05859 0.04199
0 0.89893 0.8208 0.05176 0.04199
0 0.85791 0.87598 0.06543 0.06055
0 0.64746 0.31885 0.05664 0.03418
0 0.65283 0.34131 0.07129 0.02246
0 0.979 0.9082 0.04199 0.01758
0 0.9834 0.39844 0.0293 0.04492
0 0.06885 0.5918 0.09082 0.05859
0 0.98291 0.48828 0.03418 0.03906
0 0.51514 0.36035 0.06348 0.07031
0 0.54346 0.70801 0.06152 0.05469
0 0.53662 0.65967 0.14355 0.08301
0 0.42383 0.66113 0.07422 0.05664
0 0.3877 0.92285 0.06836 0.05273
0 0.27783 0.86426 0.05762 0.04492
0 0.08984 0.79346 0.05859 0.03613
