0 0.88965 0.21484 0.07812 0.10547
0 0.37939 0.23193 0.1084 0.09863
0 0.46436 0.36377 0.11426 0.04785
0 0.36621 0.31592 0.12305 0.12207
0 0.75732 0.61621 0.06543 0.05859
0 0.33984 0.98535 0.12305 0.0293
0 0.98193 0.28711 0.03613 0.14062
0 0.85986 0.90869 0.1123 0.08691
0 0.68701 0.61377 0.06543 0.07324
0 0.14551 0.98633 0.07812 0.02734
0 0.86133 0.36426 0.10547 0.05078
0 0.04443 0.02637 0.08496 0.05273
0 0.35449 0.25439 0.11719 0.09863
0 0.86182 0.8374 0.07324 0.09473
0 0.85938 0.09961 0.09375 0.03906
0 0.81348 0.92285 0.07031 0.07812
0 0.86377 0.43652 0.11035 0.06445
0 0.8291 0.8374 0.07422 0.09473
0 0.26514 0.57959 0.10449 0.13379
0 0.96973 0.69922 0.06055 0.05859
0 0.479 0.32422 0.11621 0.08008
0 0.58643 0.20361 0.08496 0.11426
0 0.57617 0.12842 0.12305 0.0791
0 0.73926 0.33105 0.09375 0.04883
0 0.76025 0.74609 0.06934 0.05469
0 0.61426 0.48242 0.09375 0.04492
0 0.14307 0.88232 0.07129 0.15723
0 0.05371 0.93066 0.10547 0.06445
0 0.24805 0.6499 0.12305 0.08691
0 0.54736 0.63086 0.06738 0.04492
0 0.15674 0.39502 0.13574 0.10254
0 0.64746 0.7627 0.11523 0.04102
0 0.05127 0.35645 0.10254 0.05078
0 0.49756 0.70215 0.12598 0.06055
0 0.68457 0.37939 0.05469 0.0459
0 0.82568 0.46875 0.09863 0.04883
0 0.34961 0.6958 0.19922 0.15723
0 0.19287 0.63965 0.11035 0.10156
0 0.16357 0.55957 0.15918 0.10156
0 0.64111 0.23145 0.07324 0.05859
0 0.46143 0.60449 0.10645 0.06055
0 0.19531 0.33154 0.12305 0.11621
0 0.21777 0.81396 0.11133 0.12207
0 0.70166 0.19775 0.05957 0.05957
0 0.8374 0.98486 0.05176 0.03027
0 0.11621 0.65967 0.125 0.12793
0 0.42529 0.8667 0.05566 0.09668
0 0.28271 0.76318 0.0459 0.07324
0 0.09424 0.27393 0.09863 0.13379
0 0.79297 0.72998 0.0918 0.04785
0 0.05811 0.9707 0.11621 0.05859
0 0.15967 0.09912 0.12207 0.05566
0 0.35938 0.37012 0.11523 0.20117
0 0.87939 0.25439 0.0752 0.09863
0 0.08545 0.54932 0.0752 0.06543
0 0.77051 0.28174 0.12695 0.1084
0 0.25586 0.06152 0.0918 0.12305
0 0.46826 0.94678 0.15332 0.04395
0 0.29395 0.05811 0.04297 0.04199
0 0.2168 0.90186 0.10156 0.10059
0 0.52832 0.6543 0.04883 0.05469
0 0.96143 0.46143 0.07715 0.04199
0 0.04492 0.26416 0.08984 0.0791
0 0.66357 0.02393 0.0459 0.04785
0 0.22021 0.09961 0.1416 0.14648
0 0.80713 0.01367 0.03613 0.02734
0 0.57617 0.51953 0.08984 0.03125
0 0.8877 0.75537 0.05664 0.05371
0 0.04199 0.57959 0.06445 0.07129
0 0.95996 0.85205 0.08008 0.04199
0 0.58594 0.91553 0.05859 0.07129
0 0.67969 0.87061 0.05859 0.05566
0 0.75732 0.95947 0.08301 0.06543
0 0.92725 0.43555 0.08105 0.03906
0 0.97998 0.69629 0.04004 0.11523
0 0.01074 0.64355 0.02148 0.04883
