0 0.58447 0.96826 0.06934 0.06348
0 0.66357 0.67334 0.06738 0.08301
0 0.37695 0.27783 0.0957 0.08301
0 0.71924 0.72607 0.07715 0.09277
0 0.57617 0.77441 0.07812 0.08984
0 0.95117 0.52441 0.09766 0.08984
0 0.90381 0.31299 0.10449 0.09668
0 0.73828 0.19189 0.0918 0.09473
0 0.80078 0.59814 0.07227 0.08691
0 0.6333 0.51562 0.08301 0.08203
0 0.57764 0.62646 0.06152 0.09863
0 0.85742 0.49072 0.08984 0.08691
0 0.58008 0.47168 0.09961 0.08984
0 0.49121 0.87549 0.06836 0.09277
0 0.86963 0.18213 0.10449 0.12012
0 0.66846 0.4043 0.09277 0.09961
0 0.83643 0.8335 0.0752 0.07715
0 0.67041 0.2749 0.06738 0.08496
0 0.59814 0.10107 0.07715 0.1377
0 0.67578 0.0835 0.07227 0.1123
0 0.68213 0.85938 0.0791 0.0625
0 0.30811 0.48584 0.08887 0.08887
0 0.81982 0.979 0.16504 0.04199
0 0.61084 0.24561 0.08301 0.08691
0 0.76709 0.28076 0.06934 0.10254
0 0.50342 0.17334 0.06738 0.12793
0 0.95557 0.74316 0.08887 0.07422
0 0.73438 0.59082 0.08008 0.08789
0 0.5752 0.8623 0.05273 0.05469
0 0.74951 0.41064 0.08496 0.10254
0 0.8999 0.66943 0.04004 0.06543
0 0.62305 0.14453 0.05273 0.06445
0 0.35498 0.45117 0.06543 0.05859
0 0.48535 0.04102 0.08008 0.08203
0 0.85693 0.04004 0.0752 0.07031
0 0.93311 0.22705 0.09277 0.09473
0 0.82178 0.39697 0.0752 0.09473
0 0.97168 0.87549 0.05664 0.04004
0 0.96729 0.12061 0.06543 0.15723
0 0.53906 0.59326 0.06641 0.09668
0 0.96875 0.8291 0.0625 0.05273
