0 0.60596 0.4707 0.08301 0.12305
0 0.52295 0.99854 0.10254 0.00293
0 0.95996 0.65283 0.08008 0.10254
0 0.43994 0.26709 0.10449 0.11816
0 0.2959 0.72705 0.07227 0.10449
0 0.56641 0.91992 0.13477 0.125
0 0.32178 0.86084 0.08496 0.09277
0 0.39844 0.97217 0.08789 0.05566
0 0.91455 0.76709 0.12988 0.11426
0 0.52588 0.70117 0.12207 0.10742
0 0.75684 0.64844 0.08984 0.12695
0 0.79688 0.46826 0.10938 0.09668
0 0.7915 0.87158 0.10059 0.10254
0 0.4458 0.46094 0.06934 0.07617
0 0.4668 0.8833 0.10547 0.06738
0 0.81445 0.21436 0.13477 0.11035
0 0.79834 0.75439 0.12793 0.0752
0 0.68066 0.77588 0.07227 0.08691
0 0.59766 0.12402 0.11328 0.10938
0 0.61963 0.36914 0.09473 0.08984
0 0.86084 0.62549 0.16309 0.07715
0 0.72461 0.21777 0.08984 0.09766
0 0.93066 0.96143 0.13867 0.06543
0 0.89453 0.85303 0.11328 0.0752
0 0.51221 0.7832 0.10059 0.10742
0 0.87598 0.56445 0.11719 0.08984
0 0.65674 0.15869 0.09863 0.11426
0 0.83545 0.04834 0.14746 0.09277
0 0.81348 0.2876 0.09766 0.1123
0 0.66162 0.4248 0.08496 0.13477
0 0.66211 0.49072 0.10547 0.12207
0 0.76758 0.55322 0.11523 0.0752
0 0.90137 0.89453 0.10938 0.08398
0 0.94043 0.91895 0.11719 0.07031
0 0.67432 0.83594 0.0752 0.05273
0 0.79541 0.68604 0.10254 0.07715
0 0.56836 0.72949 0.10742 0.08984
