0 0.37793 0.69385 0.08594 0.08691
0 0.95312 0.30811 0.05859 0.06738
0 0.35742 0.76807 0.08203 0.06543
0 0.11719 0.03906 0.06445 0.07422
0 0.05029 0.23193 0.0752 0.06934
0 0.56348 0.27051 0.06445 0.07617
0 0.71436 0.25879 0.06934 0.0918
0 0.10107 0.79736 0.03418 0.06738
0 0.23145 0.29199 0.05859 0.07812
0 0.02393 0.60449 0.04785 0.04297
0 0.64453 0.11816 0.03711 0.08594
0 0.54541 0.72607 0.05957 0.06348
0 0.18262 0.88232 0.08008 0.07324
0 0.45557 0.43604 0.05371 0.0791
0 0.42725 0.90088 0.04395 0.09668
0 0.26221 0.73682 0.03223 0.0752
0 0.24463 0.08643 0.05371 0.07715
0 0.95117 0.48291 0.08008 0.03809
0 0.50537 0.91162 0.05762 0.04004
0 0.71777 0.82373 0.04688 0.05566
0 0.01221 0.45264 0.02051 0.06348
0 0.42578 0.0166 0.06836 0.0332
0 0.18115 0.38867 0.04785 0.08203
0 0.17334 0.27637 0.06543 0.08789
0 0.40283 0.97412 0.05176 0.04785
0 0.19629 0.44775 0.07031 0.04785
0 0.49219 0.18115 0.06836 0.03613
0 0.95215 0.80713 0.03906 0.05566
0 0.62207 0.79883 0.06641 0.04883
0 0.85352 0.71289 0.05273 0.04883
0 0.30664 0.87354 0.07227 0.04199
0 0.10889 0.87207 0.04199 0.03125
0 0.71582 0.32666 0.04102 0.05762
0 0.23242 0.37061 0.05078 0.04004
0 0.97998 0.12012 0.04004 0.03906
0 0.01904 0.81689 0.03809 0.09863
0 0.91895 0.85742 0.0332 0.06055
0 0.92969 0.93506 0.07617 0.04395
0 0.59458 0.49302 0.06514 0.0458
0 0.26074 0.52881 0.04297 0.04199
0 0.9126 0.70654 0.03223 0.05762
0 0.71191 0.01758 0.0293 0.03516
0 0.97852 0.72412 0.0293 0.04199
0 0.34375 0.93799 0.04492 0.05371
0 0.34131 0.48242 0.05176 0.03516
0 0.98389 0.52148 0.03223 0.05273
0 0.36914 0.44043 0.04688 0.05469
0 0.55127 0.98975 0.03418 0.02051
0 0.77393 0.72363 0.04785 0.02734
0 0.58252 0.70068 0.06738 0.0498
0 0.68604 0.56055 0.0459 0.04102
0 0.83008 0.49951 0.05469 0.06348
0 0.9043 0.10254 0.05078 0.04883
0 0.02051 0.39795 0.04102 0.04004
0 0.19727 0.93359 0.06055 0.05078
0 0.22949 0.96094 0.11133 0.04102
0 0.27979 0.979 0.12598 0.04199
