0 0.54834 0.84473 0.06738 0.07227
0 0.80127 0.50098 0.09863 0.05664
0 0.33838 0.81152 0.10449 0.13086
0 0.83496 0.55371 0.08594 0.0625
0 0.0957 0.36816 0.10938 0.05273
0 0.61768 0.14014 0.10254 0.06738
0 0.31543 0.5127 0.06445 0.07422
0 0.57324 0.03174 0.08398 0.05371
0 0.31494 0.34424 0.08691 0.05176
0 0.8877 0.85986 0.1582 0.06543
0 0.75781 0.59863 0.11914 0.06445
0 0.46826 0.02197 0.1084 0.04395
0 0.24316 0.44775 0.10156 0.05762
0 0.78564 0.9502 0.05957 0.09961
0 0.57861 0.9126 0.09863 0.04785
0 0.59521 0.1958 0.09473 0.05566
0 0.05225 0.53418 0.10254 0.05664
0 0.28271 0.60645 0.10645 0.08789
0 0.08691 0.88086 0.08398 0.10938
0 0.39453 0.73291 0.10938 0.06348
0 0.66748 0.39355 0.13184 0.05469
0 0.54443 0.25098 0.10645 0.06055
0 0.09961 0.25293 0.08789 0.07422
0 0.39014 0.46826 0.06152 0.05176
0 0.04395 0.31543 0.08398 0.05273
0 0.46045 0.35693 0.12207 0.05957
0 0.72559 0.70947 0.12695 0.04785
0 0.08203 0.08203 0.0918 0.03711
0 0.07178 0.49561 0.0459 0.07129
0 0.49854 0.86816 0.10645 0.05469
0 0.24707 0.88477 0.11133 0.05273
0 0.83789 0.67139 0.11133 0.0498
0 0.2251 0.61279 0.08301 0.04199
0 0.46631 0.67627 0.08105 0.05762
0 0.88086 0.03076 0.05078 0.05176
0 0.12598 0.62988 0.09766 0.05664
0 0.07959 0.17334 0.11426 0.11035
0 0.70752 0.8623 0.10645 0.05664
0 0.50537 0.32471 0.0791 0.03418
0 0.74268 0.354 0.10059 0.03809
0 0.38184 0.62354 0.05469 0.04199
0 0.25537 0.66064 0.08301 0.04199
0 0.01465 0.06641 0.0293 0.06445
0 0.05469 0.11914 0.10742 0.03125
0 0.42334 0.32617 0.09082 0.03711
0 0.23877 0.93652 0.10449 0.07422
0 0.96338 0.61719 0.07324 0.05078
0 0.5249 0.43164 0.1709 0.06836
0 0.11963 0.69824 0.10254 0.03906
0 0.34375 0.01123 0.04492 0.02246
0 0.03955 0.2583 0.0791 0.05371
0 0.98193 0.50488 0.03613 0.05078
0 0.41016 0.67871 0.08008 0.0293
0 0.41699 0.2959 0.07422 0.03906
0 0.24072 0.98291 0.0791 0.03418
0 0.07568 0.98193 0.14941 0.03613
0 0.51221 0.90527 0.05957 0.04688
0 0.67285 0.01025 0.05859 0.02051
0 0.39893 0.91943 0.09277 0.03223
0 0.60352 0.32568 0.17383 0.09863
0 0.09619 0.94971 0.18848 0.05566
0 0.56348 0.21924 0.09375 0.04785
0 0.82275 0.34521 0.08887 0.04199
0 0.88184 0.82471 0.08008 0.06348
0 0.61182 0.24023 0.1377 0.125
0 0.06445 0.80762 0.10547 0.06641
0 0.02051 0.47266 0.04102 0.05859
0 0.15088 0.24609 0.08105 0.06641
0 0.80176 0.8623 0.07031 0.03711
0 0.28418 0.42285 0.07031 0.0332
0 0.05176 0.59326 0.10156 0.12598
0 0.18555 0.59619 0.08594 0.06738
0 0.29932 0.61865 0.0791 0.0498
0 0.90967 0.6001 0.07129 0.04199
0 0.42236 0.90771 0.05566 0.07129
0 0.13281 0.84521 0.11328 0.04004
0 0.13525 0.86865 0.0791 0.02246
0 0.59766 0.15674 0.04883 0.05371
0 0.73584 0.42969 0.05176 0.03516
0 0.31689 0.60889 0.0498 0.04004
