0 0.37842 0.43799 0.04199 0.08496
0 0.16162 0.69092 0.06543 0.06543
0 0.20605 0.08398 0.07422 0.07617
0 0.2959 0.92383 0.0918 0.15234
0 0.36621 0.23584 0.04492 0.06934
0 0.36084 0.85645 0.0791 0.11133
0 0.02002 0.06787 0.04004 0.06152
0 0.23242 0.83252 0.07031 0.05371
0 0.98096 0.09229 0.03418 0.08887
0 0.10742 0.09229 0.11523 0.07715
0 0.68848 0.48828 0.08789 0.06641
0 0.82617 0.11182 0.04883 0.06934
0 0.28613 0.24365 0.05273 0.06348
0 0.27295 0.17236 0.02637 0.06934
0 0.94824 0.77637 0.03906 0.05273
0 0.38477 0.09814 0.09375 0.04785
0 0.62012 0.33936 0.02539 0.09473
0 0.40283 0.81543 0.06934 0.07617
0 0.02588 0.19531 0.05176 0.04492
0 0.22998 0.63867 0.10449 0.09375
0 0.00732 0.38623 0.01465 0.0752
0 0.24219 0.48096 0.04492 0.06152
0 0.17529 0.19385 0.03418 0.04785
0 0.29004 0.56299 0.04492 0.05762
0 0.11035 0.45312 0.05664 0.07227
0 0.08594 0.5415 0.07422 0.06348
0 0.76562 0.13818 0.02539 0.07129
0 0.90527 0.11328 0.02539 0.05859
0 0.20752 0.59326 0.05957 0.04395
0 0.40674 0.71973 0.04785 0.06445
0 0.02295 0.77393 0.0459 0.05176
0 0.86719 0.2666 0.03516 0.07227
0 0.93115 0.479 0.03613 0.06152
0 0.93408 0.25781 0.07715 0.04688
0 0.8584 0.49316 0.08008 0.05859
0 0.2207 0.97314 0.11523 0.05371
0 0.67188 0.23926 0.03711 0.10352
0 0.05518 0.85938 0.05762 0.04492
0 0.74658 0.3877 0.06738 0.04883
0 0.89795 0.76514 0.08301 0.04004
0 0.08984 0.58643 0.05273 0.06934
0 0.29883 0.08984 0.05664 0.0625
0 0.7041 0.55322 0.07031 0.04199
0 0.57227 0.2793 0.03711 0.04688
0 0.02295 0.9375 0.0459 0.05078
0 0.68701 0.92676 0.08691 0.04102
0 0.06885 0.39258 0.03223 0.0625
0 0.81787 0.98975 0.06152 0.02051
0 0.43604 0.22559 0.08105 0.04102
0 0.1333 0.4126 0.08105 0.04785
0 0.71699 0.30547 0.05234 0.04336
0 0.3208 0.52734 0.04004 0.04492
0 0.28564 0.61865 0.06543 0.03027
0 0.40039 0.7002 0.08008 0.03516
0 0.52344 0.81934 0.05859 0.03711
0 0.67188 0.82324 0.07227 0.05078
0 0.8374 0.79102 0.04199 0.08398
0 0.91992 0.81543 0.06445 0.05469
0 0.01221 0.83545 0.02441 0.05371
0 0.05127 0.89111 0.06738 0.04199
0 0.36816 0.17383 0.07617 0.06836
0 0.32471 0.13477 0.07324 0.04688
0 0.40283 0.09912 0.05176 0.08105
