0 0.0874 0.41504 0.09863 0.07617
0 0.27832 0.86328 0.08594 0.0957
0 0.10889 0.16895 0.06152 0.10742
0 0.82764 0.23926 0.04004 0.10547
0 0.5249 0.14502 0.04785 0.07715
0 0.89111 0.38477 0.04395 0.10938
0 0.46289 0.44824 0.11523 0.05273
0 0.35107 0.88281 0.09473 0.13281
0 0.74268 0.49219 0.04395 0.15625
0 0.63672 0.23584 0.10938 0.03613
0 0.76025 0.6543 0.06738 0.05664
0 0.47217 0.85986 0.12988 0.12793
0 0.42188 0.10498 0.11328 0.09473
0 0.90137 0.78174 0.0625 0.04395
0 0.98096 0.51611 0.03809 0.0752
0 0.8335 0.36084 0.06348 0.10449
0 0.43252 0.77837 0.15449 0.05264
0 0.96826 0.24512 0.05762 0.07227
0 0.76562 0.40088 0.08203 0.15723
0 0.15576 0.09473 0.08301 0.08398
0 0.27734 0.39307 0.04688 0.14355
0 0.0957 0.26709 0.06445 0.06543
0 0.23877 0.14697 0.09473 0.04785
0 0.43701 0.23291 0.08496 0.08496
0 0.10547 0.6958 0.05664 0.06543
0 0.72607 0.5957 0.0459 0.07227
0 0.8833 0.21045 0.06348 0.09863
0 0.38379 0.1748 0.0625 0.07422
0 0.03516 0.60645 0.07031 0.08008
0 0.59082 0.35742 0.04688 0.05664
0 0.80664 0.97266 0.0332 0.05469
0 0.63623 0.45605 0.03027 0.06836
0 0.87842 0.29492 0.07715 0.0332
0 0.57715 0.02148 0.05078 0.04102
0 0.91211 0.05469 0.08984 0.10938
0 0.64258 0.60352 0.05078 0.10742
0 0.04883 0.08105 0.07812 0.10352
0 0.62207 0.2915 0.08789 0.07715
0 0.12354 0.9873 0.04004 0.02539
0 0.80908 0.93457 0.06738 0.04102
0 0.6626 0.57764 0.03613 0.0791
0 0.14209 0.85352 0.09277 0.04492
0 0.33496 0.6167 0.07617 0.15137
0 0.85889 0.04639 0.05566 0.09277
0 0.34619 0.18994 0.03223 0.10645
0 0.95264 0.71777 0.05371 0.05859
0 0.35986 0.1123 0.11035 0.11328
0 0.02295 0.9248 0.04395 0.05078
0 0.23242 0.02588 0.05859 0.05176
0 0.0874 0.85889 0.06348 0.06738
0 0.7124 0.35791 0.08301 0.08301
0 0.04736 0.21631 0.09473 0.0498
0 0.46484 0.7417 0.07422 0.11621
0 0.03516 0.17432 0.07031 0.10254
