0 0.34131 0.51611 0.08496 0.08496
0 0.30322 0.34766 0.10059 0.08398
0 0.49512 0.90039 0.06055 0.07812
0 0.29492 0.28125 0.07422 0.04688
0 0.22217 0.28271 0.08301 0.07715
0 0.02344 0.86914 0.04688 0.08789
0 0.96436 0.32666 0.06738 0.09277
0 0.29248 0.97412 0.13379 0.05176
0 0.6582 0.56104 0.06641 0.05957
0 0.55615 0.0625 0.06934 0.08594
0 0.146 0.56641 0.09473 0.06445
0 0.49609 0.06055 0.08008 0.12109
0 0.27783 0.23145 0.07715 0.05664
0 0.28174 0.43311 0.08496 0.14355
0 0.07666 0.32764 0.09668 0.07324
0 0.02832 0.58057 0.05664 0.08496
0 0.33008 0.71484 0.16797 0.14844
0 0.47559 0.55469 0.10352 0.09766
0 0.54297 0.93066 0.05664 0.07617
0 0.13281 0.96533 0.14648 0.06934
0 0.96924 0.81543 0.06152 0.07227
0 0.97705 0.87109 0.0459 0.05664
0 0.9126 0.27441 0.0752 0.07422
0 0.82861 0.42578 0.08887 0.06445
0 0.59961 0.53467 0.04102 0.06543
0 0.64258 0.521 0.05859 0.09668
0 0.68066 0.41553 0.12695 0.0752
0 0.65674 0.45752 0.05762 0.12012
0 0.5791 0.39746 0.06055 0.07227
0 0.44727 0.67139 0.07422 0.05762
0 0.29834 0.17188 0.08105 0.07031
