0 0.46338 0.03613 0.11621 0.06445
0 0.61084 0.06348 0.07715 0.04883
0 0.56055 0.12305 0.05078 0.04492
0 0.5 0.15186 0.05273 0.06543
0 0.63135 0.17188 0.05762 0.04688
0 0.67432 0.20557 0.06543 0.0459
0 0.56934 0.19385 0.04492 0.04395
0 0.56201 0.24219 0.14551 0.06836
0 0.62012 0.34814 0.08594 0.12988
0 0.70117 0.31885 0.0625 0.08301
0 0.73145 0.2959 0.10742 0.0957
0 0.52393 0.38623 0.06543 0.09473
0 0.34717 0.4082 0.14551 0.08203
0 0.1748 0.3667 0.10938 0.0752
0 0.14893 0.0791 0.09277 0.05078
0 0.21973 0.10205 0.07812 0.15137
0 0.30371 0.05029 0.07031 0.08887
0 0.27344 0.25293 0.11133 0.07617
0 0.354 0.27441 0.08887 0.05859
0 0.39355 0.22217 0.08008 0.04395
0 0.27002 0.17334 0.06543 0.04785
0 0.29297 0.52295 0.06836 0.06348
0 0.39404 0.62646 0.0791 0.04785
0 0.08203 0.62061 0.07031 0.09473
0 0.1582 0.66211 0.11328 0.07031
0 0.2417 0.7749 0.06348 0.0752
0 0.08936 0.80713 0.06152 0.09473
0 0.15283 0.90771 0.07324 0.1377
0 0.03027 0.89355 0.05664 0.14062
0 0.08984 0.91943 0.0918 0.16113
0 0.56445 0.68311 0.08789 0.05371
0 0.71631 0.62646 0.06348 0.05176
0 0.64746 0.77295 0.10352 0.0791
0 0.55859 0.78125 0.06641 0.08398
0 0.44434 0.7793 0.05859 0.05859
0 0.48291 0.77539 0.0752 0.04688
0 0.53027 0.85742 0.09766 0.11523
0 0.56592 0.85742 0.05957 0.07812
0 0.73486 0.85254 0.12207 0.05859
0 0.86377 0.96631 0.05957 0.06738
0 0.85449 0.6792 0.07617 0.06543
0 0.84277 0.5498 0.08984 0.0918
0 0.68555 0.51318 0.125 0.09863
0 0.7583 0.53223 0.0791 0.11133
0 0.96729 0.46631 0.06543 0.0498
0 0.95752 0.41455 0.06934 0.05371
0 0.93115 0.25391 0.13184 0.06836
0 0.76758 0.07227 0.07031 0.14453
0 0.83691 0.1665 0.05469 0.06934
0 0.89014 0.16211 0.05957 0.06055
0 0.93262 0.19629 0.04688 0.06641
0 0.97217 0.18506 0.05566 0.05176
0 0.92676 0.04639 0.08789 0.08887
0 0.85205 0.02295 0.05566 0.0459
0 0.04736 0.12744 0.05957 0.07129
0 0.854 0.45801 0.04004 0.06641
