0 0.44775 0.39648 0.13574 0.0957
0 0.80273 0.49121 0.10938 0.15234
0 0.85986 0.31396 0.05566 0.06152
0 0.93018 0.32666 0.06543 0.05957
0 0.87939 0.17529 0.06543 0.11816
0 0.96924 0.15771 0.06152 0.0752
0 0.96875 0.02539 0.0625 0.05078
0 0.99023 0.68164 0.01953 0.08008
0 0.17529 0.09619 0.12402 0.17285
0 0.47607 0.05615 0.09863 0.09082
0 0.20947 0.4502 0.07129 0.05859
0 0.09375 0.42383 0.09375 0.11719
0 0.03711 0.55615 0.05469 0.05762
0 0.09668 0.66113 0.11914 0.19336
0 0.07764 0.84814 0.09668 0.05371
0 0.6377 0.73584 0.08398 0.05371
0 0.51025 0.9624 0.07129 0.0752
0 0.11816 0.9043 0.04688 0.04102
0 0.04395 0.94238 0.08789 0.08398
0 0.56592 0.57178 0.10449 0.10645
