0 0.38965 0.91406 0.1582 0.08984
0 0.72705 0.57178 0.12793 0.0752
0 0.54883 0.77881 0.12891 0.1748
0 0.72363 0.94971 0.1875 0.10059
0 0.56494 0.17969 0.12402 0.13281
0 0.24072 0.22949 0.19824 0.13672
0 0.26807 0.07568 0.10254 0.14746
0 0.23975 0.94824 0.08496 0.0625
0 0.93457 0.47461 0.13086 0.19922
0 0.06396 0.61963 0.12793 0.15137
0 0.03613 0.90332 0.07227 0.19336
0 0.80225 0.1499 0.14746 0.13379
0 0.97559 0.27197 0.04883 0.19629
0 0.9458 0.88428 0.10254 0.11035
0 0.05518 0.52637 0.11035 0.09961
0 0.04541 0.45898 0.09082 0.06445
0 0.14844 0.7959 0.11719 0.38281
0 0.72607 0.09473 0.14746 0.08984
0 0.854 0.51855 0.12012 0.09375
0 0.94434 0.17334 0.11133 0.31543
0 0.86865 0.05078 0.1084 0.09766
0 0.71436 0.63525 0.08105 0.10059
0 0.62646 0.0835 0.14746 0.16699
0 0.22412 0.28662 0.06738 0.03418
0 0.02148 0.74023 0.04297 0.08398
