0 0.61963 0.229 0.05371 0.09277
0 0.39844 0.91553 0.08008 0.0752
0 0.43213 0.06494 0.05957 0.08301
0 0.28174 0.80127 0.09473 0.05176
0 0.76904 0.36963 0.06152 0.08105
0 0.44434 0.7085 0.08008 0.0752
0 0.66357 0.34619 0.04004 0.07715
0 0.04053 0.72217 0.08105 0.07715
0 0.45898 0.23145 0.10742 0.13672
0 0.29834 0.36523 0.06152 0.07617
0 0.0166 0.24365 0.0332 0.06934
0 0.79688 0.96973 0.11523 0.05859
0 0.1875 0.43359 0.07422 0.04883
0 0.08496 0.3125 0.05078 0.08789
0 0.69023 0.86509 0.03945 0.09209
0 0.18359 0.09619 0.04492 0.09473
0 0.97607 0.24268 0.04199 0.13184
0 0.17139 0.52734 0.07715 0.07227
0 0.82715 0.2373 0.05078 0.09961
0 0.67578 0.95703 0.05664 0.05469
0 0.19727 0.27148 0.03906 0.06641
0 0.03223 0.2041 0.06445 0.07812
0 0.13574 0.95361 0.04492 0.07324
0 0.56885 0.36572 0.04004 0.08887
0 0.23828 0.04688 0.07812 0.06641
0 0.1687 0.8311 0.14678 0.07002
0 0.05176 0.59766 0.10352 0.07812
0 0.12451 0.62744 0.03223 0.13574
0 0.6875 0.42627 0.03125 0.08496
0 0.47793 0.46558 0.09492 0.04463
0 0.78857 0.08203 0.07715 0.05273
0 0.42822 0.40283 0.04199 0.1084
0 0.0835 0.70459 0.05566 0.05566
0 0.24805 0.10547 0.03906 0.0625
0 0.38574 0.67822 0.03906 0.08301
0 0.2749 0.97559 0.04199 0.04883
0 0.01416 0.77295 0.02832 0.06348
0 0.18262 0.96387 0.07812 0.07227
0 0.41504 0.43408 0.04883 0.07715
0 0.88037 0.14062 0.03613 0.06445
0 0.53369 0.11816 0.0498 0.08008
0 0.84863 0.07178 0.04492 0.06934
0 0.51172 0.94482 0.04492 0.0791
0 0.25684 0.43555 0.03711 0.07422
0 0.14014 0.03369 0.07324 0.06738
0 0.33936 0.7373 0.0459 0.0625
0 0.95166 0.55176 0.05371 0.04297
0 0.01123 0.979 0.02246 0.04199
0 0.04932 0.34521 0.04395 0.07715
0 0.75586 0.19385 0.0332 0.05762
0 0.03711 0.94775 0.07422 0.05566
0 0.32974 0.87563 0.05928 0.07686
0 0.03662 0.31348 0.07324 0.04688
0 0.8374 0.7876 0.05957 0.07129
0 0.53076 0.9126 0.06543 0.04395
0 0.3833 0.21484 0.09473 0.02734
0 0.97998 0.78613 0.03027 0.05664
0 0.47656 0.86865 0.05469 0.05566
0 0.77881 0.76367 0.04199 0.06445
0 0.8999 0.02295 0.02832 0.0459
0 0.32568 0.36084 0.03809 0.05371
0 0.34473 0.68213 0.05078 0.04199
0 0.53271 0.29443 0.05371 0.03809
0 0.82324 0.45166 0.03711 0.05371
0 0.66357 0.15234 0.03809 0.06055
0 0.03862 0.42808 0.07295 0.04326
0 0.29492 0.07227 0.05664 0.05078
0 0.49414 0.6875 0.03711 0.08398
0 0.39404 0.58203 0.04785 0.05664
0 0.63965 0.46484 0.0293 0.05664
0 0.55029 0.15479 0.04785 0.03418
0 0.41992 0.88232 0.05078 0.06152
0 0.7334 0.49023 0.03125 0.05078
0 0.73145 0.60059 0.04102 0.04297
