0 0.59814 0.17383 0.08691 0.10156
0 0.52393 0.15869 0.08301 0.09082
0 0.55078 0.28223 0.10156 0.07617
0 0.52686 0.37256 0.0498 0.05176
0 0.58984 0.38818 0.05078 0.0752
0 0.65283 0.43652 0.07129 0.05859
0 0.26465 0.46777 0.07031 0.05469
0 0.28906 0.61328 0.0918 0.11719
0 0.09375 0.38672 0.13086 0.08008
0 0.18799 0.24805 0.05371 0.07227
0 0.2583 0.19922 0.0498 0.05078
0 0.48975 0.04053 0.0791 0.0791
0 0.44629 0.02344 0.07617 0.04688
0 0.02344 0.27734 0.04688 0.07422
0 0.75977 0.32959 0.07031 0.06348
0 0.875 0.31934 0.08789 0.06055
0 0.9126 0.4502 0.06543 0.07031
0 0.9668 0.7334 0.06641 0.08008
0 0.96387 0.68652 0.07227 0.05859
0 0.87598 0.72314 0.08789 0.06152
0 0.66455 0.8291 0.08691 0.08398
0 0.74902 0.82715 0.04883 0.0625
0 0.57471 0.82666 0.0459 0.06152
0 0.50635 0.77832 0.06738 0.08984
0 0.45947 0.85254 0.05957 0.08008
0 0.17432 0.71729 0.05762 0.04785
0 0.28564 0.87158 0.06152 0.09473
0 0.68945 0.96826 0.10742 0.05371
0 0.82959 0.97803 0.06934 0.04395
0 0.84229 0.93506 0.09668 0.06934
0 0.83545 0.87207 0.07324 0.05664
0 0.93945 0.83838 0.09766 0.06934
0 0.39111 0.92529 0.06543 0.06348
0 0.27051 0.79443 0.05859 0.04004
0 0.32959 0.78662 0.05566 0.04785
0 0.32617 0.32812 0.07617 0.06055
