0 0.21631 0.02979 0.07715 0.05957
0 0.10938 0.12549 0.07227 0.07715
0 0.22998 0.11133 0.05371 0.07422
0 0.28467 0.12354 0.06348 0.08496
0 0.29053 0.27539 0.08691 0.07031
0 0.32031 0.33398 0.08203 0.05859
0 0.03076 0.37646 0.05566 0.06348
0 0.08887 0.43945 0.09375 0.07812
0 0.22461 0.49365 0.05859 0.07715
0 0.45508 0.42773 0.125 0.05664
0 0.51318 0.36816 0.10449 0.05664
0 0.55127 0.26758 0.08301 0.05664
0 0.53369 0.20361 0.07715 0.05371
0 0.38818 0.60791 0.06738 0.06348
0 0.20508 0.76465 0.0957 0.0625
0 0.02588 0.85254 0.0498 0.12305
0 0.06445 0.84619 0.0625 0.07324
0 0.0835 0.95508 0.09668 0.0625
0 0.15381 0.95898 0.05762 0.07227
0 0.62793 0.97461 0.08398 0.05078
0 0.73242 0.96094 0.05273 0.07812
0 0.78809 0.94434 0.06836 0.06641
0 0.9082 0.94678 0.05859 0.05957
0 0.97217 0.90967 0.05566 0.0791
0 0.61816 0.8623 0.0957 0.06055
0 0.64453 0.79004 0.10547 0.07227
0 0.42871 0.76807 0.08594 0.05176
0 0.48145 0.80859 0.07812 0.03906
0 0.51855 0.7666 0.08984 0.0625
0 0.63135 0.71045 0.13184 0.05957
0 0.67334 0.68652 0.07129 0.06055
0 0.95947 0.84277 0.07324 0.06641
0 0.98193 0.78809 0.03613 0.06641
0 0.85498 0.58838 0.06152 0.05762
0 0.71875 0.59814 0.08008 0.11426
0 0.88525 0.53662 0.0791 0.05957
0 0.98584 0.51514 0.02832 0.09863
0 0.72168 0.44824 0.07227 0.05664
0 0.75391 0.40576 0.05273 0.04004
0 0.73486 0.32471 0.06934 0.0752
0 0.85303 0.39795 0.0752 0.06543
0 0.92822 0.41504 0.05371 0.06445
0 0.88916 0.19922 0.0752 0.07031
0 0.80566 0.22363 0.05859 0.06836
0 0.81738 0.01611 0.06836 0.03223
0 0.68506 0.02393 0.05762 0.04785
0 0.57422 0.03711 0.09961 0.07422
0 0.51367 0.03271 0.0625 0.06543
0 0.6123 0.75732 0.08203 0.07715
