0 0.03662 0.27881 0.06543 0.07715
0 0.02539 0.35986 0.05078 0.06543
0 0.1001 0.0293 0.09668 0.05859
0 0.08984 0.09229 0.10547 0.08496
0 0.20117 0.15576 0.08789 0.12402
0 0.30615 0.20801 0.08105 0.06641
0 0.32129 0.29688 0.07227 0.11133
0 0.4502 0.2627 0.09961 0.05664
0 0.41113 0.37158 0.07617 0.08887
0 0.63477 0.43164 0.10938 0.10547
0 0.6875 0.37695 0.07031 0.07812
0 0.81982 0.26709 0.13574 0.05566
0 0.80176 0.30566 0.14648 0.06445
0 0.82764 0.32715 0.11035 0.07227
0 0.61621 0.22803 0.05859 0.06934
0 0.48145 0.36865 0.05273 0.06543
0 0.47217 0.13916 0.08301 0.06934
0 0.35938 0.18213 0.07617 0.07324
0 0.87256 0.07373 0.09863 0.06934
0 0.87158 0.01611 0.07129 0.03223
0 0.14746 0.46826 0.08984 0.0752
0 0.26562 0.44629 0.05273 0.05469
0 0.81738 0.4668 0.09375 0.09375
0 0.66406 0.68164 0.08789 0.07227
0 0.90674 0.65039 0.1123 0.0918
0 0.96094 0.68408 0.07812 0.06738
0 0.91357 0.771 0.07715 0.11426
0 0.12744 0.72754 0.06738 0.07422
0 0.27539 0.61475 0.07617 0.07129
0 0.31201 0.70557 0.14941 0.12012
0 0.64893 0.81738 0.06348 0.08008
0 0.75928 0.85254 0.05762 0.08008
0 0.73877 0.97021 0.06348 0.05957
0 0.83154 0.97803 0.09277 0.04395
0 0.58936 0.93555 0.07715 0.0918
0 0.49121 0.86572 0.09766 0.09863
0 0.44971 0.92285 0.0752 0.11719
0 0.3501 0.88867 0.08691 0.09766
0 0.37988 0.78857 0.0625 0.05957
0 0.05273 0.93311 0.10547 0.08105
0 0.82617 0.58154 0.05664 0.09277
0 0.75781 0.30811 0.05469 0.04004
0 0.48389 0.21484 0.08496 0.04883
0 0.26514 0.87012 0.04395 0.05469
