0 0.26758 0.2085 0.07031 0.08496
0 0.18555 0.32715 0.06055 0.06641
0 0.26855 0.10938 0.0918 0.0957
0 0.12842 0.1416 0.07129 0.10352
0 0.29492 0.03223 0.07031 0.06445
0 0.25342 0.97705 0.0752 0.0459
0 0.0498 0.07861 0.07227 0.09277
0 0.19238 0.24365 0.07422 0.06738
0 0.17822 0.55273 0.08691 0.07227
0 0.29053 0.83887 0.06934 0.05664
0 0.87109 0.3208 0.11914 0.09473
0 0.12695 0.24561 0.06445 0.06348
0 0.13428 0.88281 0.06348 0.05664
0 0.89551 0.69824 0.06055 0.0625
0 0.32275 0.59424 0.08691 0.09082
0 0.07666 0.21191 0.0791 0.07031
0 0.35693 0.09082 0.04395 0.07227
0 0.12402 0.39209 0.09766 0.11426
0 0.81689 0.09863 0.10254 0.10547
0 0.05029 0.77979 0.06738 0.05762
0 0.09277 0.55664 0.10742 0.14648
0 0.7124 0.11865 0.09082 0.08105
0 0.30029 0.25928 0.05176 0.08105
0 0.88184 0.47412 0.08789 0.08105
0 0.93652 0.55322 0.11719 0.08105
0 0.29395 0.34521 0.0918 0.08105
0 0.36084 0.26855 0.06348 0.06445
0 0.31543 0.50293 0.11719 0.08203
0 0.20361 0.85645 0.05762 0.06641
0 0.05469 0.94727 0.10742 0.06445
0 0.03418 0.98193 0.06641 0.03223
0 0.89697 0.89795 0.06934 0.05762
0 0.66895 0.21143 0.07227 0.08301
0 0.77441 0.19775 0.06836 0.09082
0 0.95264 0.16309 0.08496 0.10742
0 0.94873 0.08252 0.08887 0.07715
0 0.92773 0.04199 0.07812 0.08398
0 0.39648 0.23389 0.05078 0.07129
0 0.19385 0.15918 0.04395 0.0625
0 0.19873 0.09131 0.0498 0.08105
