0 0.1626 0.1582 0.11426 0.25977
0 0.05713 0.19043 0.1123 0.16016
0 0.05762 0.32666 0.11523 0.07715
0 0.22363 0.33594 0.19336 0.06641
0 0.08008 0.46289 0.14062 0.05859
0 0.37207 0.45557 0.05859 0.06738
0 0.37451 0.23291 0.14551 0.18848
0 0.4502 0.21143 0.08398 0.10645
0 0.64111 0.20947 0.08301 0.09668
0 0.85498 0.1377 0.18457 0.07812
0 0.98193 0.07373 0.03613 0.08105
0 0.92285 0.27881 0.11523 0.11816
0 0.97998 0.1748 0.04004 0.10352
0 0.6709 0.51172 0.08203 0.17188
0 0.854 0.396 0.07324 0.07129
0 0.75342 0.61816 0.15332 0.09766
0 0.65625 0.75977 0.08594 0.09766
0 0.66211 0.84131 0.0918 0.06934
0 0.46582 0.79395 0.23438 0.14258
0 0.26758 0.80127 0.12695 0.0791
0 0.25244 0.84912 0.2041 0.10059
0 0.28076 0.9292 0.09082 0.10254
0 0.18848 0.93604 0.08984 0.12598
0 0.06006 0.94678 0.12012 0.09863
0 0.4541 0.96875 0.09375 0.0625
0 0.60791 0.96973 0.08301 0.06055
0 0.77295 0.98389 0.10449 0.03223
0 0.95508 0.93701 0.08789 0.12598
0 0.81934 0.82227 0.13672 0.22852
0 0.94727 0.59961 0.08594 0.08789
0 0.05615 0.12744 0.1123 0.12012
0 0.02539 0.93115 0.05078 0.13574
0 0.94727 0.21973 0.04883 0.04492
0 0.729 0.78613 0.05762 0.04688
