0 0.48828 0.16504 0.08594 0.10156
0 0.6333 0.06738 0.11621 0.09766
0 0.35498 0.0415 0.08887 0.07324
0 0.1709 0.76709 0.08203 0.05762
0 0.8252 0.84033 0.07227 0.0791
0 0.87012 0.61865 0.11719 0.07324
0 0.375 0.12646 0.10352 0.09668
0 0.20654 0.20361 0.06152 0.06934
0 0.9043 0.38623 0.05664 0.0752
0 0.66064 0.79004 0.10645 0.06641
0 0.45312 0.84717 0.10352 0.05371
0 0.38525 0.59668 0.09082 0.08203
0 0.22217 0.69971 0.09082 0.10449
0 0.57666 0.56982 0.12793 0.08691
0 0.771 0.44434 0.08887 0.12891
0 0.09473 0.49121 0.11914 0.11523
0 0.83887 0.20947 0.125 0.06348
0 0.69189 0.67822 0.08105 0.05371
0 0.26562 0.87939 0.08594 0.09082
0 0.41211 0.35059 0.11328 0.05859
0 0.38721 0.47363 0.09473 0.07812
0 0.91797 0.5415 0.07227 0.04199
0 0.12305 0.39307 0.10352 0.08887
0 0.7627 0.36475 0.0918 0.10059
0 0.97119 0.85156 0.05762 0.08008
0 0.11719 0.60498 0.09375 0.04395
0 0.54834 0.98096 0.11621 0.03809
0 0.87109 0.8208 0.10547 0.09082
0 0.34766 0.83838 0.10547 0.07715
0 0.81055 0.33838 0.05469 0.04785
0 0.20752 0.50977 0.10449 0.08398
0 0.76709 0.93359 0.08496 0.04492
0 0.12939 0.91602 0.06152 0.04688
0 0.04492 0.77344 0.08594 0.12109
0 0.56934 0.25293 0.04883 0.06641
0 0.58398 0.59814 0.04688 0.0459
0 0.1875 0.83105 0.0957 0.06055
0 0.50098 0.54932 0.05664 0.04395
0 0.59717 0.8374 0.08887 0.02832
0 0.80566 0.15039 0.07422 0.03516
0 0.84082 0.70947 0.06641 0.03223
0 0.73047 0.02441 0.07617 0.04883
0 0.03613 0.24316 0.06836 0.06641
0 0.0376 0.94385 0.07324 0.03223
0 0.47217 0.93359 0.05957 0.04883
0 0.09766 0.27051 0.09766 0.07422
0 0.80176 0.7373 0.07617 0.06055
0 0.4624 0.46289 0.05371 0.12695
0 0.1499 0.50781 0.04004 0.04102
