0 0.06201 0.31348 0.05957 0.06445
0 0.05762 0.49658 0.07617 0.10254
0 0.03125 0.09912 0.0625 0.08691
0 0.16895 0.13818 0.08008 0.06738
0 0.19141 0.1709 0.0918 0.10938
0 0.36816 0.22168 0.17578 0.25
0 0.31738 0.36328 0.08594 0.0957
0 0.25732 0.43262 0.12207 0.07422
0 0.17773 0.53125 0.13867 0.08594
0 0.35693 0.65576 0.0752 0.14551
0 0.21289 0.74365 0.11523 0.14355
0 0.18506 0.88037 0.10059 0.08301
0 0.26807 0.86426 0.06934 0.08594
0 0.32959 0.82715 0.08301 0.10156
0 0.42725 0.81006 0.09863 0.08105
0 0.50635 0.74121 0.10449 0.09961
0 0.54492 0.67578 0.08203 0.08594
0 0.58105 0.80811 0.10547 0.09473
0 0.74316 0.75488 0.06641 0.07031
0 0.73096 0.86035 0.08887 0.07812
0 0.56006 0.93701 0.09473 0.0791
0 0.67139 0.97656 0.0752 0.04688
0 0.88818 0.73926 0.11816 0.08203
0 0.88574 0.87256 0.06836 0.08496
0 0.83398 0.60693 0.06836 0.06738
0 0.65283 0.54053 0.07129 0.07715
0 0.74414 0.43018 0.17383 0.15332
0 0.78174 0.32764 0.07129 0.09082
0 0.64209 0.32568 0.06348 0.06934
0 0.54102 0.26904 0.0918 0.07324
0 0.94385 0.33154 0.08301 0.07715
0 0.8877 0.12402 0.0625 0.11523
0 0.73633 0.10889 0.12891 0.07129
0 0.6792 0.03857 0.07129 0.07715
0 0.79395 0.01855 0.14648 0.03711
0 0.80225 0.03516 0.09863 0.06641
0 0.28467 0.70654 0.0498 0.07129
