0 0.56934 0.50586 0.07031 0.08008
0 0.51758 0.51855 0.06055 0.08008
0 0.76953 0.16357 0.05273 0.09082
0 0.77148 0.95752 0.06641 0.0752
0 0.08691 0.04736 0.0625 0.08301
0 0.95166 0.40137 0.04785 0.07617
0 0.60742 0.59424 0.08203 0.06348
0 0.33398 0.1875 0.05469 0.08789
0 0.76318 0.41797 0.07715 0.11719
0 0.81689 0.12451 0.07715 0.08691
0 0.68994 0.53955 0.07715 0.06738
0 0.10059 0.39502 0.08008 0.05957
0 0.84229 0.23047 0.06152 0.13086
0 0.74316 0.87695 0.07617 0.08789
0 0.32275 0.95557 0.07324 0.08301
0 0.05371 0.6123 0.09961 0.05664
0 0.08984 0.26611 0.10156 0.10449
0 0.4082 0.55957 0.08594 0.08594
0 0.1582 0.87695 0.08594 0.10156
0 0.59375 0.3501 0.06836 0.05371
0 0.1333 0.79541 0.05762 0.08496
0 0.47852 0.146 0.05859 0.1123
0 0.23438 0.43115 0.06641 0.06152
0 0.12158 0.94189 0.14551 0.07324
0 0.91406 0.896 0.06641 0.05176
0 0.77637 0.28271 0.05469 0.08691
0 0.9668 0.54199 0.06641 0.08594
0 0.93213 0.16064 0.05176 0.06348
0 0.24121 0.69287 0.07617 0.05957
0 0.18896 0.19727 0.07715 0.05469
0 0.22949 0.50684 0.11523 0.04883
0 0.06152 0.69629 0.07422 0.04102
0 0.76123 0.20898 0.08105 0.08789
0 0.49023 0.03516 0.07422 0.0625
0 0.73291 0.62354 0.1123 0.09277
0 0.18701 0.7373 0.08105 0.05469
0 0.02344 0.31396 0.03125 0.09473
0 0.25391 0.57617 0.05469 0.06445
0 0.27734 0.97266 0.0918 0.04492
0 0.77588 0.02246 0.03613 0.04492
0 0.92041 0.56494 0.04395 0.06934
0 0.97363 0.68066 0.05273 0.0625
0 0.50098 0.854 0.06445 0.04785
0 0.29346 0.29883 0.03809 0.05469
0 0.32422 0.11475 0.06445 0.0752
0 0.70557 0.93994 0.07129 0.04004
0 0.53369 0.61865 0.06543 0.05762
0 0.7168 0.67627 0.04883 0.03809
0 0.03174 0.91699 0.06152 0.05273
0 0.46826 0.95605 0.08105 0.0625
0 0.52002 0.13184 0.05176 0.05469
0 0.27441 0.02832 0.02539 0.05664
0 0.59814 0.90625 0.04785 0.04297
0 0.94824 0.7168 0.04883 0.03125
0 0.03125 0.87549 0.0625 0.05566
0 0.85693 0.01465 0.04199 0.0293
0 0.94043 0.23291 0.05078 0.03809
0 0.10889 0.3418 0.06738 0.0332
0 0.93799 0.02637 0.05566 0.05078
0 0.80469 0.65576 0.08008 0.05371
0 0.48486 0.93848 0.2041 0.11133
0 0.95068 0.02881 0.06738 0.05371
0 0.59863 0.66699 0.05078 0.04492
0 0.27344 0.16211 0.05469 0.04492
0 0.39795 0.07764 0.12012 0.02051
0 0.104 0.61475 0.05176 0.04395
0 0.94531 0.48877 0.08203 0.08105
0 0.01904 0.74951 0.03809 0.03418
0 0.76758 0.18359 0.06445 0.09375
0 0.87158 0.01221 0.03418 0.02441
0 0.20068 0.02393 0.10059 0.04785
0 0.17236 0.6416 0.0498 0.07227
0 0.98926 0.4165 0.02148 0.06152
0 0.38623 0.0376 0.05762 0.04785
0 0.28125 0.07422 0.05469 0.04883
