0 0.22607 0.02783 0.13379 0.05566
0 0.21484 0.84473 0.10547 0.06641
0 0.48193 0.64062 0.09473 0.04492
0 0.84326 0.80908 0.05371 0.09863
0 0.05811 0.85547 0.11426 0.08203
0 0.22949 0.53418 0.0918 0.07227
0 0.70801 0.94971 0.0625 0.08105
0 0.70312 0.22217 0.09961 0.11426
0 0.72168 0.86133 0.10547 0.04883
0 0.729 0.19141 0.07715 0.07422
0 0.67578 0.53809 0.08398 0.05273
0 0.86914 0.29541 0.0625 0.07129
0 0.92969 0.31152 0.0625 0.05273
0 0.36475 0.67383 0.10645 0.08008
0 0.77686 0.72656 0.10449 0.05078
0 0.55518 0.27002 0.04395 0.08496
0 0.1499 0.21436 0.12793 0.05371
0 0.17822 0.16797 0.10645 0.10547
0 0.60059 0.67773 0.09375 0.04102
0 0.07129 0.33447 0.11328 0.06543
0 0.48779 0.94189 0.09473 0.08301
0 0.66113 0.65088 0.08789 0.04199
0 0.77881 0.69092 0.09668 0.06543
0 0.33203 0.31494 0.13477 0.04395
0 0.34668 0.89697 0.07031 0.04785
0 0.10498 0.78857 0.1123 0.0459
0 0.91309 0.69043 0.07227 0.0293
0 0.84619 0.01562 0.07715 0.0293
0 0.83838 0.33008 0.05371 0.03516
0 0.06104 0.98584 0.06152 0.02832
0 0.66064 0.72168 0.04004 0.05469
0 0.79395 0.57959 0.05859 0.03223
0 0.07471 0.05615 0.12598 0.10254
0 0.22949 0.63916 0.09961 0.06738
0 0.70898 0.01318 0.04492 0.02637
0 0.95508 0.2207 0.05273 0.05078
0 0.36475 0.82959 0.09082 0.03223
0 0.62891 0.01953 0.04492 0.03711
0 0.03125 0.23584 0.0625 0.03613
0 0.89453 0.82812 0.08789 0.05273
0 0.94238 0.98633 0.08398 0.01953
0 0.15283 0.71533 0.06738 0.03027
0 0.10156 0.66504 0.07812 0.03516
0 0.39648 0.03223 0.05469 0.03125
0 0.02686 0.68213 0.05371 0.03418
0 0.73486 0.92676 0.06738 0.02734
0 0.85938 0.64844 0.08203 0.02148
0 0.68701 0.57715 0.09082 0.02539
0 0.05078 0.01953 0.09766 0.03711
0 0.81348 0.62207 0.07031 0.02734
0 0.85156 0.23682 0.07227 0.03809
0 0.83105 0.93018 0.06836 0.04004
0 0.21875 0.6499 0.10938 0.06348
0 0.92188 0.91895 0.08398 0.03125
0 0.69629 0.97314 0.05469 0.03613
0 0.26074 0.98096 0.09961 0.03809
0 0.59668 0.91406 0.08984 0.0332
0 0.64209 0.27441 0.05176 0.03906
0 0.56836 0.90527 0.16797 0.07617
0 0.30493 0.34517 0.05225 0.02881
0 0.75537 0.01074 0.05371 0.01953
0 0.5874 0.88623 0.1084 0.06152
0 0.37891 0.00977 0.11719 0.01953
