0 0.94922 0.04492 0.07812 0.08984
0 0.14941 0.18115 0.07617 0.07129
0 0.24023 0.1665 0.07227 0.06348
0 0.35645 0.25488 0.05273 0.08789
0 0.40723 0.2666 0.06641 0.06445
0 0.44727 0.14697 0.05664 0.06348
0 0.52148 0.17236 0.06445 0.06348
0 0.63184 0.16113 0.06641 0.0957
0 0.69385 0.22656 0.08105 0.06641
0 0.64307 0.34717 0.11426 0.06934
0 0.73975 0.29639 0.06738 0.05957
0 0.79736 0.29199 0.07129 0.08594
0 0.85059 0.29102 0.04883 0.0625
0 0.87158 0.18799 0.05566 0.05762
0 0.81348 0.19092 0.06836 0.06348
0 0.80908 0.14453 0.10645 0.05859
0 0.93604 0.2334 0.0752 0.07227
0 0.93359 0.33301 0.05664 0.06836
0 0.96875 0.27197 0.0625 0.05176
0 0.03271 0.65381 0.0498 0.05566
0 0.08154 0.61816 0.05762 0.04492
0 0.17822 0.55615 0.07715 0.08105
0 0.23486 0.53857 0.05762 0.05566
0 0.27197 0.58984 0.05762 0.05664
0 0.05078 0.79736 0.07422 0.0752
0 0.13037 0.77588 0.04785 0.08691
0 0.16992 0.75635 0.05469 0.06348
0 0.20117 0.71387 0.0625 0.06641
0 0.27539 0.7041 0.06445 0.07031
0 0.33643 0.68115 0.08105 0.05957
0 0.41406 0.63867 0.07031 0.06641
0 0.52393 0.7002 0.06738 0.0625
0 0.45117 0.72998 0.11133 0.06934
0 0.5083 0.76514 0.06934 0.05371
0 0.53857 0.82031 0.05371 0.08984
0 0.35254 0.84717 0.06641 0.06348
0 0.66357 0.75488 0.07129 0.10547
0 0.7041 0.72754 0.06641 0.06445
0 0.73535 0.67139 0.05078 0.05957
0 0.81787 0.75537 0.07324 0.05566
0 0.87354 0.74951 0.05566 0.05176
0 0.57324 0.71338 0.05273 0.05176
