0 0.04248 0.44189 0.04004 0.06738
0 0.04883 0.83643 0.09766 0.08105
0 0.38428 0.66553 0.09277 0.10449
0 0.22217 0.88916 0.08301 0.06152
0 0.21777 0.00098 0.09375 0.00195
0 0.12158 0.90381 0.11426 0.08105
0 0.21924 0.14453 0.09668 0.10547
0 0.79639 0.79102 0.12402 0.10547
0 0.15332 0.18018 0.08398 0.15527
0 0.40381 0.44092 0.11816 0.18457
0 0.10742 0.72559 0.15625 0.15625
0 0.38477 0.53857 0.10742 0.1416
0 0.40088 0.22363 0.08496 0.13867
0 0.85107 0.05078 0.10449 0.10156
0 0.22119 0.64941 0.06543 0.09961
0 0.49609 0.29834 0.14844 0.09082
0 0.40869 0.95361 0.10059 0.09277
0 0.04541 0.26074 0.09082 0.20117
0 0.57178 0.14502 0.15918 0.20996
0 0.62598 0.21582 0.17188 0.09766
0 0.09668 0.85889 0.07227 0.07324
0 0.32324 0.90527 0.08203 0.18945
0 0.04834 0.95947 0.09668 0.07715
0 0.66602 0.05615 0.10156 0.1123
0 0.95752 0.3877 0.08105 0.14062
0 0.78223 0.39844 0.10352 0.17969
0 0.79639 0.1875 0.1123 0.07422
0 0.96875 0.00098 0.0625 0.00195
0 0.86572 0.84766 0.0498 0.08203
0 0.87939 0.89795 0.05957 0.05176
0 0.83594 0.92627 0.07031 0.0459
0 0.27686 0.64502 0.05957 0.07715
0 0.06152 0.53516 0.08008 0.05664
0 0.32715 0.51758 0.08203 0.05469
0 0.40479 0.50439 0.0752 0.06738
0 0.01416 0.44482 0.02832 0.06543
0 0.95752 0.30078 0.0791 0.05273
0 0.75977 0.11084 0.09961 0.09277
0 0.5752 0.06152 0.13672 0.10156
0 0.59961 0.03174 0.06055 0.06348
0 0.12207 0.07422 0.10547 0.14844
