0 0.02295 0.73633 0.0459 0.18555
0 0.01025 0.3208 0.02051 0.0791
0 0.03906 0.47607 0.07617 0.11035
0 0.10645 0.60254 0.06641 0.0918
0 0.00928 0.09473 0.01855 0.07422
0 0.09619 0.13477 0.06543 0.10156
0 0.02393 0.00781 0.04785 0.01562
0 0.55957 0.05225 0.08789 0.08301
0 0.28662 0.1377 0.22949 0.14062
0 0.18848 0.1792 0.11328 0.09277
0 0.23828 0.30713 0.09961 0.09863
0 0.45801 0.2793 0.09766 0.10938
0 0.80469 0.34961 0.13281 0.11328
0 0.87109 0.25195 0.18164 0.14453
0 0.83008 0.04883 0.11914 0.09766
0 0.59521 0.41504 0.12012 0.0918
0 0.50488 0.51953 0.09766 0.12305
0 0.25781 0.63037 0.07227 0.06543
0 0.604 0.51221 0.1084 0.08301
0 0.75146 0.4917 0.11426 0.07715
0 0.78027 0.59814 0.13281 0.1084
0 0.66748 0.59131 0.0752 0.0752
0 0.875 0.71094 0.10938 0.08008
0 0.85693 0.82959 0.08301 0.06738
0 0.2959 0.80615 0.22656 0.12793
0 0.21436 0.88428 0.1377 0.07715
0 0.47021 0.92285 0.09473 0.15039
0 0.02637 0.94434 0.05273 0.11133
0 0.12207 0.97803 0.05664 0.04395
0 0.25 0.97949 0.06445 0.04102
0 0.72803 0.92676 0.1377 0.07422
0 0.95605 0.89404 0.08008 0.10059
0 0.93213 0.41455 0.12598 0.06348
0 0.97217 0.48486 0.05566 0.05176
0 0.94678 0.17432 0.10645 0.06934
0 0.17188 0.51123 0.16992 0.08691
