0 0.83057 0.85352 0.07715 0.07812
0 0.59131 0.89893 0.05957 0.06348
0 0.71191 0.79785 0.06641 0.06836
0 0.7002 0.59033 0.07617 0.08691
0 0.97754 0.12891 0.04492 0.11523
0 0.95117 0.17578 0.05469 0.0625
0 0.71533 0.34424 0.1084 0.06543
0 0.68018 0.29199 0.08301 0.05859
0 0.75684 0.0708 0.06641 0.08301
0 0.78418 0.14844 0.10938 0.07812
0 0.74463 0.20117 0.08105 0.06641
0 0.67236 0.20996 0.08105 0.08008
0 0.52979 0.14502 0.05762 0.06738
0 0.42285 0.16992 0.05664 0.08398
0 0.39941 0.22266 0.10352 0.08008
0 0.28418 0.19189 0.10156 0.08496
0 0.13965 0.22852 0.10547 0.13086
0 0.23828 0.45947 0.05078 0.05957
0 0.07422 0.30518 0.0625 0.07715
0 0.02441 0.2998 0.04883 0.13281
0 0.0835 0.11426 0.08301 0.08594
0 0.0835 0.04639 0.08301 0.06934
0 0.16113 0.03662 0.05859 0.07129
0 0.02295 0.68945 0.0459 0.05664
0 0.08252 0.73535 0.16504 0.08008
0 0.07031 0.82568 0.10742 0.0752
0 0.16064 0.84229 0.07129 0.11426
0 0.34766 0.86035 0.09766 0.07031
0 0.41699 0.81738 0.09375 0.08008
0 0.25586 0.01367 0.06445 0.02734
0 0.9668 0.01562 0.04883 0.0293
0 0.84229 0.02441 0.06543 0.04883
0 0.71826 0.74316 0.0498 0.05664
0 0.00781 0.82178 0.01562 0.06543
0 0.12354 0.79395 0.05176 0.03906
0 0.98877 0.85254 0.02246 0.07031
