0 0.22559 0.09521 0.09766 0.09082
0 0.22461 0.31445 0.0918 0.04688
0 0.05859 0.91211 0.11719 0.08203
0 0.52881 0.9624 0.1084 0.05762
0 0.36768 0.23242 0.09082 0.08984
0 0.729 0.10107 0.09082 0.07715
0 0.81201 0.39307 0.1416 0.06348
0 0.42676 0.28516 0.11719 0.11719
0 0.29492 0.16064 0.0957 0.14941
0 0.85449 0.60205 0.09766 0.1084
0 0.02979 0.76514 0.05957 0.06738
0 0.7832 0.9209 0.14648 0.1582
0 0.05469 0.62061 0.10938 0.10645
0 0.91113 0.95264 0.11719 0.09473
0 0.16602 0.93457 0.08984 0.08984
0 0.26514 0.02588 0.07715 0.05176
0 0.27588 0.97461 0.07715 0.04883
0 0.31738 0.80078 0.07031 0.06836
0 0.2417 0.77686 0.07129 0.06152
0 0.13721 0.80469 0.06348 0.06055
0 0.13232 0.85107 0.10254 0.05566
0 0.20068 0.82617 0.05371 0.06836
0 0.24805 0.82715 0.07227 0.0625
0 0.91162 0.79541 0.07129 0.08496
0 0.94727 0.80713 0.04297 0.06543
0 0.92285 0.71191 0.08789 0.07617
0 0.97119 0.6626 0.05762 0.10254
0 0.88184 0.33887 0.08984 0.08594
0 0.93896 0.46436 0.07715 0.13184
0 0.89258 0.40381 0.08203 0.09082
0 0.50488 0.12549 0.0918 0.0498
0 0.89062 0.45996 0.05469 0.05469
