0 0.34473 0.12061 0.10156 0.09473
0 0.25342 0.30957 0.09668 0.06055
0 0.1582 0.75635 0.08594 0.05176
0 0.79199 0.30469 0.0625 0.0957
0 0.52197 0.40234 0.16699 0.08398
0 0.46777 0.03906 0.10742 0.07617
0 0.32715 0.81396 0.13477 0.06738
0 0.06982 0.47949 0.13965 0.10938
0 0.72852 0.86768 0.09766 0.06152
0 0.40479 0.43848 0.15137 0.05469
0 0.3125 0.48096 0.12305 0.07715
0 0.66162 0.81299 0.11621 0.06738
0 0.12842 0.05469 0.09277 0.08398
0 0.25684 0.8667 0.125 0.05762
0 0.94385 0.31885 0.1123 0.08691
0 0.39404 0.77979 0.11621 0.05762
0 0.6958 0.6499 0.08301 0.10254
0 0.14746 0.3501 0.10742 0.13574
0 0.99219 0.12158 0.01562 0.03809
0 0.19873 0.71875 0.16113 0.10547
0 0.70703 0.76709 0.12695 0.11035
0 0.04541 0.63525 0.09082 0.06152
0 0.03223 0.13037 0.06445 0.08105
0 0.65234 0.87744 0.10938 0.0498
0 0.70703 0.02686 0.04688 0.05176
0 0.62305 0.05566 0.0625 0.05664
0 0.81689 0.7793 0.12207 0.06445
0 0.0542 0.71289 0.1084 0.05859
0 0.51367 0.104 0.07617 0.0459
0 0.02588 0.37793 0.05176 0.05859
0 0.63086 0.50977 0.17383 0.04883
0 0.06299 0.83887 0.12598 0.08008
0 0.08105 0.54785 0.16211 0.04492
0 0.5791 0.81006 0.08398 0.04004
0 0.86084 0.36523 0.12598 0.05859
0 0.85205 0.82422 0.05176 0.05469
0 0.11963 0.771 0.08496 0.03809
0 0.06152 0.80225 0.0918 0.04004
0 0.72949 0.18115 0.07422 0.03223
0 0.14404 0.79932 0.08105 0.02637
0 0.21338 0.98975 0.08691 0.02051
0 0.49268 0.55811 0.1123 0.05176
0 0.81055 0.74316 0.07031 0.0293
0 0.25132 0.56992 0.11455 0.05664
0 0.65234 0.37988 0.06836 0.05859
0 0.71484 0.42676 0.09961 0.05859
0 0.8335 0.88135 0.12012 0.0459
0 0.85254 0.56201 0.09375 0.05957
0 0.87793 0.47656 0.0957 0.04883
0 0.97705 0.27344 0.0459 0.09961
0 0.29346 0.43164 0.13574 0.05078
0 0.54346 0.8252 0.06152 0.03711
0 0.65869 0.57275 0.05176 0.06152
0 0.72266 0.42139 0.07617 0.04395
0 0.53418 0.8501 0.08984 0.0166
0 0.71533 0.02441 0.04004 0.04883
0 0.39404 0.73389 0.06934 0.04004
0 0.93457 0.15723 0.05078 0.05078
0 0.79736 0.58252 0.03027 0.04785
0 0.61621 0.16943 0.07617 0.05957
0 0.77295 0.39746 0.09668 0.08398
0 0.85254 0.94775 0.04297 0.02832
0 0.68164 0.19873 0.08984 0.06348
0 0.06055 0.13281 0.07031 0.05859
0 0.23193 0.43457 0.11621 0.07422
