0 0.37939 0.6709 0.11035 0.04883
0 0.29346 0.75391 0.03027 0.0332
0 0.15479 0.479 0.06348 0.05176
0 0.3877 0.32666 0.06641 0.1416
0 0.93799 0.67773 0.09473 0.07422
0 0.22266 0.13574 0.08984 0.08203
0 0.23633 0.67773 0.06641 0.08203
0 0.14648 0.5957 0.08008 0.06836
0 0.09033 0.17139 0.12207 0.10645
0 0.27002 0.40137 0.06152 0.07812
0 0.9292 0.14941 0.0791 0.0957
0 0.11426 0.05615 0.13672 0.1123
0 0.73633 0.14697 0.09766 0.12012
0 0.7041 0.74316 0.0918 0.0918
0 0.96191 0.90039 0.07617 0.11719
0 0.82324 0.7207 0.10742 0.08789
0 0.63623 0.08594 0.05566 0.08203
0 0.60254 0.17188 0.11328 0.10742
0 0.14648 0.83789 0.05664 0.04688
0 0.69824 0.40332 0.15234 0.08398
0 0.12549 0.37207 0.09473 0.07422
0 0.28955 0.03516 0.10059 0.07031
0 0.12891 0.75 0.05273 0.05273
0 0.12305 0.2832 0.10742 0.0625
0 0.64209 0.55322 0.13379 0.10645
0 0.93945 0.03857 0.07031 0.0752
0 0.48047 0.18359 0.11328 0.06641
0 0.6123 0.29346 0.09375 0.08691
0 0.20801 0.20361 0.08789 0.04199
0 0.25537 0.59619 0.05762 0.08887
0 0.32617 0.54248 0.06641 0.05566
0 0.09717 0.7334 0.05957 0.05664
0 0.74902 0.82812 0.08789 0.12695
0 0.82031 0.48291 0.07812 0.10254
0 0.88574 0.5332 0.13086 0.17578
0 0.88135 0.54102 0.09668 0.08789
0 0.09082 0.84961 0.10547 0.05273
0 0.25 0.79297 0.07812 0.04102
0 0.34619 0.73535 0.05762 0.05273
0 0.2041 0.58105 0.02734 0.0293
0 0.34668 0.14355 0.04297 0.04492
