0 0.83057 0.92188 0.05762 0.10156
0 0.53223 0.69531 0.08984 0.06445
0 0.72119 0.69971 0.09082 0.06152
0 0.93555 0.2334 0.05273 0.08398
0 0.97021 0.47217 0.05957 0.08887
0 0.96729 0.03809 0.06152 0.07422
0 0.99365 0.23145 0.0127 0.08008
0 0.34326 0.18457 0.04785 0.08008
0 0.79346 0.33008 0.05762 0.08008
0 0.08252 0.09619 0.07715 0.05762
0 0.12939 0.51904 0.10254 0.06543
0 0.14697 0.79346 0.12598 0.05762
0 0.52441 0.45508 0.10547 0.08008
0 0.3418 0.479 0.12891 0.08887
0 0.87598 0.86328 0.07031 0.06445
0 0.35986 0.13818 0.03613 0.10059
0 0.65039 0.8999 0.05469 0.08691
0 0.8418 0.11523 0.08984 0.08984
0 0.39111 0.38428 0.06934 0.06543
0 0.05908 0.72266 0.1084 0.05469
0 0.28223 0.35352 0.08008 0.06445
0 0.45557 0.78076 0.08496 0.06738
0 0.8208 0.50879 0.06348 0.06055
0 0.23877 0.09912 0.07324 0.07324
0 0.76953 0.22998 0.07617 0.10645
0 0.27295 0.94238 0.09668 0.06445
0 0.11426 0.31885 0.07422 0.07129
0 0.06738 0.32324 0.0957 0.07227
0 0.11523 0.47949 0.125 0.08008
0 0.63672 0.18066 0.11133 0.11133
0 0.52295 0.56641 0.05762 0.07422
0 0.36035 0.89502 0.07812 0.03809
0 0.94092 0.32422 0.06934 0.08398
0 0.77344 0.03711 0.05664 0.07227
0 0.50195 0.23047 0.08008 0.05078
0 0.25195 0.1582 0.14453 0.11133
0 0.27686 0.87402 0.0752 0.08594
0 0.95996 0.6543 0.08008 0.06641
0 0.08105 0.23096 0.14453 0.11035
0 0.5127 0.20557 0.09375 0.0791
0 0.03369 0.37744 0.06738 0.06348
0 0.81689 0.6167 0.06348 0.03223
0 0.32373 0.78125 0.10645 0.04102
0 0.40771 0.06738 0.0752 0.08594
0 0.50977 0.76953 0.12109 0.06836
0 0.29346 0.80273 0.04199 0.08984
0 0.51416 0.08594 0.08887 0.05859
0 0.64404 0.03076 0.05371 0.06152
0 0.95361 0.76025 0.09277 0.0459
0 0.2793 0.02832 0.07227 0.05469
0 0.28418 0.521 0.06055 0.05371
0 0.11133 0.97559 0.04492 0.04297
0 0.79102 0.39648 0.07422 0.06641
0 0.46875 0.03418 0.11719 0.05664
0 0.35059 0.61475 0.06836 0.03809
0 0.33301 0.25439 0.11523 0.02637
0 0.50879 0.11084 0.08594 0.05957
0 0.66846 0.10742 0.05176 0.06055
0 0.17578 0.84521 0.08984 0.06934
0 0.0957 0.87109 0.0918 0.04297
0 0.84521 0.92383 0.04395 0.08398
0 0.71826 0.90967 0.06152 0.03613
0 0.62988 0.78369 0.07422 0.06348
0 0.2085 0.4541 0.06152 0.12109
0 0.24072 0.32812 0.04199 0.0918
0 0.63525 0.90039 0.04785 0.07812
0 0.87793 0.60449 0.08398 0.04688
0 0.94971 0.67627 0.06934 0.04785
0 0.61816 0.83398 0.08789 0.05078
0 0.84277 0.87646 0.0625 0.04785
0 0.21973 0.40723 0.12305 0.14648
0 0.03418 0.80273 0.06055 0.03906
0 0.6875 0.62891 0.07812 0.03516
0 0.08691 0.271 0.08203 0.05176
0 0.35596 0.98291 0.04395 0.02832
0 0.80615 0.00977 0.05957 0.01953
0 0.02539 0.17285 0.04883 0.02148
0 0.09082 0.32324 0.08984 0.07617
0 0.01709 0.82861 0.03418 0.03418
0 0.82324 0.80566 0.08789 0.05273
0 0.02393 0.12451 0.04785 0.04395
0 0.07324 0.01709 0.05078 0.03418
0 0.92725 0.9834 0.06543 0.0332
