0 0.04346 0.9165 0.08496 0.06738
0 0.03613 0.74512 0.07227 0.09375
0 0.09863 0.75732 0.06445 0.07715
0 0.08398 0.84277 0.06445 0.06836
0 0.22119 0.88135 0.08691 0.07129
0 0.34131 0.91602 0.09863 0.10938
0 0.36279 0.84473 0.08301 0.08984
0 0.01855 0.41895 0.03516 0.08789
0 0.06934 0.41553 0.06836 0.06543
0 0.05811 0.46631 0.06152 0.05762
0 0.07275 0.34375 0.08105 0.0957
0 0.11084 0.33008 0.0791 0.08008
0 0.18213 0.3042 0.0791 0.11816
0 0.12158 0.46777 0.07324 0.0918
0 0.10107 0.56494 0.0791 0.08105
0 0.17871 0.50293 0.08203 0.07422
0 0.25781 0.60693 0.08398 0.06738
0 0.2998 0.58545 0.05469 0.06738
0 0.23975 0.53174 0.06934 0.07129
0 0.29199 0.66162 0.09375 0.0498
0 0.25049 0.4165 0.06543 0.07715
0 0.30371 0.4165 0.06445 0.07715
0 0.34473 0.47314 0.07812 0.07715
0 0.37988 0.54102 0.0625 0.05859
0 0.37354 0.32471 0.0752 0.08496
0 0.41553 0.27148 0.08496 0.09375
0 0.46045 0.354 0.06543 0.07324
0 0.5459 0.43457 0.05273 0.06641
0 0.47021 0.46436 0.06934 0.06152
0 0.47559 0.53662 0.06836 0.08105
0 0.50732 0.61572 0.06543 0.07129
0 0.55078 0.53906 0.07422 0.08008
0 0.53516 0.48877 0.06836 0.06543
0 0.6001 0.26221 0.06543 0.08496
0 0.67773 0.19482 0.07617 0.12988
0 0.65967 0.54688 0.0752 0.07812
0 0.70752 0.49268 0.0752 0.07129
0 0.79199 0.53906 0.10156 0.08594
0 0.78467 0.4917 0.06934 0.06152
0 0.61328 0.63135 0.08008 0.06543
0 0.64453 0.67236 0.04688 0.0498
0 0.44434 0.70898 0.04883 0.05078
0 0.50684 0.78809 0.08984 0.10352
0 0.45215 0.77441 0.04883 0.0918
0 0.66943 0.89746 0.08301 0.05664
0 0.64258 0.95117 0.05664 0.06641
0 0.7041 0.96582 0.06641 0.06055
0 0.81543 0.96387 0.06445 0.07227
0 0.95801 0.88281 0.08008 0.07617
0 0.96533 0.68408 0.06934 0.08301
0 0.8999 0.52734 0.08105 0.0625
0 0.87109 0.42969 0.0957 0.08984
0 0.9248 0.45068 0.13086 0.10254
0 0.12695 0.26221 0.07617 0.06543
0 0.7373 0.52832 0.05078 0.05859
0 0.01416 0.8374 0.02832 0.0752
0 0.17236 0.97461 0.07129 0.04883
0 0.31396 0.9873 0.05176 0.02539
0 0.11621 0.79248 0.08398 0.07324
0 0.99268 0.91992 0.01465 0.04883
0 0.99219 0.19824 0.01562 0.04492
