0 0.10693 0.62549 0.05176 0.06934
0 0.15381 0.5957 0.05566 0.05469
0 0.19482 0.56689 0.09473 0.06738
0 0.24219 0.5249 0.05078 0.05957
0 0.30908 0.48291 0.0498 0.04785
0 0.1665 0.63623 0.05371 0.0459
0 0.25928 0.64648 0.06934 0.06641
0 0.24951 0.75146 0.05957 0.05566
0 0.38379 0.58447 0.07617 0.06934
0 0.4375 0.62939 0.04883 0.0791
0 0.3833 0.64844 0.05762 0.06641
0 0.35645 0.6875 0.07031 0.06055
0 0.21094 0.86719 0.07422 0.09375
0 0.02588 0.8877 0.05176 0.10742
0 0.07422 0.9541 0.06055 0.0625
0 0.25244 0.97607 0.06738 0.04785
0 0.92529 0.12549 0.09473 0.08105
0 0.74756 0.25439 0.0752 0.05371
0 0.7334 0.15576 0.09766 0.07324
0 0.60693 0.4668 0.05957 0.05664
0 0.84668 0.55127 0.07031 0.06543
0 0.8418 0.604 0.05469 0.04785
0 0.84277 0.43799 0.06836 0.0752
0 0.72949 0.68506 0.07617 0.05957
0 0.74854 0.75684 0.05957 0.06641
0 0.61182 0.6626 0.0752 0.06348
0 0.67822 0.6123 0.06543 0.05469
0 0.68359 0.55078 0.05664 0.07422
0 0.63379 0.56641 0.05664 0.0625
0 0.65479 0.96631 0.0791 0.06738
0 0.82861 0.91016 0.09082 0.13281
0 0.36182 0.20947 0.07715 0.08691
0 0.20117 0.22559 0.06836 0.10156
0 0.25146 0.25049 0.06348 0.06543
0 0.30908 0.15869 0.08496 0.06934
0 0.23047 0.02197 0.12695 0.04395
0 0.54199 0.04102 0.0625 0.08203
0 0.04297 0.06543 0.08594 0.08789
0 0.8916 0.59912 0.05273 0.05762
0 0.54004 0.77295 0.0625 0.07324
0 0.63428 0.02246 0.08301 0.04492
0 0.66943 0.46436 0.05957 0.06348
0 0.4834 0.59131 0.05078 0.06934
0 0.37354 0.01123 0.0459 0.02246
0 0.31641 0.10986 0.04102 0.03418
0 0.271 0.10693 0.04785 0.04199
0 0.11475 0.07373 0.0498 0.0752
0 0.35547 0.73779 0.05273 0.05371
0 0.16797 0.97656 0.04492 0.03711
0 0.13965 0.9873 0.07617 0.02539
0 0.01025 0.47754 0.02051 0.06055
