0 0.88965 0.07422 0.07617 0.10352
0 0.8291 0.125 0.07227 0.07422
0 0.64941 0.05225 0.12109 0.10449
0 0.31836 0.53613 0.07227 0.08203
0 0.73047 0.90527 0.05859 0.08398
0 0.24463 0.96533 0.08691 0.06934
0 0.7915 0.27051 0.05957 0.08398
0 0.25146 0.74902 0.07715 0.09375
0 0.41211 0.17383 0.07031 0.11719
0 0.3208 0.0874 0.08887 0.09082
0 0.90967 0.41113 0.08105 0.11328
0 0.68506 0.49365 0.08105 0.06543
0 0.84033 0.45703 0.08105 0.08008
0 0.45508 0.54932 0.11914 0.05371
0 0.47998 0.17822 0.07324 0.06934
0 0.35693 0.78809 0.0752 0.09961
0 0.18848 0.87793 0.09766 0.05469
0 0.09131 0.12744 0.0752 0.0752
0 0.62109 0.39502 0.07227 0.08691
0 0.59033 0.56445 0.0752 0.07617
0 0.05029 0.05615 0.06152 0.10254
0 0.66357 0.1123 0.08496 0.07617
0 0.24463 0.5415 0.1416 0.06543
0 0.53369 0.12646 0.08887 0.08496
0 0.55176 0.10791 0.07812 0.06934
0 0.73682 0.56885 0.06738 0.05957
0 0.38477 0.42822 0.10156 0.0459
0 0.66455 0.36719 0.06543 0.07227
0 0.22705 0.17871 0.0791 0.0625
0 0.44092 0.74512 0.12012 0.05469
0 0.36865 0.86963 0.14355 0.0791
0 0.53271 0.36914 0.09668 0.07617
0 0.56445 0.46875 0.10547 0.08203
0 0.72998 0.82373 0.09082 0.07715
0 0.03125 0.25586 0.0625 0.09766
0 0.68555 0.57275 0.0625 0.05566
0 0.49707 0.01514 0.06641 0.03027
0 0.35889 0.92773 0.0752 0.05078
0 0.48535 0.12158 0.07031 0.07129
0 0.49756 0.45703 0.09668 0.06445
0 0.7793 0.80811 0.06445 0.05762
0 0.34082 0.26953 0.08984 0.05273
0 0.79492 0.66943 0.04883 0.06543
0 0.62988 0.56592 0.07227 0.06543
0 0.771 0.47559 0.08691 0.07227
0 0.70703 0.20605 0.0957 0.06641
0 0.54736 0.42627 0.09082 0.06934
0 0.11035 0.19336 0.12109 0.0625
0 0.64209 0.91748 0.06738 0.04199
0 0.96826 0.36279 0.06348 0.09668
0 0.72119 0.01758 0.05176 0.03516
0 0.85303 0.50488 0.06348 0.04297
0 0.98633 0.61816 0.02734 0.02734
0 0.96582 0.04297 0.06836 0.04883
0 0.41699 0.63379 0.07227 0.04688
0 0.04395 0.18066 0.08398 0.12305
0 0.96533 0.45068 0.06934 0.08105
0 0.50781 0.92139 0.09766 0.07129
0 0.70947 0.47168 0.06348 0.05664
0 0.74707 0.41992 0.09961 0.11328
0 0.42627 0.85596 0.06738 0.08887
0 0.23779 0.875 0.07324 0.04883
0 0.49414 0.63672 0.10938 0.0332
0 0.52832 0.52295 0.06836 0.06738
0 0.40381 0.99023 0.06543 0.01953
0 0.57227 0.93311 0.05664 0.05371
0 0.87793 0.39502 0.05469 0.08105
0 0.4458 0.78906 0.08691 0.09375
0 0.97607 0.80615 0.04785 0.04395
0 0.04541 0.14062 0.09082 0.10547
0 0.22705 0.15771 0.06934 0.04395
0 0.1167 0.98438 0.06152 0.03125
0 0.97363 0.55566 0.05273 0.04492
0 0.41357 0.81543 0.09277 0.06641
0 0.01709 0.5415 0.03418 0.0498
0 0.12939 0.87354 0.08301 0.06152
0 0.01904 0.89355 0.03809 0.04883
0 0.06836 0.28125 0.06836 0.07812
0 0.77246 0.50098 0.0918 0.10156
0 0.41943 0.41846 0.05566 0.04785
0 0.61475 0.86621 0.07715 0.03711
0 0.24023 0.14111 0.05664 0.05371
0 0.31787 0.93311 0.05566 0.03613
0 0.63281 0.83154 0.08789 0.03223
0 0.9624 0.54297 0.0752 0.07031
0 0.81689 0.2124 0.08887 0.03809
0 0.9458 0.52051 0.05762 0.04688
0 0.9873 0.91309 0.02539 0.02148
0 0.7041 0.43018 0.06055 0.05566
