0 0.03125 0.13867 0.0625 0.04297
0 0.30957 0.0874 0.10547 0.11816
0 0.39209 0.1123 0.07715 0.09961
0 0.54932 0.02734 0.08301 0.05469
0 0.26611 0.22168 0.05371 0.10352
0 0.31689 0.28076 0.07129 0.13574
0 0.37695 0.21777 0.04102 0.07617
0 0.40771 0.28418 0.09277 0.11133
0 0.36084 0.3916 0.08496 0.13672
0 0.31348 0.49023 0.08594 0.15039
0 0.45068 0.5249 0.05176 0.09668
0 0.42334 0.61768 0.05762 0.10645
0 0.43018 0.70703 0.0498 0.12695
0 0.50586 0.68262 0.07812 0.08789
0 0.49268 0.79053 0.07129 0.05957
0 0.57422 0.76855 0.09375 0.06055
0 0.30518 0.79102 0.06934 0.10547
0 0.10596 0.86328 0.11035 0.06445
0 0.52588 0.98682 0.0752 0.02637
0 0.06201 0.58203 0.02441 0.06641
0 0.09766 0.43359 0.07812 0.12305
0 0.15381 0.43457 0.1084 0.11523
0 0.34131 0.51465 0.06348 0.14258
0 0.25879 0.59326 0.04297 0.05371
0 0.54785 0.86279 0.0625 0.04785
0 0.5874 0.24805 0.05371 0.11914
0 0.53223 0.2915 0.03906 0.07129
0 0.41309 0.36523 0.04492 0.06445
0 0.49463 0.41943 0.02832 0.05176
0 0.61914 0.33496 0.08984 0.08594
0 0.71484 0.33496 0.11719 0.0918
0 0.92871 0.32812 0.0625 0.10547
0 0.88721 0.23291 0.10059 0.1416
0 0.77051 0.14844 0.08398 0.16797
0 0.74316 0.12109 0.08789 0.20312
0 0.72852 0.10107 0.04492 0.06934
0 0.67383 0.10693 0.05273 0.04785
0 0.81006 0.06445 0.0459 0.07422
0 0.89014 0.06787 0.09473 0.13574
0 0.96777 0.1792 0.06445 0.14355
0 0.89844 0.43066 0.06055 0.05273
0 0.9585 0.47949 0.08301 0.12891
0 0.94092 0.57324 0.05762 0.08203
0 0.979 0.57129 0.04199 0.07617
0 0.79883 0.60742 0.08398 0.0957
0 0.95605 0.69678 0.08789 0.0752
0 0.83594 0.7627 0.07031 0.08008
0 0.92871 0.81494 0.08203 0.06738
0 0.96387 0.87402 0.07227 0.06641
0 0.82129 0.89111 0.08789 0.07324
0 0.6416 0.98926 0.12891 0.02148
0 0.01904 0.94824 0.03809 0.10352
0 0.01074 0.62744 0.02148 0.09863
0 0.01562 0.50781 0.03125 0.07227
0 0.72998 0.70068 0.08105 0.08105
0 0.71777 0.63525 0.08398 0.10645
0 0.64941 0.78906 0.08008 0.08203
0 0.70312 0.46875 0.05859 0.07031
0 0.6582 0.2085 0.0293 0.03418
