0 0.58105 0.1958 0.10742 0.07324
0 0.9082 0.09814 0.08203 0.11816
0 0.70703 0.06104 0.06445 0.06738
0 0.77051 0.01709 0.07227 0.03418
0 0.70996 0.25098 0.08008 0.07227
0 0.97363 0.26074 0.05273 0.08203
0 0.85303 0.94824 0.09277 0.08789
0 0.72705 0.1958 0.06934 0.05176
0 0.95801 0.61963 0.07227 0.06934
0 0.73096 0.11475 0.05762 0.0498
0 0.73828 0.43213 0.0918 0.06543
0 0.88574 0.35205 0.07812 0.0752
0 0.83057 0.83838 0.08301 0.10254
0 0.93555 0.80713 0.11719 0.09473
0 0.70605 0.60742 0.07227 0.08008
0 0.09082 0.08789 0.08789 0.09766
0 0.86328 0.5083 0.07812 0.07715
0 0.07666 0.15576 0.0752 0.06738
0 0.76562 0.66064 0.07812 0.07715
0 0.65723 0.89697 0.06445 0.09473
0 0.15283 0.72998 0.0498 0.0752
0 0.88574 0.87939 0.07227 0.11035
