0 0.67139 0.52197 0.05566 0.06934
0 0.02734 0.10303 0.05469 0.09668
0 0.05127 0.43945 0.05957 0.06836
0 0.87646 0.15039 0.06738 0.06445
0 0.13525 0.22559 0.06152 0.0957
0 0.63525 0.8374 0.08691 0.09082
0 0.61035 0.36377 0.04297 0.05566
0 0.54688 0.20996 0.05469 0.0625
0 0.48682 0.93945 0.12207 0.08398
0 0.07373 0.1499 0.08105 0.1084
0 0.71484 0.63428 0.07422 0.07324
0 0.29199 0.50146 0.06641 0.08496
0 0.81543 0.21973 0.05859 0.05859
0 0.84229 0.12451 0.10059 0.0791
0 0.38037 0.11914 0.1084 0.06836
0 0.65967 0.35986 0.05762 0.06738
0 0.41016 0.54688 0.13086 0.08398
0 0.69043 0.25293 0.07617 0.06641
0 0.78271 0.59961 0.06348 0.04688
0 0.88135 0.60547 0.09668 0.07031
0 0.91699 0.67822 0.11719 0.07324
0 0.75879 0.71631 0.10156 0.05762
0 0.74756 0.75781 0.09473 0.04102
0 0.62891 0.95215 0.06445 0.0957
0 0.68799 0.9751 0.08301 0.0498
0 0.03906 0.84277 0.0625 0.0957
0 0.05127 0.90918 0.06934 0.0625
0 0.1167 0.98291 0.08496 0.03418
0 0.11963 0.90869 0.05957 0.07715
0 0.18457 0.93848 0.08203 0.10547
0 0.2373 0.86523 0.04492 0.08789
0 0.77393 0.04053 0.09277 0.07129
0 0.78857 0.19189 0.07324 0.06738
