0 0.55811 0.05176 0.08301 0.08984
0 0.48145 0.59033 0.07617 0.0752
0 0.54346 0.28809 0.09668 0.15039
0 0.40527 0.51611 0.06445 0.11035
0 0.66064 0.81836 0.07715 0.11328
0 0.90283 0.25781 0.15332 0.10352
0 0.73535 0.88135 0.07812 0.05176
0 0.71484 0.3833 0.125 0.07324
0 0.48486 0.93311 0.06348 0.06348
0 0.80127 0.10254 0.06738 0.13477
0 0.76855 0.27588 0.09766 0.06738
0 0.7041 0.2373 0.07422 0.07422
0 0.57617 0.8623 0.0625 0.05859
0 0.66064 0.67578 0.06738 0.11719
0 0.64551 0.5957 0.07227 0.08203
0 0.60205 0.57568 0.0498 0.06738
0 0.26758 0.87061 0.08984 0.03809
0 0.41699 0.08545 0.06445 0.16113
0 0.7207 0.33936 0.08203 0.06543
