0 0.82812 0.71826 0.06836 0.09277
0 0.5293 0.04248 0.08984 0.08496
0 0.83398 0.40625 0.06445 0.08789
0 0.87012 0.53027 0.07422 0.10156
0 0.78516 0.48633 0.08398 0.07422
0 0.46387 0.94873 0.08594 0.0791
0 0.72949 0.12061 0.07031 0.09473
0 0.19287 0.0376 0.09277 0.0752
0 0.7085 0.78955 0.06934 0.0791
0 0.12354 0.39014 0.08496 0.09863
0 0.04004 0.87012 0.07812 0.0957
0 0.98828 0.33936 0.02344 0.09863
0 0.09619 0.71973 0.08496 0.08008
0 0.7085 0.90088 0.10254 0.06152
0 0.45361 0.68359 0.0791 0.06445
0 0.73193 0.39209 0.06543 0.11035
0 0.91943 0.23975 0.05566 0.13965
0 0.96484 0.50293 0.04883 0.10742
0 0.62988 0.15967 0.10352 0.12402
0 0.12793 0.26904 0.08789 0.10449
0 0.4873 0.51221 0.13867 0.05957
0 0.56885 0.83545 0.0752 0.0752
0 0.75293 0.69482 0.07812 0.09277
0 0.26904 0.85547 0.0752 0.05859
0 0.07617 0.06006 0.11523 0.09473
0 0.32422 0.76416 0.10742 0.12402
0 0.48145 0.08545 0.0918 0.1377
0 0.1792 0.68555 0.1084 0.11719
0 0.08057 0.86377 0.09082 0.07129
0 0.75049 0.76025 0.06152 0.10059
0 0.0874 0.47656 0.12012 0.0957
0 0.3833 0.18701 0.08301 0.07324
0 0.45215 0.71289 0.07617 0.08203
0 0.66406 0.50195 0.06055 0.05469
0 0.34326 0.43311 0.09473 0.09863
0 0.37256 0.59326 0.03223 0.08887
0 0.14453 0.05225 0.08789 0.09668
0 0.63525 0.8877 0.06934 0.06445
0 0.13672 0.47363 0.10156 0.07617
0 0.53809 0.11523 0.06641 0.11719
0 0.48486 0.78418 0.10645 0.10352
0 0.64746 0.30908 0.04297 0.07715
0 0.87207 0.19824 0.03516 0.06641
0 0.68311 0.35596 0.04395 0.10449
0 0.44531 0.27295 0.0918 0.12207
0 0.41553 0.76025 0.08496 0.09473
0 0.79688 0.85498 0.07227 0.05957
0 0.4248 0.39844 0.04297 0.08008
0 0.2749 0.89062 0.0791 0.05859
0 0.49902 0.14551 0.0918 0.05469
0 0.20117 0.83447 0.0918 0.07715
0 0.26172 0.98633 0.08398 0.02734
0 0.02881 0.521 0.05566 0.05566
0 0.28076 0.42822 0.10449 0.08887
0 0.34033 0.70801 0.08691 0.08984
0 0.08594 0.15283 0.07227 0.09082
0 0.30029 0.41211 0.08301 0.09375
0 0.02686 0.07178 0.05371 0.10254
0 0.34131 0.3916 0.09473 0.15234
0 0.45996 0.44922 0.05469 0.05859
0 0.19824 0.09619 0.04883 0.04395
0 0.14062 0.20996 0.0957 0.0918
0 0.02344 0.95508 0.04688 0.04297
0 0.7627 0.49072 0.05273 0.06543
