0 0.27686 0.25488 0.06152 0.07812
0 0.09326 0.14697 0.0791 0.07715
0 0.46045 0.43604 0.17285 0.06152
0 0.85059 0.25635 0.10742 0.18262
0 0.40625 0.86865 0.14062 0.05957
0 0.41064 0.02539 0.08105 0.05078
0 0.37207 0.20605 0.08984 0.03906
0 0.19482 0.17969 0.10059 0.06445
0 0.11865 0.26221 0.07129 0.10059
0 0.34717 0.47998 0.07129 0.08301
0 0.03662 0.15479 0.06738 0.06543
0 0.78027 0.84082 0.10742 0.0957
0 0.69531 0.34473 0.12891 0.08008
0 0.36816 0.37939 0.08594 0.08105
0 0.08936 0.02686 0.06738 0.05371
0 0.02637 0.2334 0.05273 0.10938
0 0.12793 0.74561 0.07422 0.10449
0 0.53369 0.43799 0.16699 0.08691
0 0.48779 0.58594 0.14746 0.09375
0 0.80225 0.97754 0.09473 0.04492
0 0.62061 0.6333 0.07129 0.08887
0 0.60645 0.98291 0.10938 0.03418
0 0.31494 0.59814 0.11426 0.18066
0 0.28369 0.94824 0.12988 0.10352
0 0.70215 0.66504 0.08008 0.09961
0 0.13623 0.45605 0.08691 0.10938
0 0.4707 0.20605 0.13672 0.13867
0 0.22266 0.43018 0.07812 0.11816
0 0.06934 0.91455 0.13867 0.1084
0 0.26904 0.65527 0.09082 0.13477
0 0.85742 0.04004 0.06445 0.08008
0 0.02393 0.06152 0.04785 0.10352
0 0.15869 0.9458 0.08105 0.10645
0 0.5957 0.03174 0.16797 0.06348
0 0.87598 0.12695 0.07617 0.16016
0 0.41406 0.97021 0.09766 0.05957
0 0.20068 0.56006 0.06738 0.06152
0 0.7168 0.12549 0.11523 0.05957
0 0.78174 0.05664 0.07324 0.07617
0 0.78662 0.17822 0.07715 0.11621
0 0.63574 0.31592 0.10547 0.05957
0 0.13184 0.34521 0.05859 0.0791
0 0.55908 0.37305 0.08496 0.05078
0 0.45459 0.07959 0.09668 0.09473
0 0.20703 0.06641 0.08203 0.13281
0 0.26611 0.125 0.04785 0.08789
0 0.87549 0.2583 0.09863 0.13965
0 0.36426 0.90967 0.05859 0.04004
0 0.21826 0.7251 0.08301 0.05762
0 0.94043 0.99219 0.11133 0.01562
0 0.2959 0.18164 0.08008 0.05469
