0 0.24219 0.58789 0.10352 0.09766
0 0.69629 0.74414 0.05664 0.0918
0 0.03467 0.23975 0.06934 0.06543
0 0.06689 0.46191 0.13379 0.08008
0 0.40869 0.21436 0.12012 0.13379
0 0.29004 0.24902 0.16016 0.09766
0 0.27588 0.77148 0.0752 0.17578
0 0.46582 0.5083 0.13672 0.11035
0 0.55273 0.27441 0.0957 0.0918
0 0.49512 0.8623 0.16211 0.11719
0 0.85547 0.12158 0.08594 0.24316
0 0.54004 0.05176 0.08789 0.10352
0 0.42578 0.62354 0.17188 0.08887
0 0.03125 0.76709 0.0625 0.08691
0 0.61572 0.49414 0.11621 0.05664
0 0.625 0.59375 0.17578 0.24805
0 0.03418 0.12207 0.06836 0.06641
0 0.22656 0.11963 0.08008 0.06543
0 0.69385 0.25146 0.0498 0.03223
0 0.77881 0.16846 0.10254 0.12207
0 0.65771 0.34668 0.0459 0.0293
