0 0.08252 0.16455 0.04785 0.12402
0 0.26221 0.14453 0.03418 0.08008
0 0.14697 0.04248 0.04785 0.05176
0 0.19482 0.021 0.07129 0.04199
0 0.31592 0.05859 0.05566 0.05469
0 0.47168 0.11621 0.04688 0.05273
0 0.61426 0.10547 0.05664 0.11719
0 0.65674 0.18408 0.0498 0.10059
0 0.70508 0.14502 0.05859 0.05762
0 0.87598 0.17725 0.07227 0.04785
0 0.81152 0.04883 0.07031 0.04688
0 0.88086 0.01318 0.08594 0.02637
0 0.89746 0.271 0.10156 0.06934
0 0.38477 0.28955 0.11914 0.04785
0 0.01318 0.31885 0.02637 0.08301
0 0.021 0.49023 0.04199 0.05664
0 0.15088 0.51074 0.06934 0.07227
0 0.23975 0.4873 0.05371 0.04883
0 0.21338 0.41943 0.06152 0.06738
0 0.28369 0.38086 0.05176 0.05273
0 0.33105 0.38281 0.06641 0.05664
0 0.4248 0.33838 0.07617 0.04395
0 0.71533 0.3833 0.05176 0.0498
0 0.9375 0.46484 0.06445 0.0625
0 0.67285 0.47412 0.06445 0.07324
0 0.72266 0.48828 0.05859 0.04492
0 0.21191 0.29932 0.07617 0.06543
0 0.16162 0.36279 0.05371 0.08887
0 0.21729 0.33398 0.06152 0.04102
0 0.49854 0.49219 0.04785 0.04883
0 0.5415 0.53955 0.06738 0.06543
0 0.56006 0.58789 0.07715 0.05469
0 0.63916 0.54199 0.06152 0.04102
0 0.72949 0.58252 0.06641 0.04785
0 0.80469 0.63574 0.06836 0.11914
0 0.96729 0.65967 0.06543 0.05176
0 0.85889 0.74463 0.10059 0.06934
0 0.80664 0.77783 0.12305 0.07324
0 0.71582 0.74121 0.05469 0.04688
0 0.6499 0.72949 0.05176 0.05664
0 0.08398 0.62207 0.04297 0.08203
0 0.24512 0.69189 0.07617 0.10645
0 0.19238 0.70752 0.05469 0.05957
0 0.13281 0.71826 0.04102 0.04199
0 0.15234 0.78564 0.05664 0.06152
0 0.28174 0.83691 0.06934 0.05273
0 0.38135 0.55957 0.09082 0.0625
0 0.49512 0.73926 0.07227 0.04688
0 0.43848 0.75195 0.10547 0.03711
0 0.35303 0.76367 0.08105 0.04688
0 0.38281 0.72363 0.05664 0.03906
0 0.7124 0.80664 0.0752 0.03516
0 0.88477 0.88965 0.07812 0.05273
0 0.96826 0.85059 0.06348 0.05078
0 0.96777 0.96729 0.05469 0.06543
0 0.83008 0.96484 0.06836 0.07031
0 0.69141 0.85352 0.04688 0.05859
0 0.46387 0.86816 0.07617 0.05078
0 0.39893 0.9165 0.04004 0.04785
0 0.33154 0.91016 0.03418 0.07617
0 0.26025 0.96484 0.10059 0.05469
0 0.56494 0.10449 0.06152 0.02344
0 0.37354 0.79443 0.10059 0.05176
0 0.09033 0.90625 0.06934 0.05859
0 0.30469 0.59766 0.05273 0.05859
