0 0.39453 0.35205 0.13477 0.09473
0 0.39844 0.5332 0.09766 0.07812
0 0.83496 0.64746 0.08398 0.06445
0 0.51172 0.4834 0.08984 0.07227
0 0.39551 0.12598 0.08789 0.07227
0 0.33496 0.17236 0.08008 0.0752
0 0.61719 0.06982 0.14062 0.0752
0 0.57812 0.91357 0.11719 0.10645
0 0.59717 0.37695 0.13965 0.10938
0 0.22607 0.86963 0.1123 0.12988
0 0.54688 0.11572 0.10547 0.08301
0 0.39453 0.65088 0.10547 0.11816
0 0.22705 0.74805 0.09473 0.08203
0 0.03809 0.49951 0.07227 0.11035
0 0.896 0.57568 0.09277 0.07715
0 0.46484 0.84814 0.11523 0.12793
0 0.49316 0.75586 0.14062 0.13086
0 0.41113 0.2793 0.0625 0.04492
0 0.42969 0.89697 0.08008 0.11426
0 0.85059 0.98096 0.23633 0.03809
0 0.86621 0.69531 0.05273 0.05469
