0 0.2373 0.47852 0.10547 0.10352
0 0.26855 0.30811 0.10742 0.1123
0 0.58203 0.37354 0.13477 0.12207
0 0.39844 0.48633 0.15039 0.08984
0 0.55029 0.65625 0.08887 0.05273
0 0.54834 0.54199 0.15723 0.10547
0 0.06152 0.22559 0.11914 0.09766
0 0.5957 0.84717 0.11328 0.0752
0 0.58984 0.95117 0.16016 0.09766
0 0.48047 0.16699 0.15234 0.10352
0 0.16162 0.89795 0.08105 0.07129
0 0.92334 0.49463 0.10254 0.12012
0 0.83203 0.13135 0.13086 0.11621
0 0.28467 0.21289 0.09473 0.10742
0 0.25195 0.05225 0.10547 0.10059
0 0.44971 0.86182 0.13379 0.07715
0 0.48486 0.7998 0.10449 0.08008
0 0.39941 0.38867 0.06055 0.08398
0 0.146 0.62549 0.08301 0.07715
0 0.9834 0.35547 0.0332 0.14258
0 0.18359 0.74365 0.05273 0.10254
0 0.87744 0.45947 0.12988 0.09473
0 0.96338 0.07178 0.07324 0.08496
0 0.58105 0.67725 0.08594 0.0459
