0 0.44287 0.61768 0.07129 0.12402
0 0.52393 0.81445 0.12207 0.04883
0 0.7334 0.6377 0.05469 0.0957
0 0.04639 0.03906 0.08887 0.07812
0 0.76123 0.20215 0.06543 0.07617
0 0.94629 0.82178 0.10547 0.0752
0 0.06641 0.76709 0.13281 0.08691
0 0.71191 0.22949 0.06445 0.08789
0 0.59668 0.93604 0.16016 0.08105
0 0.77979 0.01172 0.07129 0.02148
0 0.98486 0.24707 0.03027 0.10742
0 0.87354 0.09375 0.10449 0.09375
0 0.64844 0.96191 0.11523 0.07617
0 0.82666 0.95508 0.0498 0.08008
0 0.45996 0.87451 0.08984 0.05762
0 0.03906 0.89551 0.07812 0.06445
0 0.03271 0.49609 0.06348 0.0625
0 0.0415 0.45459 0.08301 0.05957
0 0.12109 0.43506 0.08398 0.08105
0 0.12305 0.36279 0.07422 0.06152
0 0.02441 0.26221 0.04688 0.08691
0 0.04004 0.21338 0.0625 0.06543
0 0.03467 0.12793 0.06934 0.09375
0 0.64795 0.33936 0.05762 0.09082
0 0.80273 0.35205 0.07812 0.0752
0 0.70312 0.35547 0.05078 0.08203
0 0.75293 0.97754 0.07227 0.04492
0 0.10693 0.01904 0.05176 0.03809
