0 0.69727 0.21387 0.08203 0.10742
0 0.86865 0.27441 0.05762 0.07617
0 0.52148 0.28906 0.05859 0.05078
0 0.81396 0.84082 0.07324 0.05859
0 0.81201 0.63281 0.0791 0.0625
0 0.87158 0.41699 0.08496 0.07031
0 0.646 0.15186 0.04004 0.09277
0 0.98047 0.12402 0.03906 0.03711
0 0.46777 0.07666 0.04297 0.10254
0 0.46631 0.02344 0.04395 0.04492
0 0.50879 0.04834 0.03711 0.05957
0 0.61182 0.06836 0.0752 0.10742
0 0.83496 0.04541 0.06641 0.06934
0 0.88428 0.61816 0.06543 0.04688
0 0.96289 0.6333 0.07422 0.04395
0 0.80518 0.15625 0.07129 0.0625
0 0.62158 0.45264 0.03809 0.07129
0 0.51758 0.0835 0.03711 0.06152
