0 0.96094 0.03418 0.07812 0.06641
0 0.55615 0.47803 0.10449 0.06543
0 0.65381 0.08447 0.09277 0.09473
0 0.13965 0.58789 0.10742 0.05469
0 0.32812 0.0332 0.08203 0.0625
0 0.2666 0.70703 0.11523 0.10156
0 0.58252 0.71582 0.12988 0.05859
0 0.17188 0.09131 0.12109 0.05371
0 0.98438 0.61768 0.03125 0.05957
0 0.62598 0.95654 0.08008 0.04785
0 0.05615 0.40332 0.11035 0.05078
0 0.95605 0.68457 0.08789 0.07617
0 0.49805 0.07764 0.11133 0.08887
0 0.28174 0.34375 0.11035 0.05469
0 0.12793 0.40088 0.13867 0.07129
0 0.26074 0.0752 0.10156 0.05469
0 0.90674 0.21094 0.10059 0.0625
0 0.21436 0.46289 0.11816 0.05273
0 0.16797 0.34229 0.11914 0.10254
0 0.90186 0.09961 0.09863 0.07031
0 0.16895 0.14648 0.10156 0.05469
0 0.37109 0.71338 0.08398 0.04199
0 0.71582 0.17041 0.0957 0.07324
0 0.22168 0.25781 0.13281 0.05469
0 0.68408 0.83496 0.06738 0.05273
0 0.95703 0.40918 0.08594 0.06836
0 0.15088 0.2749 0.1084 0.03418
0 0.50635 0.52246 0.12598 0.05469
0 0.64893 0.04492 0.10449 0.07422
0 0.36133 0.11523 0.14453 0.04883
0 0.85645 0.11621 0.10352 0.08398
0 0.27993 0.18828 0.1251 0.04043
0 0.85156 0.82031 0.07812 0.04102
0 0.7959 0.23877 0.07617 0.03809
0 0.51221 0.16064 0.08887 0.04199
0 0.04688 0.4873 0.0918 0.04102
0 0.88672 0.88086 0.11133 0.05078
0 0.38281 0.44189 0.1582 0.06738
0 0.69092 0.48145 0.06348 0.0332
0 0.07373 0.46094 0.13574 0.05273
0 0.90088 0.02588 0.05566 0.05176
0 0.93848 0.81152 0.07227 0.04102
0 0.0874 0.82959 0.1084 0.03418
0 0.72217 0.89746 0.11035 0.0625
0 0.03711 0.69824 0.07422 0.03516
0 0.41016 0.78027 0.12305 0.04297
0 0.48242 0.21924 0.09766 0.04004
0 0.31104 0.47559 0.07324 0.0293
0 0.09814 0.79297 0.11816 0.03711
0 0.26074 0.75879 0.11914 0.04688
0 0.17041 0.89844 0.10059 0.04102
0 0.71094 0.78955 0.11133 0.03613
0 0.88623 0.76562 0.09668 0.04102
0 0.0293 0.89209 0.05664 0.02832
0 0.41016 0.02979 0.06445 0.05957
0 0.31641 0.89844 0.07031 0.02734
0 0.95508 0.16309 0.08984 0.03711
0 0.96924 0.12109 0.06152 0.05859
0 0.16113 0.18018 0.06641 0.03418
0 0.76562 0.07666 0.07812 0.0459
0 0.06787 0.99072 0.09082 0.0166
0 0.17334 0.97021 0.09473 0.02637
0 0.80566 0.11377 0.07031 0.04004
0 0.29248 0.87109 0.10254 0.0293
0 0.04199 0.85205 0.08203 0.0498
0 0.90967 0.73193 0.05566 0.03613
0 0.43604 0.48535 0.09473 0.04102
0 0.896 0.51221 0.10059 0.04785
0 0.28857 0.43408 0.09082 0.0459
0 0.86523 0.72314 0.03516 0.04395
0 0.04102 0.1333 0.08203 0.04395
0 0.02783 0.09082 0.05566 0.04102
0 0.95947 0.24072 0.08105 0.05957
