0 0.73486 0.22217 0.05957 0.09863
0 0.42725 0.71094 0.09473 0.13672
0 0.64355 0.34229 0.06641 0.10645
0 0.30957 0.3999 0.08984 0.06543
0 0.5127 0.70654 0.11719 0.08105
0 0.30762 0.32031 0.10156 0.13672
0 0.55273 0.64648 0.06445 0.06641
0 0.18652 0.10645 0.08789 0.11719
0 0.64062 0.09766 0.13867 0.07031
0 0.51025 0.07178 0.0752 0.06738
0 0.05518 0.40283 0.07324 0.08887
0 0.66748 0.29297 0.06348 0.14453
0 0.4043 0.02295 0.0957 0.03418
0 0.85889 0.82617 0.06348 0.06641
0 0.65186 0.69482 0.07715 0.15137
0 0.1416 0.30811 0.11914 0.10254
0 0.0332 0.32031 0.06641 0.11328
0 0.04688 0.1333 0.09375 0.05371
0 0.83691 0.55664 0.08203 0.07227
0 0.07666 0.29102 0.11621 0.12695
0 0.79834 0.40967 0.09082 0.10059
0 0.97656 0.81641 0.04688 0.07031
0 0.83057 0.50684 0.05762 0.08594
0 0.97314 0.86816 0.05371 0.12695
0 0.89648 0.75635 0.08008 0.05957
0 0.60498 0.02832 0.09082 0.05664
0 0.92383 0.0542 0.07812 0.1084
0 0.96826 0.75049 0.06348 0.04199
0 0.21729 0.33643 0.0498 0.15723
0 0.37891 0.55029 0.06836 0.06348
0 0.2583 0.03125 0.12598 0.0625
0 0.34326 0.85498 0.10059 0.0791
0 0.93701 0.03223 0.05371 0.06445
0 0.57129 0.88281 0.11719 0.04688
0 0.33154 0.7959 0.06934 0.07031
0 0.22607 0.04004 0.10645 0.07617
0 0.13867 0.7334 0.15039 0.05273
0 0.86328 0.98096 0.05859 0.03809
0 0.96387 0.03662 0.06836 0.07324
0 0.8501 0.73193 0.06152 0.04004
0 0.87061 0.4082 0.04395 0.04102
0 0.49854 0.83252 0.1748 0.05566
0 0.67773 0.02441 0.03906 0.04883
0 0.56396 0.79297 0.05176 0.06445
0 0.0708 0.74805 0.11621 0.05664
0 0.04834 0.85303 0.09473 0.04004
0 0.78613 0.40674 0.13477 0.06738
0 0.43164 0.27148 0.20508 0.14062
0 0.25391 0.33301 0.10938 0.04492
0 0.22559 0.81641 0.09766 0.04297
0 0.78027 0.98828 0.03125 0.02344
0 0.86328 0.58643 0.25195 0.07324
0 0.02881 0.70117 0.05762 0.05664
0 0.28174 0.86865 0.1084 0.03809
0 0.44287 0.0498 0.10059 0.0957
0 0.3623 0.02344 0.0625 0.04688
0 0.03076 0.74854 0.06152 0.03613
0 0.12207 0.70557 0.04102 0.02637
