0 0.14844 0.06396 0.03711 0.08105
0 0.20898 0.15674 0.07812 0.0498
0 0.3833 0.05957 0.0498 0.05469
0 0.07715 0.16455 0.03516 0.02832
0 0.02197 0.3125 0.03613 0.05664
0 0.02734 0.36963 0.05469 0.08301
0 0.16943 0.90381 0.04199 0.05176
0 0.2251 0.83691 0.05566 0.05469
0 0.24609 0.90723 0.02539 0.06055
0 0.21533 0.94043 0.0498 0.04297
0 0.33154 0.85693 0.04199 0.0459
0 0.49316 0.92285 0.04688 0.03516
0 0.56006 0.87695 0.04395 0.04492
0 0.64844 0.88184 0.03906 0.04492
0 0.20215 0.57959 0.05469 0.04199
0 0.1499 0.58252 0.04199 0.05176
0 0.05225 0.5957 0.04395 0.03711
0 0.2959 0.4668 0.04688 0.08594
0 0.43213 0.47363 0.10059 0.08203
0 0.42236 0.42871 0.06152 0.03906
0 0.53662 0.52002 0.04199 0.06348
0 0.41162 0.55225 0.03027 0.04395
0 0.7085 0.63281 0.05762 0.05078
0 0.80664 0.73096 0.07617 0.04785
0 0.89258 0.55566 0.0625 0.05273
0 0.9292 0.4126 0.03418 0.05371
0 0.88818 0.4873 0.04199 0.0625
0 0.81885 0.08252 0.05957 0.03223
0 0.97803 0.71777 0.04395 0.04688
0 0.92969 0.96582 0.04883 0.04102
