0 0.33252 0.03955 0.0791 0.0791
0 0.02783 0.11523 0.05371 0.07422
0 0.35107 0.15186 0.12598 0.07129
0 0.33545 0.21973 0.06738 0.06445
0 0.2373 0.31348 0.06836 0.08789
0 0.18164 0.40283 0.10547 0.1123
0 0.31494 0.42041 0.05957 0.06543
0 0.37256 0.40869 0.08105 0.07715
0 0.39258 0.31787 0.08008 0.08887
0 0.51074 0.38477 0.10938 0.06836
0 0.54443 0.21289 0.08301 0.09766
0 0.51709 0.12451 0.0752 0.0752
0 0.52539 0.03125 0.10742 0.0625
0 0.43896 0.02148 0.06348 0.04297
0 0.72656 0.03809 0.04883 0.07617
0 0.82568 0.10449 0.06152 0.06836
0 0.75781 0.25635 0.07812 0.1084
0 0.31006 0.50977 0.09863 0.07031
0 0.2373 0.51953 0.05859 0.05664
0 0.03711 0.65186 0.06836 0.07324
0 0.20117 0.63965 0.0625 0.06836
0 0.26221 0.67676 0.07129 0.07812
0 0.48633 0.57764 0.09375 0.04785
0 0.45459 0.61865 0.09473 0.04395
0 0.48828 0.72168 0.09375 0.0918
0 0.58252 0.80566 0.0752 0.10156
0 0.625 0.89502 0.08789 0.06738
0 0.54932 0.93652 0.06934 0.09766
0 0.91748 0.9126 0.06934 0.06738
0 0.81689 0.75342 0.05762 0.08691
0 0.88232 0.78027 0.08691 0.08203
0 0.8418 0.68262 0.06055 0.05859
0 0.71582 0.64746 0.07617 0.06836
0 0.68213 0.53857 0.11816 0.08887
0 0.75342 0.52686 0.06738 0.0752
0 0.86768 0.54736 0.05957 0.05176
0 0.97217 0.61816 0.05566 0.07422
0 0.97461 0.33838 0.05078 0.08496
0 0.98535 0.15869 0.0293 0.0791
0 0.95752 0.03516 0.08496 0.07031
0 0.07031 0.79297 0.06055 0.07227
0 0.90869 0.65283 0.05566 0.06738
0 0.59277 0.49902 0.05664 0.06055
