0 0.09912 0.17676 0.06543 0.0957
0 0.13965 0.93896 0.07227 0.0791
0 0.06885 0.55371 0.09277 0.04688
0 0.8623 0.08301 0.11523 0.04883
0 0.94922 0.11572 0.08398 0.06934
0 0.04053 0.12549 0.06934 0.11035
0 0.66357 0.45703 0.09668 0.05273
0 0.27881 0.30713 0.15723 0.05957
0 0.95898 0.63184 0.0625 0.06641
0 0.02393 0.57373 0.04785 0.04395
0 0.95996 0.51172 0.03125 0.0957
0 0.27588 0.6084 0.07715 0.05469
0 0.3584 0.9751 0.10352 0.04004
0 0.29102 0.07227 0.08984 0.07031
0 0.56934 0.58691 0.09961 0.05273
0 0.23877 0.92529 0.09277 0.04004
0 0.89307 0.88379 0.12207 0.04688
0 0.23877 0.66016 0.10059 0.07617
0 0.66016 0.14062 0.08398 0.05078
0 0.58301 0.70068 0.11328 0.07715
0 0.3584 0.37451 0.13477 0.0791
0 0.56445 0.02197 0.10938 0.03223
0 0.47461 0.31836 0.08789 0.03711
0 0.46631 0.2207 0.0459 0.06445
0 0.01953 0.93457 0.03906 0.04102
0 0.52197 0.55566 0.06934 0.07227
0 0.30522 0.66572 0.14951 0.03848
0 0.52393 0.31006 0.08887 0.06152
0 0.42334 0.1582 0.12012 0.08594
0 0.11816 0.38477 0.10742 0.04492
0 0.89893 0.16846 0.12988 0.09082
0 0.76562 0.5835 0.0625 0.04785
0 0.25781 0.88818 0.13086 0.0498
0 0.01514 0.25049 0.03027 0.06152
0 0.07031 0.07422 0.10938 0.03516
0 0.02686 0.63867 0.05371 0.03125
0 0.92627 0.33643 0.12988 0.05957
0 0.13818 0.62012 0.09863 0.07617
0 0.96973 0.27637 0.04883 0.07031
0 0.06738 0.7251 0.07422 0.01855
0 0.88965 0.38379 0.05469 0.0332
0 0.98047 0.49512 0.03906 0.13281
0 0.68506 0.64551 0.09473 0.04102
0 0.82764 0.28955 0.05957 0.0459
0 0.18457 0.31396 0.11328 0.0459
0 0.86768 0.33008 0.03223 0.08203
0 0.80518 0.92432 0.07129 0.03809
0 0.97607 0.59668 0.04199 0.03711
0 0.92383 0.95557 0.09766 0.03809
0 0.27148 0.98584 0.07422 0.01855
0 0.75879 0.01025 0.05273 0.02051
0 0.65723 0.7002 0.06641 0.0332
0 0.3916 0.09521 0.06641 0.03223
0 0.23828 0.62305 0.07227 0.04102
0 0.04199 0.01514 0.08008 0.03027
0 0.15527 0.67188 0.11719 0.0332
0 0.27881 0.24951 0.0752 0.0459
0 0.83496 0.61084 0.13086 0.03613
0 0.06689 0.42188 0.13379 0.08984
0 0.67725 0.01904 0.05762 0.03613
0 0.89258 0.7251 0.05078 0.01465
0 0.23682 0.0332 0.07129 0.01758
0 0.04443 0.33789 0.08887 0.04102
0 0.83105 0.37695 0.0625 0.06836
0 0.17676 0.05615 0.07617 0.1123
0 0.1499 0.09814 0.11816 0.04199
0 0.22852 0.07812 0.17383 0.07422
0 0.30664 0.8208 0.12109 0.05957
0 0.35156 0.81494 0.08984 0.0498
