0 0.02686 0.12012 0.05371 0.06641
0 0.14355 0.23438 0.08398 0.07227
0 0.1416 0.45361 0.13281 0.09473
0 0.2832 0.28369 0.08984 0.06738
0 0.0293 0.73633 0.05078 0.05664
0 0.12158 0.65576 0.09277 0.07129
0 0.25586 0.67676 0.0625 0.07031
0 0.354 0.6958 0.08301 0.07324
0 0.4375 0.7124 0.10156 0.0791
0 0.54541 0.70117 0.07129 0.08203
0 0.53027 0.93945 0.07031 0.08594
0 0.73584 0.8252 0.0752 0.07617
0 0.77295 0.70361 0.06543 0.06543
0 0.8335 0.72705 0.06543 0.06543
0 0.84424 0.63623 0.07715 0.1123
0 0.95752 0.66455 0.06738 0.05762
0 0.96973 0.73145 0.06055 0.0625
0 0.95703 0.78564 0.08594 0.0752
0 0.93311 0.46191 0.05957 0.05469
0 0.57031 0.31592 0.13086 0.05762
0 0.60498 0.26514 0.06348 0.0459
0 0.47852 0.17725 0.05664 0.06934
0 0.41113 0.06934 0.05664 0.07422
0 0.58691 0.15869 0.11133 0.10449
0 0.66455 0.10596 0.09277 0.10059
0 0.78857 0.24658 0.05176 0.05566
0 0.93896 0.11572 0.07324 0.0752
0 0.96533 0.32031 0.06934 0.06641
