0 0.14062 0.09131 0.08398 0.09082
0 0.05371 0.5918 0.0625 0.05273
0 0.05908 0.75537 0.08691 0.08301
0 0.18896 0.74121 0.07715 0.07422
0 0.46875 0.84668 0.07812 0.08594
0 0.45361 0.69287 0.06348 0.06152
0 0.5835 0.75293 0.12793 0.0625
0 0.68506 0.79932 0.05762 0.07129
0 0.78955 0.6792 0.07715 0.06934
0 0.78613 0.74365 0.07227 0.05957
0 0.87158 0.72266 0.09473 0.07617
0 0.96777 0.34375 0.06445 0.06445
0 0.7749 0.3374 0.07324 0.06348
0 0.89111 0.15283 0.06543 0.07129
0 0.84229 0.06982 0.07324 0.06738
0 0.69287 0.09473 0.07715 0.08594
0 0.55225 0.43066 0.10059 0.07617
0 0.45117 0.34131 0.07617 0.08496
0 0.50781 0.28467 0.07227 0.08691
0 0.49512 0.2168 0.05469 0.05273
0 0.31689 0.31787 0.08887 0.07129
0 0.20508 0.21777 0.08594 0.06055
0 0.23242 0.15674 0.08398 0.06738
0 0.04883 0.29004 0.09766 0.06445
0 0.0332 0.38135 0.06641 0.09473
