0 0.82129 0.24072 0.05859 0.12012
0 0.51074 0.53467 0.0918 0.11035
0 0.0835 0.49951 0.15527 0.08496
0 0.76318 0.03223 0.06543 0.06445
0 0.0249 0.521 0.0498 0.10645
0 0.23145 0.26221 0.10352 0.10449
0 0.53076 0.19385 0.0752 0.16113
0 0.90527 0.9292 0.11328 0.04785
0 0.04102 0.22949 0.08203 0.04883
0 0.35449 0.26758 0.0625 0.07227
0 0.83936 0.36035 0.12012 0.06055
0 0.75342 0.92773 0.05957 0.13281
0 0.30811 0.60547 0.08691 0.14258
0 0.13135 0.66797 0.13574 0.0625
0 0.55127 0.38721 0.06934 0.04785
0 0.1333 0.22754 0.12988 0.04883
0 0.63379 0.96973 0.05469 0.06055
0 0.91553 0.06152 0.07129 0.07031
0 0.15332 0.04492 0.14258 0.06445
0 0.41211 0.24072 0.07617 0.12012
0 0.91113 0.08545 0.10938 0.07324
0 0.21045 0.49316 0.1123 0.0957
0 0.61572 0.20996 0.13379 0.16016
0 0.92871 0.22705 0.08008 0.08105
0 0.17188 0.15674 0.08789 0.04199
0 0.68164 0.7876 0.12109 0.03809
0 0.68164 0.16846 0.10547 0.07324
0 0.3667 0.23438 0.09668 0.07422
0 0.69482 0.73535 0.06738 0.06641
0 0.11035 0.61182 0.1543 0.08691
0 0.05762 0.89551 0.11523 0.07227
0 0.03369 0.60205 0.06738 0.0752
0 0.95703 0.90332 0.08594 0.05859
0 0.68896 0.56152 0.05566 0.05273
0 0.16992 0.72363 0.07227 0.09375
0 0.56396 0.83057 0.06543 0.05762
0 0.55273 0.87939 0.05273 0.13574
0 0.51074 0.01953 0.08594 0.03711
0 0.37305 0.89502 0.11328 0.05762
0 0.22559 0.09863 0.04688 0.07617
0 0.99463 0.35205 0.01074 0.02051
0 0.91406 0.98242 0.04492 0.03516
0 0.02197 0.03418 0.04395 0.05859
0 0.84277 0.82471 0.06836 0.04004
0 0.61768 0.68701 0.05957 0.05957
0 0.97168 0.2749 0.05664 0.02246
0 0.90869 0.1748 0.13379 0.03125
0 0.77979 0.67139 0.07324 0.06152
0 0.1709 0.98535 0.14648 0.0293
0 0.86719 0.72363 0.06445 0.05469
0 0.84521 0.65186 0.10254 0.03613
0 0.63525 0.65186 0.04785 0.04395
0 0.32471 0.9043 0.12207 0.07422
0 0.7998 0.16895 0.07227 0.02344
0 0.27686 0.01318 0.04199 0.02637
0 0.24219 0.69531 0.12891 0.05469
0 0.3667 0.97559 0.12598 0.04883
0 0.10596 0.71191 0.08496 0.03906
0 0.03271 0.63721 0.06348 0.02832
0 0.95801 0.71582 0.08398 0.03711
0 0.24951 0.91406 0.15137 0.04102
0 0.02441 0.15234 0.04883 0.04688
0 0.7876 0.76465 0.08496 0.03711
0 0.95752 0.86084 0.08496 0.04004
0 0.34033 0.75684 0.06152 0.03516
0 0.28662 0.97803 0.11621 0.04395
0 0.33301 0.02148 0.05664 0.04297
