0 0.01123 0.33105 0.02246 0.10156
0 0.05908 0.96729 0.06543 0.06543
0 0.10986 0.92432 0.05566 0.06152
0 0.91309 0.98975 0.0625 0.02051
0 0.77637 0.70898 0.13086 0.07422
0 0.6377 0.89648 0.0918 0.07031
0 0.43799 0.92041 0.08301 0.0791
0 0.37793 0.98486 0.06641 0.03027
0 0.40137 0.81006 0.07227 0.06348
0 0.48535 0.77637 0.06445 0.06836
0 0.55273 0.77588 0.08398 0.10059
0 0.48828 0.84619 0.08984 0.06348
0 0.54053 0.88525 0.06543 0.06348
0 0.26172 0.8584 0.12109 0.0625
0 0.18115 0.77588 0.07129 0.09863
0 0.16602 0.8252 0.05273 0.08008
0 0.24756 0.73291 0.05566 0.07129
0 0.34131 0.73926 0.1377 0.05664
0 0.1792 0.61865 0.09082 0.07715
0 0.40137 0.62451 0.07812 0.09473
0 0.46143 0.6377 0.06934 0.08008
0 0.55176 0.6709 0.0625 0.06836
0 0.625 0.62305 0.07422 0.07031
0 0.24023 0.43701 0.05664 0.07715
0 0.76514 0.55371 0.11426 0.05273
0 0.70557 0.48926 0.06348 0.06055
0 0.82373 0.40869 0.08887 0.06152
0 0.86182 0.5415 0.08105 0.06543
0 0.9209 0.31543 0.10742 0.05664
0 0.55371 0.33887 0.05664 0.06836
0 0.4707 0.33252 0.05664 0.05957
0 0.396 0.31494 0.06738 0.08105
0 0.28906 0.27441 0.04883 0.05859
0 0.68604 0.23828 0.06543 0.07227
0 0.75 0.20215 0.05859 0.06055
0 0.771 0.13281 0.06934 0.08398
0 0.5542 0.19385 0.0791 0.06738
0 0.49023 0.25439 0.06836 0.05371
0 0.40479 0.25684 0.05957 0.06836
0 0.30957 0.16113 0.08203 0.10156
0 0.55713 0.09912 0.08691 0.09473
0 0.48584 0.04639 0.06348 0.06348
0 0.76465 0.0498 0.08203 0.06641
0 0.92773 0.08643 0.08008 0.10449
0 0.98535 0.08887 0.0293 0.0957
0 0.60742 0.01904 0.07617 0.03809
0 0.2998 0.01025 0.08789 0.02051
0 0.08398 0.25586 0.12305 0.07031
0 0.19922 0.20996 0.05273 0.05859
0 0.15186 0.18066 0.05566 0.08398
0 0.09912 0.15332 0.0791 0.09961
0 0.354 0.44873 0.07715 0.0791
0 0.50635 0.50488 0.04785 0.09766
0 0.14014 0.66504 0.11621 0.08594
0 0.08887 0.73535 0.06445 0.05469
0 0.7998 0.59814 0.05078 0.05371
0 0.89258 0.61377 0.05664 0.05957
0 0.98047 0.31543 0.03906 0.04688
0 0.04102 0.32715 0.06641 0.04102
0 0.31494 0.10645 0.05957 0.07031
