0 0.82959 0.43555 0.12012 0.08789
0 0.75732 0.2666 0.1123 0.10742
0 0.15918 0.26465 0.125 0.07031
0 0.7085 0.64209 0.1123 0.09473
0 0.45068 0.36426 0.09277 0.08008
0 0.81201 0.03125 0.08301 0.0625
0 0.56348 0.1084 0.10742 0.08789
0 0.56201 0.58691 0.11035 0.08984
0 0.71826 0.38574 0.12207 0.09766
0 0.03809 0.61963 0.07422 0.09277
0 0.56689 0.29053 0.10059 0.09277
0 0.13672 0.18359 0.08789 0.08789
0 0.89697 0.646 0.10059 0.06738
0 0.70312 0.17188 0.08789 0.10938
0 0.07129 0.70801 0.125 0.06055
0 0.60449 0.35059 0.08008 0.08203
0 0.03223 0.82422 0.06445 0.08008
0 0.95068 0.02686 0.08496 0.05176
0 0.13721 0.04883 0.08105 0.09375
0 0.92578 0.80176 0.11328 0.08008
0 0.0708 0.05078 0.10254 0.09766
0 0.78857 0.9165 0.09863 0.07715
0 0.93604 0.7334 0.12793 0.08203
0 0.94873 0.87842 0.10254 0.05762
0 0.54053 0.51953 0.0791 0.04102
0 0.74219 0.13184 0.11523 0.125
0 0.81396 0.35449 0.0498 0.04688
0 0.60303 0.51562 0.04004 0.03125
