0 0.20215 0.02197 0.08984 0.04395
0 0.03174 0.0415 0.05957 0.06348
0 0.32275 0.0249 0.10645 0.0498
0 0.41602 0.04395 0.08008 0.0625
0 0.2334 0.32666 0.09766 0.0498
0 0.25439 0.39551 0.06738 0.05664
0 0.09717 0.37744 0.10254 0.07129
0 0.13867 0.45557 0.08008 0.08887
0 0.02246 0.37939 0.04492 0.09473
0 0.05908 0.45264 0.11816 0.0752
0 0.03906 0.54199 0.05664 0.08984
0 0.23438 0.49756 0.10938 0.07129
0 0.48047 0.41064 0.13281 0.08105
0 0.55078 0.50586 0.11133 0.08789
0 0.63135 0.41748 0.09473 0.06348
0 0.69873 0.44482 0.10645 0.05957
0 0.78857 0.38867 0.09668 0.07812
0 0.6377 0.56445 0.06641 0.07031
0 0.65039 0.50098 0.08594 0.07422
0 0.69873 0.58105 0.06543 0.08594
0 0.75293 0.55908 0.05859 0.09473
0 0.76611 0.6377 0.09668 0.10352
0 0.19287 0.68164 0.09277 0.09375
0 0.23828 0.66748 0.06445 0.0791
0 0.04053 0.625 0.04785 0.05664
0 0.32568 0.73877 0.08105 0.08301
0 0.27441 0.77881 0.05859 0.08105
0 0.22119 0.77197 0.06738 0.07715
0 0.17871 0.7998 0.04688 0.05859
0 0.13232 0.8877 0.06348 0.07422
0 0.19043 0.94238 0.07812 0.08203
0 0.21387 0.86377 0.08008 0.08496
0 0.3042 0.84668 0.07129 0.07422
0 0.29004 0.90234 0.08594 0.0625
0 0.34473 0.96826 0.07227 0.06348
0 0.50586 0.89551 0.11133 0.07422
0 0.49512 0.97803 0.08008 0.04395
0 0.52881 0.68457 0.05957 0.07227
0 0.49902 0.75488 0.07617 0.07812
0 0.57715 0.70947 0.06836 0.08105
0 0.64893 0.72119 0.10059 0.0791
0 0.56641 0.81738 0.08789 0.12109
0 0.62207 0.87354 0.08789 0.09277
0 0.68018 0.8042 0.06738 0.08105
0 0.73389 0.81787 0.06543 0.08301
0 0.88574 0.88867 0.0957 0.08398
0 0.95459 0.84131 0.08496 0.06934
0 0.91943 0.80029 0.07715 0.09863
0 0.85498 0.75098 0.07129 0.09375
0 0.79492 0.75146 0.06445 0.05957
0 0.9082 0.66895 0.07031 0.07031
0 0.9834 0.46289 0.0332 0.05859
0 0.94922 0.41602 0.08008 0.08398
0 0.80811 0.08203 0.07324 0.07617
0 0.63184 0.05957 0.08984 0.06836
0 0.10547 0.25244 0.06836 0.0498
0 0.72363 0.97607 0.07422 0.04785
0 0.44629 0.86377 0.08594 0.06934
