0 0.1958 0.75488 0.0752 0.08008
0 0.17383 0.8877 0.07812 0.07422
0 0.15625 0.97607 0.08594 0.04785
0 0.06445 0.97266 0.09375 0.05469
0 0.35938 0.9292 0.14648 0.1416
0 0.39404 0.87305 0.06934 0.0625
0 0.46973 0.84277 0.12891 0.10352
0 0.27832 0.72656 0.07812 0.08984
0 0.61719 0.78906 0.08008 0.08008
0 0.43701 0.72705 0.07715 0.10059
0 0.39502 0.62646 0.07715 0.08887
0 0.64893 0.65918 0.1084 0.08789
0 0.04102 0.36133 0.06836 0.06641
0 0.05615 0.21924 0.06738 0.1084
0 0.24463 0.01855 0.15527 0.03711
0 0.34619 0.07031 0.06348 0.0625
0 0.29248 0.11572 0.06543 0.10449
0 0.22559 0.2002 0.07617 0.1543
0 0.40088 0.14697 0.07324 0.07129
0 0.44238 0.06006 0.07812 0.1123
0 0.54932 0.02441 0.06738 0.04883
0 0.59277 0.04688 0.08594 0.0918
0 0.79248 0.05908 0.10254 0.07715
0 0.81152 0.13281 0.06641 0.0625
0 0.83496 0.23291 0.09375 0.11621
0 0.40723 0.31494 0.08398 0.05762
0 0.271 0.39355 0.10254 0.07422
0 0.34326 0.375 0.06543 0.05859
0 0.13916 0.43799 0.0791 0.0752
0 0.22852 0.53809 0.08789 0.09375
0 0.12305 0.54395 0.06641 0.05664
0 0.3999 0.52783 0.08496 0.10449
0 0.57422 0.42139 0.06836 0.08887
0 0.73193 0.44092 0.0752 0.09473
0 0.60449 0.53516 0.10938 0.13867
0 0.68213 0.55225 0.06543 0.09277
0 0.75098 0.55518 0.06641 0.08691
0 0.91553 0.76758 0.0791 0.10352
0 0.90381 0.93457 0.12793 0.08398
0 0.6499 0.92285 0.09863 0.06445
0 0.69727 0.96289 0.07812 0.07422
0 0.97559 0.32959 0.04883 0.10645
0 0.10742 0.24219 0.07422 0.08398
0 0.77734 0.80225 0.08008 0.0791
0 0.91846 0.26807 0.04785 0.06738
0 0.01123 0.97461 0.02246 0.05078
0 0.53271 0.3457 0.12402 0.07812
0 0.0083 0.12646 0.0166 0.05371
0 0.05078 0.28613 0.10156 0.04297
