0 0.47412 0.19287 0.09668 0.0791
0 0.4541 0.41455 0.07227 0.06152
0 0.9751 0.15625 0.0498 0.08203
0 0.75928 0.22949 0.09082 0.05273
0 0.86084 0.54004 0.08496 0.05664
0 0.14258 0.72607 0.08398 0.04199
0 0.83008 0.08203 0.08984 0.05664
0 0.18994 0.43555 0.10449 0.09375
0 0.96533 0.59619 0.06934 0.05176
0 0.05273 0.45557 0.09375 0.04785
0 0.01123 0.59521 0.02246 0.05371
0 0.73975 0.17578 0.05566 0.08398
0 0.38135 0.5542 0.08691 0.04785
0 0.04492 0.27881 0.08984 0.05762
0 0.02637 0.07812 0.05273 0.10156
0 0.9502 0.18701 0.08789 0.05566
0 0.6665 0.51758 0.07324 0.04688
0 0.93164 0.53271 0.05664 0.06152
0 0.91748 0.94775 0.09473 0.05371
0 0.69385 0.67578 0.10254 0.05469
0 0.45947 0.54883 0.07129 0.03516
0 0.16992 0.24951 0.11719 0.06738
0 0.12354 0.61719 0.09277 0.03711
0 0.05664 0.95508 0.08398 0.03906
0 0.17871 0.53125 0.07812 0.04297
0 0.76611 0.96973 0.10059 0.06055
0 0.36377 0.72656 0.08301 0.03906
0 0.38379 0.86475 0.08789 0.03223
0 0.49414 0.8335 0.08594 0.03418
0 0.17871 0.81055 0.09766 0.06641
0 0.21191 0.51318 0.11719 0.06543
0 0.54932 0.25537 0.07324 0.03418
0 0.52295 0.31055 0.1084 0.04883
0 0.09229 0.57129 0.13379 0.04102
0 0.39307 0.10986 0.04785 0.03613
0 0.26904 0.29834 0.10059 0.06738
0 0.88623 0.39453 0.06152 0.04688
0 0.25684 0.56152 0.07422 0.04492
0 0.38403 0.67056 0.09346 0.05557
0 0.66357 0.5957 0.08301 0.04492
0 0.84229 0.87451 0.09668 0.04004
0 0.8208 0.92432 0.10449 0.05371
0 0.7793 0.62891 0.06641 0.04297
0 0.58252 0.37598 0.08105 0.04883
0 0.02832 0.21436 0.05664 0.04199
0 0.72266 0.6416 0.11719 0.03906
0 0.88623 0.02197 0.07715 0.04395
0 0.62744 0.86914 0.10254 0.04492
0 0.41748 0.01318 0.0498 0.02637
0 0.4043 0.96777 0.11523 0.04883
0 0.17041 0.60938 0.13184 0.04688
0 0.01855 0.55225 0.03711 0.04395
0 0.95068 0.69531 0.09863 0.04883
0 0.6748 0.90625 0.04883 0.03125
0 0.86426 0.354 0.06641 0.03027
0 0.23926 0.30518 0.07617 0.04004
0 0.64551 0.40186 0.08008 0.05371
0 0.92969 0.00684 0.02734 0.01367
0 0.19824 0.77441 0.08594 0.03906
0 0.49414 0.6123 0.10352 0.05273
0 0.0293 0.24365 0.05859 0.04004
0 0.97119 0.53857 0.04395 0.03613
0 0.78418 0.27295 0.04492 0.03418
0 0.44531 0.70898 0.07617 0.02344
0 0.11328 0.35205 0.07617 0.02637
0 0.13037 0.04688 0.1084 0.05469
0 0.20068 0.04053 0.0752 0.02637
