0 0.14746 0.07324 0.08789 0.05469
0 0.104 0.18945 0.07129 0.07617
0 0.46191 0.67822 0.11328 0.04785
0 0.23242 0.43066 0.06836 0.07617
0 0.06885 0.48633 0.12012 0.11328
0 0.70508 0.53418 0.11523 0.05859
0 0.96045 0.40479 0.07324 0.06152
0 0.20801 0.20654 0.12109 0.08691
0 0.34961 0.7085 0.07031 0.08691
0 0.98096 0.1543 0.03809 0.0957
0 0.35498 0.24316 0.12598 0.06641
0 0.29932 0.89844 0.08301 0.0918
0 0.27393 0.16211 0.07324 0.08594
0 0.11963 0.85938 0.09668 0.05273
0 0.06055 0.89062 0.09766 0.07227
0 0.66406 0.26807 0.07031 0.03613
0 0.54541 0.66504 0.12402 0.04883
0 0.72412 0.42725 0.06348 0.05371
0 0.979 0.2749 0.03809 0.06348
0 0.41699 0.85693 0.08594 0.05566
0 0.41943 0.29688 0.06934 0.03711
0 0.6958 0.71875 0.04785 0.07031
0 0.86719 0.19775 0.0625 0.06543
0 0.59912 0.97217 0.06934 0.03418
0 0.05078 0.79492 0.08984 0.05273
0 0.15918 0.52393 0.06836 0.06348
0 0.29004 0.97705 0.08008 0.03809
0 0.6875 0.75732 0.07812 0.04395
0 0.01562 0.78271 0.03125 0.05957
0 0.75879 0.89014 0.09375 0.03809
0 0.44824 0.59521 0.11133 0.04199
0 0.71631 0.31689 0.04395 0.05371
0 0.32812 0.28271 0.09766 0.04395
0 0.71387 0.78955 0.10547 0.0459
0 0.02148 0.67041 0.04297 0.03418
0 0.27783 0.73145 0.07324 0.03906
0 0.08398 0.27148 0.09375 0.05273
0 0.00977 0.97607 0.01953 0.03613
0 0.68848 0.24805 0.04688 0.03906
0 0.87256 0.93555 0.07324 0.05273
0 0.02783 0.90234 0.05566 0.02344
0 0.23096 0.32959 0.05176 0.05176
0 0.979 0.31689 0.04199 0.03418
0 0.10498 0.76904 0.06152 0.05566
0 0.02637 0.9292 0.05273 0.03223
0 0.93359 0.63623 0.06836 0.03809
0 0.92773 0.98633 0.04297 0.02344
0 0.37451 0.61035 0.09668 0.04297
0 0.98242 0.50049 0.03516 0.03613
0 0.59082 0.21387 0.05469 0.0293
0 0.88037 0.85596 0.03809 0.04395
0 0.0332 0.73877 0.06641 0.04199
0 0.7583 0.94092 0.06934 0.04199
0 0.17285 0.33252 0.05078 0.03027
0 0.16162 0.16309 0.09668 0.04102
0 0.57715 0.45947 0.0918 0.04785
0 0.51611 0.94727 0.09668 0.05273
0 0.17236 0.01562 0.1748 0.03125
0 0.44238 0.83594 0.125 0.05078
0 0.48096 0.64941 0.09668 0.07422
0 0.56055 0.38525 0.05078 0.12012
0 0.5874 0.35449 0.07129 0.04297
0 0.98291 0.68164 0.03418 0.04492
0 0.36523 0.30713 0.04883 0.03809
