0 0.19482 0.79102 0.1084 0.08398
0 0.19531 0.8877 0.07227 0.06641
0 0.80957 0.19043 0.08594 0.04297
0 0.54834 0.52637 0.09473 0.1543
0 0.12695 0.229 0.05664 0.08496
0 0.66699 0.85107 0.09961 0.05762
0 0.22607 0.28711 0.12012 0.04688
0 0.15479 0.14502 0.10254 0.0459
0 0.2373 0.22852 0.12695 0.04688
0 0.83691 0.52344 0.10352 0.04297
0 0.9209 0.53564 0.08203 0.05566
0 0.57422 0.43213 0.07812 0.17285
0 0.9165 0.7002 0.10254 0.05664
0 0.47998 0.51367 0.09473 0.04688
0 0.0542 0.48486 0.0752 0.0498
0 0.42627 0.2998 0.1709 0.04297
0 0.82471 0.45361 0.05566 0.05176
0 0.1875 0.55811 0.07422 0.04199
0 0.67432 0.91846 0.09082 0.04395
0 0.34521 0.55371 0.11035 0.0332
0 0.4082 0.74902 0.06836 0.11719
0 0.88818 0.29736 0.05957 0.03613
0 0.70264 0.57568 0.12402 0.04785
0 0.75781 0.63184 0.10547 0.02148
0 0.34863 0.88867 0.10156 0.03516
0 0.7373 0.49609 0.13477 0.0332
0 0.05029 0.43945 0.10059 0.03711
0 0.72314 0.53613 0.08105 0.01953
0 0.52344 0.02539 0.07812 0.02539
0 0.43604 0.05225 0.1084 0.04199
0 0.22754 0.48633 0.1543 0.09375
0 0.18115 0.59424 0.04004 0.06934
0 0.38818 0.67627 0.05957 0.03027
0 0.31982 0.69189 0.05176 0.03027
0 0.21533 0.95215 0.09863 0.02344
0 0.95166 0.01172 0.05371 0.02344
0 0.19092 0.01514 0.09473 0.03027
0 0.9668 0.34326 0.06055 0.03223
0 0.56934 0.65088 0.12695 0.09277
0 0.97363 0.26758 0.05273 0.04297
0 0.74463 0.92871 0.08496 0.03516
0 0.20703 0.69238 0.14844 0.03906
0 0.93701 0.59863 0.12598 0.0332
0 0.74658 0.96191 0.18457 0.04492
0 0.48389 0.58301 0.14941 0.04102
0 0.54736 0.16211 0.10449 0.04297
0 0.03418 0.98877 0.06445 0.01855
0 0.62793 0.79639 0.03906 0.07715
0 0.31348 0.6084 0.06055 0.01758
0 0.0498 0.93604 0.09766 0.03613
0 0.93018 0.57422 0.09668 0.02148
0 0.0791 0.9834 0.06836 0.0293
0 0.50879 0.90771 0.08594 0.0498
0 0.44971 0.15088 0.03809 0.0752
0 0.42627 0.52881 0.05566 0.0166
0 0.0415 0.59766 0.0791 0.02734
0 0.60498 0.03516 0.1123 0.04102
0 0.15332 0.65869 0.15039 0.12207
0 0.09766 0.03516 0.19531 0.04102
0 0.63428 0.88037 0.21973 0.07324
0 0.03955 0.34375 0.0791 0.06055
0 0.02832 0.91064 0.05664 0.03613
0 0.09717 0.58105 0.07715 0.02539
0 0.33398 0.29688 0.08008 0.03711
0 0.7041 0.59766 0.08789 0.05859
0 0.15674 0.93506 0.10254 0.03613
0 0.3457 0.97266 0.22266 0.05469
0 0.70557 0.01807 0.20215 0.03613
0 0.20312 0.66016 0.10352 0.08203
