0 0.08643 0.81299 0.08105 0.13184
0 0.01807 0.44678 0.03613 0.05371
0 0.07324 0.56934 0.05469 0.05859
0 0.13525 0.6377 0.04785 0.05273
0 0.13086 0.58545 0.08203 0.05371
0 0.1377 0.53857 0.05273 0.04395
0 0.1084 0.43652 0.05859 0.0918
0 0.02783 0.10693 0.05566 0.05566
0 0.03076 0.15869 0.06152 0.0459
0 0.02832 0.20166 0.05664 0.07129
0 0.11865 0.21777 0.09277 0.08008
0 0.18457 0.15283 0.08789 0.06543
0 0.26562 0.09082 0.10352 0.08008
0 0.35254 0.09033 0.05859 0.07129
0 0.23828 0.34033 0.05664 0.05371
0 0.25635 0.28711 0.08496 0.0625
0 0.25586 0.22168 0.05859 0.05273
0 0.35547 0.33057 0.09961 0.09863
0 0.29785 0.46191 0.10156 0.05859
0 0.29834 0.50293 0.09473 0.04492
0 0.20068 0.50928 0.06738 0.05566
0 0.27148 0.63184 0.08203 0.07617
0 0.30664 0.59668 0.06445 0.06836
0 0.36621 0.58691 0.07812 0.06055
0 0.40088 0.5083 0.05957 0.07129
0 0.17383 0.7207 0.06641 0.05469
0 0.31396 0.81689 0.08105 0.06543
0 0.42578 0.854 0.08398 0.0791
0 0.26123 0.86328 0.1416 0.0625
0 0.26709 0.89258 0.07715 0.06836
0 0.09424 0.94873 0.06348 0.0498
0 0.03369 0.88037 0.06348 0.07129
0 0.35547 0.01367 0.11914 0.02734
0 0.04102 0.97607 0.07812 0.04785
0 0.37891 0.97559 0.05273 0.04883
0 0.4873 0.97363 0.05469 0.05273
0 0.56299 0.90869 0.07715 0.05762
0 0.53369 0.84326 0.05371 0.0498
0 0.58789 0.85303 0.06641 0.05176
0 0.57666 0.79541 0.05762 0.0459
0 0.67725 0.77832 0.06543 0.07031
0 0.5708 0.646 0.08887 0.06543
0 0.64502 0.66748 0.08887 0.05957
0 0.72461 0.86475 0.11914 0.09277
0 0.76221 0.97998 0.10449 0.04004
0 0.63574 0.9707 0.07617 0.05859
0 0.93408 0.66064 0.13184 0.08105
0 0.82129 0.5376 0.10938 0.07715
0 0.86328 0.58105 0.0918 0.06055
0 0.59961 0.50781 0.16211 0.06836
0 0.4917 0.42627 0.15332 0.09277
0 0.40332 0.29492 0.04883 0.05078
0 0.48193 0.25928 0.08105 0.05762
0 0.50293 0.33643 0.06055 0.06543
0 0.58398 0.2876 0.09375 0.06738
0 0.61084 0.16895 0.09668 0.05664
0 0.49609 0.08447 0.11133 0.08496
0 0.43164 0.16113 0.05664 0.0625
0 0.69775 0.11475 0.05566 0.06934
0 0.74463 0.06494 0.06348 0.05371
0 0.74512 0.19189 0.08789 0.06152
0 0.88623 0.07812 0.13965 0.13281
0 0.87402 0.18652 0.09766 0.05859
0 0.92041 0.18311 0.15527 0.1123
0 0.73486 0.28125 0.15723 0.07422
0 0.71826 0.35352 0.08887 0.07812
0 0.84521 0.35693 0.10645 0.05176
0 0.73389 0.43311 0.08691 0.07324
0 0.88818 0.46094 0.1123 0.07812
0 0.48682 0.89355 0.04004 0.04297
0 0.33838 0.96045 0.0498 0.05371
0 0.57471 0.3833 0.06934 0.05762
0 0.60986 0.72607 0.06934 0.05957
0 0.896 0.26416 0.06348 0.09082
0 0.56689 0.05273 0.04199 0.07422
