0 0.1001 0.95459 0.06543 0.05566
0 0.02246 0.85596 0.04492 0.08887
0 0.0332 0.76758 0.06641 0.08594
0 0.01074 0.39209 0.02148 0.12988
0 0.1167 0.44678 0.06738 0.0752
0 0.03076 0.2959 0.06152 0.0625
0 0.07617 0.25146 0.07422 0.07129
0 0.11084 0.20312 0.04785 0.05664
0 0.91748 0.07031 0.1084 0.07422
0 0.84375 0.05908 0.08398 0.07715
0 0.84131 0.16553 0.08496 0.06934
0 0.70117 0.16211 0.07227 0.07422
0 0.97803 0.20996 0.04395 0.07031
0 0.97754 0.34521 0.04492 0.06543
0 0.97119 0.43408 0.05762 0.0791
0 0.96631 0.896 0.06738 0.09277
0 0.85889 0.93945 0.08105 0.05859
0 0.92529 0.91064 0.07715 0.08301
0 0.854 0.88232 0.09863 0.06348
0 0.88086 0.81592 0.08008 0.0752
0 0.40723 0.05029 0.16211 0.10059
0 0.73682 0.90332 0.06738 0.06836
0 0.76611 0.97363 0.09473 0.05273
0 0.70264 0.80273 0.1084 0.10156
0 0.63574 0.77295 0.08008 0.08105
0 0.57812 0.66748 0.07422 0.10059
0 0.79785 0.60547 0.06836 0.06445
0 0.86719 0.61377 0.06641 0.07715
0 0.7627 0.54395 0.09766 0.05664
0 0.83984 0.47656 0.07031 0.0918
0 0.80469 0.41797 0.12305 0.08789
0 0.80273 0.35547 0.06055 0.05859
0 0.74561 0.28809 0.08301 0.06836
0 0.65186 0.27588 0.09668 0.06738
0 0.64844 0.33936 0.05859 0.07715
0 0.58936 0.39014 0.12988 0.12402
0 0.48828 0.29053 0.06445 0.07715
0 0.52637 0.32324 0.07617 0.05469
0 0.4375 0.35645 0.12305 0.12109
0 0.38135 0.44141 0.05371 0.06836
0 0.44678 0.49219 0.09082 0.07422
0 0.52148 0.50195 0.08398 0.0625
0 0.57227 0.57227 0.13867 0.07812
0 0.41992 0.58936 0.0918 0.07715
0 0.42236 0.91943 0.13574 0.1123
0 0.69189 0.77197 0.0498 0.05957
0 0.50391 0.92432 0.08008 0.08105
0 0.61426 0.8999 0.07227 0.08105
0 0.47021 0.86963 0.11035 0.06934
0 0.44385 0.91504 0.07715 0.08203
0 0.32275 0.8208 0.10059 0.10449
0 0.40186 0.97803 0.13965 0.04395
0 0.25586 0.96436 0.11523 0.07129
0 0.71729 0.01611 0.12793 0.03223
0 0.50635 0.06006 0.08301 0.08301
0 0.30957 0.01855 0.09961 0.03711
0 0.61182 0.20215 0.06934 0.09961
0 0.82861 0.11328 0.1123 0.06641
0 0.05322 0.98828 0.03809 0.02344
0 0.02783 0.98145 0.05566 0.03711
0 0.57031 0.9458 0.0957 0.1084
0 0.55811 0.86328 0.10645 0.14648
0 0.74756 0.79541 0.05762 0.07324
0 0.7959 0.80811 0.06055 0.0752
0 0.64746 0.92969 0.05469 0.04883
0 0.64844 0.01562 0.04883 0.03125
