0 0.05811 0.95508 0.06348 0.07031
0 0.1792 0.94043 0.06543 0.06055
0 0.25781 0.94092 0.07617 0.09277
0 0.33008 0.86621 0.0625 0.06445
0 0.354 0.91992 0.05957 0.05469
0 0.43555 0.82764 0.08008 0.06934
0 0.52979 0.92676 0.08301 0.07422
0 0.64355 0.85938 0.0625 0.06055
0 0.70947 0.88232 0.0752 0.07324
0 0.71777 0.92773 0.03125 0.0332
0 0.91553 0.95312 0.04395 0.06836
0 0.88965 0.87939 0.08008 0.09473
0 0.86328 0.81445 0.09375 0.05273
0 0.85986 0.84961 0.0791 0.06445
0 0.69531 0.76025 0.05469 0.06543
0 0.77344 0.68555 0.06445 0.08789
0 0.87842 0.68311 0.05176 0.05371
0 0.78467 0.60205 0.0752 0.06152
0 0.83203 0.61572 0.04492 0.08301
0 0.91504 0.58057 0.04883 0.09473
0 0.96924 0.54932 0.06152 0.06543
0 0.43164 0.60889 0.0625 0.06738
0 0.28613 0.59814 0.07422 0.12598
0 0.12744 0.7998 0.08691 0.05273
0 0.17285 0.83301 0.06055 0.06641
0 0.05225 0.81299 0.08105 0.0791
0 0.09814 0.45117 0.05176 0.0625
0 0.13916 0.33643 0.07324 0.0791
0 0.17432 0.31934 0.1123 0.10156
0 0.27783 0.24658 0.08301 0.10449
0 0.16455 0.12402 0.05762 0.13281
0 0.11719 0.05615 0.08984 0.07324
0 0.31543 0.03857 0.0625 0.06543
0 0.3833 0.03369 0.05957 0.06543
0 0.55908 0.0625 0.06934 0.05859
0 0.56787 0.1748 0.07324 0.08594
0 0.51855 0.31689 0.0918 0.11035
0 0.41699 0.3125 0.06836 0.07227
0 0.37793 0.3457 0.08594 0.05859
0 0.37256 0.40576 0.0791 0.05371
0 0.25732 0.43701 0.05762 0.04785
0 0.64062 0.49365 0.09961 0.06934
0 0.61914 0.39307 0.06641 0.07324
0 0.6748 0.36963 0.05273 0.09863
0 0.63818 0.34668 0.0752 0.10156
0 0.63184 0.29248 0.04492 0.05762
0 0.86621 0.40381 0.07031 0.06934
0 0.80469 0.41943 0.05859 0.06348
0 0.85059 0.43555 0.04883 0.06055
0 0.8999 0.25098 0.05371 0.06055
0 0.84668 0.2251 0.06055 0.07129
0 0.76221 0.06836 0.06152 0.08398
0 0.82568 0.09619 0.05762 0.04785
0 0.73047 0.1123 0.09961 0.08594
0 0.57373 0.03662 0.06543 0.03027
0 0.5249 0.03027 0.0498 0.06055
0 0.44287 0.02002 0.06543 0.04004
0 0.02148 0.04199 0.04297 0.06445
0 0.03711 0.29834 0.04688 0.0498
0 0.63184 0.44336 0.06836 0.04883
0 0.02197 0.96973 0.04199 0.04883
0 0.6875 0.93604 0.04883 0.04785
0 0.79834 0.99268 0.04785 0.01465
0 0.95166 0.98926 0.04395 0.01953
0 0.72998 0.77295 0.04004 0.0459
0 0.85352 0.01172 0.06445 0.02344
