0 0.46973 0.31934 0.05859 0.11719
0 0.12305 0.08154 0.0918 0.07129
0 0.81055 0.56152 0.07617 0.06445
0 0.57422 0.52686 0.10742 0.04395
0 0.26367 0.31885 0.09375 0.0791
0 0.11768 0.39697 0.08105 0.06934
0 0.62744 0.479 0.06348 0.08887
0 0.54834 0.68604 0.10645 0.07129
0 0.45508 0.42725 0.09961 0.06543
0 0.13721 0.04883 0.14355 0.09766
0 0.52783 0.76416 0.06543 0.05762
0 0.96582 0.43115 0.06836 0.11035
0 0.25781 0.5459 0.125 0.06641
0 0.40723 0.54346 0.0957 0.03418
0 0.66943 0.91162 0.13574 0.06348
0 0.35303 0.22119 0.08105 0.05762
0 0.6958 0.27637 0.12793 0.08984
0 0.06641 0.97852 0.06641 0.04297
0 0.74609 0.40674 0.10156 0.0498
0 0.72363 0.34375 0.08594 0.08398
0 0.66455 0.75098 0.05371 0.05664
0 0.8833 0.82959 0.0791 0.05371
0 0.56885 0.36328 0.13574 0.05664
0 0.75732 0.75635 0.13184 0.07324
0 0.35303 0.78564 0.11426 0.09473
0 0.95459 0.73633 0.09082 0.08984
0 0.26562 0.1626 0.14844 0.04199
0 0.23584 0.01904 0.06348 0.03809
0 0.79736 0.47412 0.12402 0.09082
0 0.20703 0.67236 0.12109 0.12207
0 0.93945 0.01758 0.04102 0.03516
0 0.44141 0.9126 0.13281 0.04004
0 0.20361 0.98486 0.13965 0.02832
0 0.04541 0.05908 0.08887 0.06934
0 0.56885 0.44775 0.06934 0.04785
0 0.89307 0.50732 0.06543 0.04785
0 0.03271 0.83154 0.06543 0.03809
0 0.70117 0.98535 0.06445 0.02734
0 0.04443 0.51953 0.08691 0.02344
0 0.14258 0.54346 0.10156 0.03223
0 0.04639 0.49707 0.09277 0.04297
0 0.8584 0.44727 0.13477 0.03906
0 0.93945 0.56104 0.10352 0.05176
0 0.63281 0.79785 0.04883 0.04492
0 0.15967 0.5835 0.1123 0.0498
0 0.57129 0.4917 0.06641 0.02441
0 0.2417 0.7583 0.11621 0.05566
0 0.64697 0.94971 0.16895 0.04004
0 0.21338 0.69092 0.16699 0.06152
0 0.05322 0.62061 0.10645 0.04395
0 0.16406 0.49658 0.10938 0.05176
0 0.89062 0.77637 0.11914 0.03711
0 0.88428 0.46484 0.03613 0.0332
