0 0.14453 0.78662 0.10547 0.13965
0 0.39795 0.66357 0.14746 0.1123
0 0.5957 0.75439 0.09766 0.08691
0 0.7998 0.69189 0.11523 0.12012
0 0.04102 0.80908 0.08203 0.09473
0 0.40918 0.79883 0.12695 0.09961
0 0.54834 0.63574 0.11816 0.12695
0 0.71191 0.58838 0.08984 0.08301
0 0.29004 0.11426 0.0918 0.11914
0 0.77441 0.39453 0.09961 0.0957
0 0.18945 0.06348 0.09961 0.12305
0 0.63477 0.40967 0.0918 0.08301
0 0.19238 0.62646 0.06445 0.09277
0 0.03369 0.54688 0.06738 0.07227
0 0.67676 0.50439 0.125 0.08496
0 0.67236 0.05859 0.10645 0.11328
0 0.94238 0.49219 0.11523 0.11523
0 0.82275 0.90234 0.09473 0.08789
0 0.94482 0.10352 0.11035 0.14258
0 0.75195 0.20215 0.125 0.15039
0 0.73828 0.27734 0.09766 0.08984
0 0.021 0.0459 0.04199 0.08789
0 0.63672 0.49365 0.05469 0.05762
0 0.77832 0.60547 0.08594 0.0957
0 0.43701 0.38867 0.08691 0.09375
0 0.88916 0.3584 0.07715 0.08398
