0 0.0332 0.39697 0.06641 0.0791
0 0.02686 0.32227 0.05371 0.09766
0 0.09375 0.25684 0.13086 0.11914
0 0.29297 0.32422 0.09961 0.13867
0 0.22949 0.2124 0.11133 0.07715
0 0.10449 0.07764 0.08789 0.09863
0 0.16943 0.1377 0.09863 0.08789
0 0.3125 0.05664 0.08398 0.06055
0 0.11133 0.95264 0.06055 0.06738
0 0.1792 0.90625 0.04785 0.06055
0 0.3125 0.95752 0.08398 0.05371
0 0.15527 0.97705 0.0625 0.0459
0 0.6875 0.78076 0.07812 0.09473
0 0.58691 0.78076 0.06641 0.08691
0 0.49902 0.7002 0.06641 0.10742
0 0.45703 0.76416 0.05469 0.14355
0 0.59766 0.69141 0.0957 0.06836
0 0.93848 0.80029 0.08008 0.1123
0 0.7627 0.5835 0.08594 0.0752
0 0.6748 0.62842 0.07422 0.04395
0 0.82617 0.69482 0.0918 0.0498
0 0.85107 0.64307 0.08496 0.04395
0 0.97217 0.57031 0.05566 0.05664
0 0.96191 0.49365 0.07617 0.05566
0 0.9624 0.38818 0.06934 0.0752
0 0.87744 0.33887 0.10059 0.07422
0 0.72021 0.4541 0.06152 0.09766
0 0.55957 0.53613 0.07617 0.05859
0 0.55566 0.58301 0.09766 0.06445
0 0.65283 0.61279 0.1084 0.06543
0 0.38623 0.54346 0.05957 0.0791
0 0.28516 0.49902 0.08008 0.05078
0 0.29248 0.4375 0.08301 0.04883
0 0.43945 0.4834 0.07031 0.07031
0 0.47168 0.42432 0.07031 0.06348
0 0.5874 0.45361 0.16113 0.06152
0 0.62793 0.51025 0.05859 0.05762
0 0.53174 0.33252 0.06934 0.05762
0 0.42578 0.27686 0.07227 0.09668
0 0.45654 0.34082 0.04004 0.04688
0 0.3584 0.21094 0.04102 0.05273
0 0.46289 0.14893 0.08008 0.0498
0 0.51904 0.22314 0.07715 0.09863
0 0.58838 0.24609 0.05371 0.07812
0 0.67627 0.23145 0.10645 0.05664
0 0.771 0.28418 0.08496 0.1582
0 0.89404 0.23486 0.11035 0.05371
0 0.87061 0.18164 0.05371 0.06445
0 0.59961 0.02832 0.14844 0.05664
0 0.66943 0.04639 0.09473 0.08887
0 0.74512 0.09814 0.07617 0.07129
0 0.66797 0.1665 0.07422 0.06934
0 0.57275 0.08301 0.09277 0.06641
0 0.57422 0.13965 0.11133 0.05469
0 0.01709 0.04736 0.03418 0.06738
0 0.4375 0.021 0.05273 0.04199
0 0.08887 0.54199 0.05273 0.07617
0 0.12598 0.51953 0.06055 0.05469
0 0.14453 0.56348 0.0625 0.05469
