0 0.99023 0.18066 0.01953 0.08594
0 0.71826 0.1709 0.06348 0.10742
0 0.47021 0.2041 0.07129 0.08203
0 0.93896 0.97217 0.11816 0.05566
0 0.88574 0.39111 0.0625 0.06934
0 0.41455 0.3833 0.05762 0.09473
0 0.63672 0.88672 0.08594 0.0625
0 0.3208 0.70947 0.06152 0.07129
0 0.53271 0.19189 0.06934 0.08105
0 0.18799 0.60352 0.10254 0.05664
0 0.12744 0.22168 0.10449 0.14258
0 0.59424 0.21143 0.10059 0.09277
0 0.64551 0.78711 0.08984 0.04102
0 0.90479 0.21094 0.06152 0.06836
0 0.43848 0.04443 0.07227 0.05176
0 0.62207 0.9502 0.09375 0.08984
0 0.49707 0.96729 0.05859 0.06152
0 0.03809 0.79346 0.07227 0.06543
0 0.64404 0.49707 0.09473 0.04492
0 0.52832 0.25342 0.04688 0.08105
0 0.83154 0.96875 0.0752 0.0625
0 0.5498 0.06348 0.08008 0.05078
0 0.50977 0.57129 0.07031 0.05859
0 0.75391 0.73926 0.0957 0.04492
0 0.89209 0.86133 0.08105 0.04688
0 0.96729 0.66797 0.06543 0.0332
0 0.45801 0.48633 0.04492 0.06445
0 0.77588 0.56982 0.11621 0.06152
0 0.59277 0.05176 0.07422 0.05078
0 0.38086 0.58643 0.07227 0.06543
0 0.03027 0.01562 0.05859 0.03125
0 0.28613 0.9541 0.07812 0.05078
0 0.9917 0.88281 0.0166 0.06055
0 0.78174 0.35742 0.06543 0.05273
0 0.52441 0.32861 0.0625 0.05371
0 0.02686 0.91748 0.05371 0.03613
0 0.03027 0.07324 0.05859 0.04102
0 0.14648 0.27832 0.09961 0.03906
0 0.86279 0.07715 0.0498 0.07617
0 0.41943 0.64209 0.07129 0.05371
0 0.85254 0.91016 0.07617 0.04492
0 0.71436 0.62158 0.06348 0.07129
0 0.42041 0.53955 0.09473 0.0752
0 0.76025 0.06006 0.05176 0.06738
0 0.73926 0.91211 0.08789 0.03906
0 0.74951 0.01904 0.04199 0.03809
0 0.70312 0.25928 0.06836 0.06934
0 0.479 0.35205 0.05957 0.02832
0 0.14355 0.83838 0.08594 0.03418
0 0.15332 0.74219 0.07617 0.04883
0 0.03857 0.98682 0.07324 0.02246
0 0.18896 0.93213 0.0752 0.02832
0 0.11572 0.64746 0.08496 0.0293
0 0.34717 0.8418 0.07324 0.05469
0 0.67529 0.01367 0.04395 0.02734
0 0.49414 0.69629 0.06445 0.03906
0 0.75 0.87451 0.05273 0.04785
0 0.3999 0.54688 0.08105 0.07812
0 0.33154 0.25488 0.07129 0.05664
0 0.27979 0.92578 0.06934 0.0332
0 0.90381 0.74609 0.09082 0.03125
0 0.62646 0.8457 0.06934 0.04688
0 0.12451 0.85986 0.13184 0.11816
0 0.91016 0.01221 0.05859 0.02441
0 0.26221 0.02197 0.05371 0.04395
0 0.95166 0.8291 0.0459 0.05469
0 0.66504 0.65967 0.06641 0.05371
0 0.24902 0.86377 0.125 0.05566
0 0.875 0.26416 0.06836 0.0459
0 0.11719 0.69775 0.10938 0.05176
0 0.40625 0.86963 0.07227 0.0498
0 0.44629 0.93213 0.06445 0.08105
0 0.26953 0.63525 0.07031 0.05371
0 0.0874 0.89697 0.09668 0.0166
0 0.4458 0.01465 0.04004 0.0293
0 0.55713 0.01562 0.04785 0.03125
0 0.42139 0.65527 0.07324 0.05078
0 0.07861 0.64844 0.05176 0.05078
0 0.01709 0.67969 0.03223 0.04492
0 0.91992 0.57666 0.05859 0.0166
0 0.87939 0.65967 0.05371 0.04785
0 0.70215 0.84863 0.05078 0.04297
0 0.7876 0.98926 0.0459 0.01758
0 0.84766 0.25244 0.07812 0.0752
0 0.81396 0.85254 0.07129 0.04883
