0 0.89844 0.6084 0.0625 0.0918
0 0.05957 0.95557 0.11914 0.08887
0 0.64453 0.20264 0.08008 0.06543
0 0.76807 0.18066 0.06934 0.08008
0 0.99023 0.2998 0.01953 0.08984
0 0.76367 0.45557 0.07812 0.09473
0 0.60596 0.14697 0.09277 0.09082
0 0.20605 0.02051 0.07031 0.04102
0 0.9751 0.43213 0.0498 0.09668
0 0.17822 0.56689 0.12402 0.12012
0 0.83301 0.72461 0.06445 0.10156
0 0.38232 0.59326 0.15723 0.1084
0 0.26123 0.77539 0.08496 0.0957
0 0.854 0.10059 0.15137 0.18555
0 0.04883 0.90186 0.09766 0.07715
0 0.16211 0.92822 0.0625 0.10645
0 0.85498 0.98535 0.07715 0.0293
0 0.97314 0.875 0.05371 0.13281
0 0.92188 0.9624 0.05664 0.0752
0 0.88037 0.8208 0.08301 0.07715
0 0.8501 0.90186 0.05762 0.10059
0 0.90137 0.729 0.06445 0.05176
0 0.97656 0.66553 0.04688 0.08496
0 0.98047 0.61035 0.03906 0.06641
0 0.89258 0.48877 0.07617 0.05957
0 0.76855 0.38721 0.08984 0.08301
0 0.86328 0.4043 0.05859 0.05664
0 0.74658 0.58154 0.06934 0.0498
0 0.02832 0.67236 0.05664 0.06152
0 0.01904 0.72656 0.03809 0.04688
0 0.02832 0.58594 0.05664 0.05469
0 0.02539 0.60498 0.05078 0.0459
0 0.896 0.23486 0.05371 0.09277
0 0.81738 0.22852 0.08008 0.06641
0 0.91504 0.0874 0.08008 0.1748
0 0.96924 0.18555 0.06152 0.10156
0 0.26514 0.45068 0.10645 0.04785
