0 0.65527 0.0791 0.08398 0.1582
0 0.18799 0.84033 0.10059 0.12402
0 0.87354 0.81055 0.05176 0.12695
0 0.75439 0.54102 0.08691 0.11328
0 0.10547 0.55371 0.13672 0.06445
0 0.50195 0.95312 0.11328 0.0625
0 0.94092 0.13184 0.05566 0.08398
0 0.63867 0.48047 0.11914 0.06836
0 0.79004 0.42822 0.07227 0.13379
0 0.64307 0.96875 0.11035 0.05664
0 0.82666 0.21631 0.10449 0.06934
0 0.3877 0.20752 0.06445 0.04199
0 0.26562 0.6582 0.06055 0.05859
0 0.86963 0.06299 0.05762 0.12598
0 0.03418 0.71484 0.05859 0.07617
0 0.41943 0.88721 0.10059 0.0791
0 0.04248 0.9292 0.08496 0.05176
0 0.97168 0.56738 0.05664 0.04492
0 0.46973 0.64697 0.07031 0.04199
0 0.25684 0.95801 0.08398 0.05664
0 0.23535 0.55029 0.07227 0.07129
0 0.49512 0.51758 0.13477 0.14258
0 0.61768 0.83496 0.09277 0.04492
0 0.68457 0.37939 0.08008 0.06152
0 0.47656 0.49707 0.08008 0.05859
0 0.81445 0.65674 0.06445 0.0498
0 0.66797 0.72412 0.0293 0.0752
0 0.63135 0.72314 0.06348 0.12793
0 0.17383 0.61816 0.06641 0.07617
0 0.03027 0.10742 0.05469 0.04883
0 0.02588 0.90576 0.05176 0.03613
0 0.76855 0.93018 0.08398 0.0459
0 0.54297 0.87744 0.14062 0.06348
0 0.34619 0.5835 0.16113 0.05566
0 0.40234 0.50342 0.08203 0.12012
0 0.32812 0.45264 0.0957 0.05176
0 0.16113 0.89355 0.04688 0.03125
0 0.62305 0.41748 0.06055 0.08105
0 0.34131 0.9209 0.08691 0.05273
0 0.72021 0.82178 0.06738 0.06934
0 0.12305 0.93359 0.03906 0.05664
0 0.01709 0.97461 0.03418 0.04688
0 0.59131 0.56982 0.05566 0.04199
0 0.0918 0.88037 0.06055 0.07324
0 0.46191 0.19141 0.06641 0.06641
0 0.59326 0.62988 0.10254 0.0625
0 0.28369 0.61914 0.1416 0.05859
0 0.79199 0.40869 0.11328 0.0498
0 0.68066 0.45703 0.06445 0.05859
0 0.69531 0.55078 0.10547 0.06445
0 0.54395 0.8335 0.05469 0.05762
0 0.95117 0.59326 0.04883 0.04199
