0 0.35107 0.02393 0.0791 0.04785
0 0.06934 0.4043 0.06641 0.07031
0 0.14209 0.40088 0.11621 0.08691
0 0.04346 0.61084 0.08301 0.14355
0 0.04053 0.84473 0.08105 0.14844
0 0.04785 0.95654 0.0625 0.07129
0 0.23096 0.97119 0.14941 0.05176
0 0.3042 0.86084 0.1123 0.06152
0 0.375 0.94971 0.08008 0.10059
0 0.42627 0.77686 0.12988 0.09473
0 0.62158 0.76221 0.10059 0.08496
0 0.57812 0.71289 0.06836 0.08203
0 0.41748 0.64111 0.07715 0.0752
0 0.54395 0.62354 0.08203 0.16699
0 0.62402 0.6333 0.08008 0.16504
0 0.29297 0.54736 0.07422 0.21191
0 0.37402 0.58203 0.07617 0.06055
0 0.40186 0.52783 0.10059 0.07324
0 0.36914 0.46387 0.05469 0.05859
0 0.34668 0.38135 0.07031 0.08496
0 0.28711 0.43018 0.09961 0.06543
0 0.57812 0.37695 0.06641 0.05859
0 0.42871 0.18213 0.06055 0.08301
0 0.50879 0.14795 0.05664 0.0791
0 0.56152 0.16113 0.08203 0.11328
0 0.6709 0.16357 0.11523 0.07715
0 0.76953 0.07861 0.07422 0.05371
0 0.96143 0.15088 0.07715 0.11035
0 0.91748 0.90576 0.15918 0.07129
0 0.979 0.85498 0.04199 0.07324
0 0.83936 0.49316 0.10645 0.07031
0 0.9292 0.54199 0.1416 0.08594
0 0.97559 0.45459 0.04883 0.09082
0 0.87256 0.39697 0.06934 0.10254
0 0.93115 0.375 0.06543 0.07227
0 0.79932 0.35156 0.0752 0.09375
0 0.96338 0.75879 0.07324 0.08594
0 0.82812 0.625 0.06055 0.07422
0 0.38232 0.97412 0.11816 0.05176
0 0.02051 0.021 0.04102 0.03809
0 0.19336 0.07959 0.11523 0.07129
0 0.77588 0.01709 0.06152 0.03418
0 0.32764 0.51172 0.18457 0.11523
0 0.63379 0.56055 0.06836 0.05469
0 0.52686 0.53174 0.06934 0.06152
0 0.62158 0.2749 0.04395 0.04785
0 0.9209 0.01465 0.03125 0.0293
