0 0.89795 0.68799 0.07324 0.0791
0 0.646 0.79541 0.0752 0.09277
0 0.71533 0.53076 0.08496 0.08105
0 0.33887 0.53027 0.07617 0.06055
0 0.43311 0.88818 0.08496 0.0752
0 0.24609 0.29932 0.08008 0.06152
0 0.49658 0.07227 0.11426 0.07617
0 0.75049 0.73975 0.06934 0.05566
0 0.38623 0.33008 0.10449 0.06641
0 0.45312 0.75146 0.0957 0.05566
0 0.97119 0.24268 0.05762 0.06543
0 0.15039 0.74951 0.07422 0.05762
0 0.0542 0.43213 0.09863 0.04199
0 0.56006 0.79541 0.11621 0.0752
0 0.50244 0.3252 0.07324 0.05078
0 0.31641 0.15137 0.07617 0.05078
0 0.63672 0.22021 0.06641 0.05957
0 0.20654 0.56152 0.03613 0.06836
0 0.71875 0.06445 0.03125 0.08398
0 0.68945 0.88037 0.13672 0.03613
0 0.61426 0.73877 0.06641 0.05957
0 0.04688 0.86865 0.09375 0.03418
0 0.54785 0.51562 0.0625 0.06641
0 0.22852 0.76367 0.07227 0.05859
0 0.47803 0.60498 0.09277 0.02637
0 0.0166 0.69727 0.0332 0.0293
0 0.60889 0.05273 0.0459 0.05664
0 0.95068 0.63428 0.05762 0.0459
0 0.75 0.7998 0.06641 0.0293
0 0.24561 0.58545 0.02832 0.07324
0 0.80078 0.88086 0.06641 0.04297
0 0.16357 0.86621 0.08496 0.0293
0 0.95068 0.09375 0.0498 0.0332
0 0.0249 0.44629 0.0498 0.13086
0 0.5249 0.22803 0.06348 0.04395
0 0.07178 0.65723 0.10645 0.04102
0 0.76611 0.9624 0.03418 0.05566
0 0.42529 0.52979 0.05957 0.06543
0 0.97363 0.01318 0.05273 0.02246
0 0.47363 0.56592 0.04883 0.06152
0 0.43604 0.6416 0.09473 0.02734
0 0.08594 0.19629 0.11133 0.05078
0 0.49609 0.49414 0.02734 0.08594
0 0.46191 0.41943 0.05078 0.03809
0 0.5708 0.64697 0.09473 0.04395
0 0.08447 0.46777 0.06934 0.02148
0 0.13916 0.80762 0.06348 0.0293
0 0.27783 0.2793 0.05762 0.03516
0 0.01221 0.33105 0.02441 0.01758
0 0.02881 0.12793 0.0459 0.0293
0 0.69971 0.01367 0.04785 0.02539
0 0.32373 0.84375 0.04395 0.03516
0 0.66211 0.64893 0.07031 0.04004
0 0.07715 0.76025 0.09375 0.02832
0 0.49561 0.28418 0.0459 0.0625
0 0.73291 0.7627 0.04199 0.03125
0 0.41016 0.92822 0.05273 0.02246
0 0.18115 0.58887 0.07324 0.02734
0 0.72119 0.95068 0.05176 0.02246
0 0.04102 0.23779 0.03711 0.03027
0 0.96924 0.62988 0.06152 0.03516
