0 0.6665 0.18066 0.13184 0.07617
0 0.76611 0.24951 0.09277 0.06934
0 0.96338 0.21387 0.07324 0.0625
0 0.79785 0.04346 0.08789 0.07324
0 0.96191 0.11914 0.07617 0.05859
0 0.24023 0.02197 0.08594 0.04395
0 0.47021 0.05615 0.07324 0.08496
0 0.5708 0.11133 0.06738 0.07617
0 0.50391 0.1167 0.04492 0.07129
0 0.34814 0.08154 0.09863 0.06738
0 0.26318 0.13281 0.06934 0.07617
0 0.06299 0.06738 0.12598 0.07617
0 0.14746 0.4707 0.12109 0.06445
0 0.45752 0.33154 0.10449 0.0791
0 0.56787 0.26611 0.08691 0.06738
0 0.57959 0.43555 0.06543 0.09961
0 0.7002 0.47949 0.08203 0.05273
0 0.83594 0.59814 0.13086 0.08887
0 0.97998 0.56836 0.04004 0.08594
0 0.92871 0.67822 0.08984 0.05957
0 0.91748 0.77637 0.05566 0.07227
0 0.75488 0.7373 0.07812 0.10938
0 0.84082 0.77148 0.05273 0.07812
0 0.60889 0.71777 0.08105 0.08008
0 0.50439 0.87695 0.10449 0.19141
0 0.68506 0.82129 0.07324 0.13281
0 0.45654 0.69141 0.06934 0.05664
0 0.39453 0.62061 0.05469 0.07324
0 0.42773 0.53662 0.08398 0.05762
0 0.30566 0.55908 0.06641 0.09082
0 0.22705 0.63037 0.07324 0.06152
0 0.31299 0.6333 0.05957 0.06348
0 0.0376 0.55176 0.06934 0.06836
0 0.03027 0.61572 0.06055 0.05371
0 0.14844 0.77881 0.06836 0.10059
0 0.25684 0.79883 0.06445 0.08203
0 0.35205 0.73047 0.08301 0.07617
0 0.08496 0.91748 0.12891 0.11426
0 0.05273 0.80664 0.08398 0.07227
0 0.61035 0.22021 0.10742 0.06152
0 0.46924 0.39404 0.0791 0.04395
0 0.60059 0.46826 0.05664 0.0752
0 0.47461 0.75342 0.05469 0.0498
0 0.41895 0.97021 0.05664 0.05957
0 0.66602 0.8916 0.05859 0.10156
0 0.09863 0.60254 0.09766 0.06445
0 0.62158 0.30322 0.09668 0.0498
0 0.28857 0.10107 0.09082 0.1123
0 0.76172 0.59082 0.05469 0.04102
0 0.01758 0.70752 0.03516 0.05176
0 0.38574 0.57178 0.04297 0.03223
