0 0.35156 0.08447 0.07227 0.10059
0 0.56006 0.0874 0.06348 0.11621
0 0.73096 0.41553 0.05762 0.11426
0 0.25635 0.69678 0.0791 0.09863
0 0.5625 0.77148 0.06641 0.06641
0 0.04297 0.83887 0.07422 0.08008
0 0.60596 0.96289 0.08496 0.07422
0 0.89209 0.80811 0.0459 0.10645
0 0.22607 0.40967 0.0752 0.08105
0 0.00928 0.24561 0.01855 0.10059
0 0.75049 0.85547 0.07715 0.08789
0 0.05225 0.39062 0.03809 0.09375
0 0.5918 0.39258 0.07227 0.08789
0 0.68555 0.73242 0.05469 0.0957
0 0.19727 0.77734 0.05859 0.07031
0 0.36475 0.53125 0.03809 0.0957
0 0.50537 0.31689 0.07129 0.05371
0 0.61035 0.47217 0.05469 0.0791
0 0.4502 0.4624 0.04492 0.07715
0 0.89404 0.1792 0.04199 0.08691
0 0.52148 0.95605 0.11328 0.08789
0 0.75879 0.73389 0.03711 0.08496
0 0.32031 0.39014 0.09766 0.09668
0 0.19629 0.0752 0.03711 0.07422
0 0.08643 0.38672 0.03613 0.09961
0 0.95215 0.72607 0.04883 0.11035
0 0.62744 0.61963 0.04199 0.09668
0 0.06641 0.02832 0.04688 0.05664
0 0.37402 0.20898 0.05469 0.13281
0 0.61328 0.28467 0.04297 0.08105
0 0.9292 0.44092 0.10059 0.06738
0 0.49609 0.11475 0.04102 0.12207
0 0.38818 0.45068 0.04785 0.09668
0 0.71289 0.15039 0.04492 0.08008
0 0.48242 0.83301 0.05469 0.06445
0 0.47852 0.03516 0.03516 0.07031
0 0.98242 0.08203 0.03516 0.07422
0 0.70166 0.88623 0.03613 0.06934
0 0.57715 0.04199 0.04688 0.08398
0 0.11865 0.25977 0.14551 0.16602
0 0.97363 0.59814 0.04883 0.06738
0 0.86328 0.04102 0.04102 0.08203
0 0.86084 0.10547 0.03809 0.09375
0 0.93701 0.52002 0.04199 0.08301
0 0.17334 0.89209 0.07129 0.06152
0 0.74414 0.24512 0.0332 0.08203
0 0.54736 0.38086 0.04199 0.06055
0 0.18604 0.5874 0.05371 0.05957
0 0.16406 0.53662 0.06055 0.06152
0 0.97949 0.6626 0.03711 0.09668
0 0.45654 0.91699 0.08105 0.05273
0 0.54736 0.97852 0.03027 0.04297
0 0.43506 0.83496 0.04395 0.05469
0 0.84375 0.34033 0.08008 0.15918
0 0.56445 0.59424 0.04883 0.05371
0 0.06982 0.62988 0.06738 0.18164
0 0.08301 0.67383 0.07812 0.10156
0 0.83984 0.92969 0.04883 0.08984
0 0.99072 0.75488 0.01855 0.11328
