0 0.34424 0.53076 0.12988 0.08691
0 0.39453 0.20264 0.12305 0.11035
0 0.40088 0.6709 0.09668 0.08203
0 0.32959 0.42334 0.08301 0.05566
0 0.2959 0.60449 0.0918 0.07422
0 0.20557 0.08496 0.08105 0.11719
0 0.32617 0.979 0.10742 0.04199
0 0.4751 0.06641 0.08887 0.07617
0 0.95312 0.75732 0.08008 0.05566
0 0.24609 0.47803 0.07422 0.06152
0 0.81055 0.61426 0.07812 0.06445
0 0.06201 0.62988 0.06934 0.06055
0 0.29639 0.02637 0.05762 0.05273
0 0.33252 0.03076 0.06934 0.05762
0 0.97363 0.23584 0.05273 0.06738
0 0.9707 0.30615 0.05273 0.05762
0 0.58496 0.36621 0.08789 0.07227
0 0.0376 0.9165 0.06738 0.09473
0 0.18213 0.40332 0.05566 0.08203
