0 0.8335 0.18945 0.08496 0.08203
0 0.81348 0.06689 0.06836 0.04785
0 0.69287 0.10352 0.05957 0.0625
0 0.73877 0.13965 0.06934 0.07031
0 0.75049 0.22705 0.05176 0.05566
0 0.82764 0.29883 0.06738 0.05859
0 0.57617 0.07422 0.10156 0.07812
0 0.48145 0.02539 0.05664 0.05078
0 0.32373 0.05371 0.08105 0.10156
0 0.48291 0.22461 0.07715 0.08398
0 0.1167 0.06201 0.12988 0.0791
0 0.03613 0.02734 0.07227 0.05469
0 0.03809 0.20361 0.07617 0.07129
0 0.09619 0.48535 0.06348 0.08789
0 0.20117 0.45264 0.08398 0.09863
0 0.12207 0.57764 0.08398 0.08301
0 0.36816 0.57568 0.07422 0.08887
0 0.45312 0.53174 0.08789 0.05957
0 0.61816 0.47998 0.08984 0.0752
0 0.74316 0.44434 0.05859 0.05078
0 0.92676 0.52393 0.07227 0.07715
0 0.89941 0.62988 0.05859 0.05469
0 0.97412 0.67871 0.05176 0.07227
0 0.97461 0.86719 0.04492 0.09375
0 0.90088 0.79395 0.06738 0.05078
0 0.7959 0.77539 0.07227 0.07812
0 0.60938 0.6626 0.05273 0.06543
0 0.64844 0.65674 0.06445 0.05762
0 0.67969 0.75146 0.09766 0.06543
0 0.63184 0.87207 0.08789 0.06445
0 0.63574 0.9502 0.06836 0.05664
0 0.56494 0.94141 0.08887 0.05078
0 0.29834 0.98047 0.08301 0.03906
0 0.48779 0.90088 0.07715 0.09473
0 0.45947 0.77637 0.08691 0.06641
0 0.52051 0.72412 0.08398 0.07129
0 0.18213 0.65479 0.07324 0.0752
0 0.07275 0.67529 0.07129 0.05762
0 0.07959 0.81934 0.0791 0.06836
0 0.29785 0.84961 0.0625 0.06641
0 0.88477 0.57617 0.04492 0.04688
