0 0.86523 0.46191 0.06445 0.08984
0 0.13135 0.44971 0.06543 0.10449
0 0.62207 0.12549 0.08594 0.11816
0 0.93066 0.04102 0.06836 0.08203
0 0.57812 0.56348 0.12695 0.0957
0 0.74805 0.73828 0.09766 0.08203
0 0.3291 0.21631 0.07227 0.06543
0 0.49756 0.16846 0.07129 0.07324
0 0.19873 0.78906 0.1123 0.0625
0 0.09229 0.11523 0.09863 0.0957
0 0.16064 0.05811 0.08691 0.11621
0 0.47949 0.32666 0.08789 0.04395
0 0.32861 0.13379 0.05371 0.07031
0 0.31006 0.89502 0.12207 0.07129
0 0.37549 0.59033 0.0752 0.05957
0 0.36572 0.55225 0.09277 0.0498
0 0.41602 0.45117 0.13672 0.13281
0 0.20947 0.49658 0.11621 0.06152
0 0.48486 0.20996 0.09863 0.06445
0 0.36035 0.08398 0.05469 0.09766
0 0.18604 0.24756 0.07715 0.06152
0 0.59619 0.44678 0.0752 0.08887
0 0.23389 0.62012 0.15918 0.05273
0 0.56689 0.46973 0.05957 0.07031
0 0.29004 0.0459 0.0957 0.07227
0 0.9126 0.10156 0.07715 0.10547
0 0.5874 0.89062 0.1123 0.06055
0 0.18945 0.56201 0.05664 0.07715
0 0.03662 0.45264 0.07324 0.04785
0 0.33789 0.98193 0.06641 0.03223
0 0.52295 0.13428 0.04199 0.07129
0 0.74512 0.1958 0.07617 0.06152
0 0.6748 0.83398 0.06055 0.05078
0 0.42432 0.87451 0.0498 0.03223
0 0.4248 0.24268 0.08594 0.04395
0 0.84521 0.53369 0.05762 0.07324
0 0.70557 0.90088 0.07129 0.05957
0 0.09766 0.5332 0.09961 0.04688
0 0.97656 0.50049 0.04688 0.07715
0 0.07471 0.4082 0.05176 0.05273
0 0.48633 0.57324 0.06445 0.0293
0 0.04688 0.86475 0.05273 0.04199
0 0.72021 0.45117 0.0498 0.05859
0 0.37158 0.44971 0.07715 0.03613
0 0.6416 0.85254 0.06055 0.04492
0 0.29883 0.53711 0.05469 0.04492
0 0.83887 0.02734 0.05469 0.05273
0 0.3291 0.78613 0.05469 0.03516
0 0.02686 0.56396 0.05371 0.03809
0 0.02246 0.89014 0.04297 0.02441
0 0.79004 0.9209 0.06445 0.03906
0 0.57324 0.40869 0.08398 0.05371
0 0.87305 0.59131 0.04297 0.06738
0 0.61084 0.9873 0.03613 0.02148
0 0.5415 0.02441 0.04199 0.04883
0 0.87646 0.94727 0.05762 0.05273
0 0.09961 0.70166 0.03711 0.03223
