0 0.03467 0.9541 0.06738 0.08594
0 0.0542 0.74414 0.0791 0.10156
0 0.10547 0.66602 0.07812 0.05859
0 0.0498 0.53711 0.08594 0.07812
0 0.05664 0.35645 0.0625 0.13281
0 0.12939 0.37012 0.07324 0.08594
0 0.33789 0.20605 0.07422 0.09375
0 0.67969 0.04834 0.0625 0.07715
0 0.58789 0.10498 0.09766 0.19434
0 0.63818 0.1665 0.04785 0.05957
0 0.81738 0.13379 0.07031 0.07812
0 0.63721 0.24219 0.08887 0.08203
0 0.72412 0.30566 0.05762 0.09766
0 0.69873 0.49219 0.10059 0.08398
0 0.80176 0.57764 0.08203 0.07324
0 0.71582 0.58594 0.10547 0.06641
0 0.71729 0.65332 0.09473 0.07422
0 0.56201 0.69434 0.07715 0.07812
0 0.40527 0.67871 0.06836 0.08594
0 0.34082 0.73633 0.07617 0.09375
0 0.46387 0.81299 0.12695 0.12207
0 0.6958 0.88428 0.08887 0.23145
0 0.89209 0.76025 0.08105 0.07715
0 0.76709 0.08691 0.10254 0.09961
0 0.0127 0.56055 0.02539 0.06055
0 0.97852 0.71973 0.04102 0.11719
