0 0.96338 0.09473 0.07324 0.14062
0 0.98535 0.86035 0.0293 0.05859
0 0.93311 0.89307 0.13379 0.10645
0 0.82812 0.8833 0.06641 0.05762
0 0.73486 0.97119 0.07324 0.05762
0 0.3418 0.90234 0.125 0.07812
0 0.39062 0.83252 0.16797 0.09863
0 0.21826 0.73096 0.17676 0.09863
0 0.44775 0.65771 0.16895 0.06934
0 0.47607 0.5957 0.1416 0.10742
0 0.62842 0.72949 0.11426 0.11719
0 0.58154 0.72314 0.05566 0.09082
0 0.646 0.59814 0.08887 0.13965
0 0.68262 0.62354 0.08789 0.09668
0 0.85156 0.73926 0.09961 0.08398
0 0.94678 0.75586 0.10449 0.05469
0 0.95654 0.71191 0.08691 0.07227
0 0.95166 0.58789 0.07324 0.15234
0 0.88037 0.63184 0.06152 0.13867
0 0.87988 0.53711 0.05469 0.07617
0 0.9873 0.41992 0.02539 0.07422
0 0.85693 0.32764 0.08105 0.0791
0 0.20264 0.90088 0.09473 0.12598
0 0.16943 0.97412 0.07715 0.05176
0 0.03125 0.95752 0.0625 0.08496
0 0.0332 0.75195 0.06641 0.15039
0 0.06348 0.61084 0.12695 0.11426
0 0.1792 0.44043 0.09082 0.07227
0 0.05469 0.30371 0.06445 0.14844
0 0.02832 0.48291 0.05664 0.09082
0 0.19775 0.34863 0.16309 0.07812
0 0.39551 0.3291 0.06836 0.05469
0 0.51855 0.42139 0.07227 0.06934
0 0.46973 0.27832 0.11719 0.0625
0 0.69043 0.23535 0.13477 0.0918
0 0.83203 0.19434 0.08789 0.14258
0 0.70459 0.07129 0.10254 0.14258
0 0.8584 0.06689 0.09961 0.13379
0 0.91504 0.06348 0.08398 0.12695
0 0.16748 0.02148 0.11816 0.04297
0 0.03369 0.01855 0.06348 0.03711
0 0.10645 0.15918 0.11719 0.06641
0 0.16943 0.13477 0.10449 0.10352
0 0.26562 0.21631 0.12305 0.06738
0 0.49121 0.21436 0.23047 0.05957
0 0.10303 0.23633 0.05566 0.08789
0 0.74121 0.53125 0.05078 0.05469
0 0.83105 0.52344 0.09375 0.125
0 0.42188 0.42725 0.05859 0.05176
0 0.33154 0.49316 0.06348 0.06055
