0 0.05322 0.5083 0.10254 0.06738
0 0.83838 0.90479 0.08301 0.12012
0 0.86084 0.50586 0.07324 0.0625
0 0.93896 0.29639 0.05371 0.05957
0 0.93604 0.90332 0.09082 0.11719
0 0.77295 0.48438 0.10254 0.07031
0 0.09863 0.88281 0.07031 0.11719
0 0.91748 0.61328 0.08496 0.08203
0 0.24072 0.46045 0.09863 0.14355
0 0.36816 0.83203 0.08203 0.08008
0 0.25586 0.19873 0.07812 0.10254
0 0.27783 0.58643 0.07324 0.05566
0 0.47998 0.66357 0.06348 0.05176
0 0.05029 0.6709 0.10059 0.07031
0 0.27832 0.72607 0.11328 0.09277
0 0.03711 0.10938 0.07031 0.08984
0 0.95605 0.76074 0.08789 0.06836
0 0.84961 0.40479 0.07422 0.08496
0 0.86475 0.30469 0.11035 0.06445
0 0.79541 0.35205 0.10254 0.06543
0 0.2251 0.93701 0.08105 0.12598
0 0.9751 0.08008 0.04785 0.05273
0 0.10938 0.6499 0.07422 0.09668
0 0.26611 0.96338 0.08691 0.07324
0 0.85303 0.6333 0.08496 0.06543
0 0.05176 0.21973 0.10352 0.08203
0 0.83838 0.19824 0.07324 0.09766
0 0.97998 0.33691 0.03613 0.05273
0 0.38281 0.06934 0.03711 0.04102
0 0.07275 0.03613 0.07129 0.07031
0 0.17871 0.40918 0.06055 0.0625
0 0.0332 0.42139 0.06641 0.06738
0 0.97168 0.29248 0.05469 0.06543
0 0.83447 0.13818 0.08496 0.05762
0 0.22119 0.39258 0.04199 0.04297
0 0.03809 0.72266 0.07617 0.0625
0 0.18311 0.85449 0.08496 0.16016
0 0.14502 0.9751 0.07129 0.0498
