0 0.77832 0.10645 0.06445 0.11328
0 0.16943 0.29834 0.06738 0.06934
0 0.78955 0.51807 0.07129 0.06348
0 0.70557 0.76172 0.07129 0.06055
0 0.10303 0.36523 0.11816 0.0625
0 0.93018 0.15576 0.0459 0.08496
0 0.34961 0.15869 0.11523 0.08105
0 0.02588 0.09229 0.05176 0.14746
0 0.13232 0.13867 0.0791 0.07812
0 0.27832 0.45361 0.05664 0.07324
0 0.58252 0.77148 0.12012 0.10938
0 0.77295 0.39795 0.06152 0.06934
0 0.13086 0.70557 0.08203 0.04199
0 0.93164 0.44434 0.04492 0.08984
0 0.25342 0.81592 0.07129 0.09473
0 0.04834 0.19482 0.07324 0.06543
0 0.90381 0.4502 0.03613 0.08203
0 0.85938 0.08936 0.12305 0.11816
0 0.10547 0.54492 0.04883 0.08594
0 0.31348 0.53955 0.08594 0.03418
0 0.25195 0.09814 0.03906 0.06348
0 0.95459 0.40625 0.03027 0.08203
0 0.54346 0.96143 0.04004 0.07324
0 0.13428 0.39551 0.09082 0.08008
0 0.51367 0.54248 0.04102 0.06152
0 0.1626 0.47412 0.13184 0.07715
0 0.7915 0.7417 0.07129 0.05957
0 0.58887 0.83008 0.03516 0.10742
0 0.85645 0.93408 0.07617 0.03809
0 0.77393 0.90479 0.05371 0.03223
0 0.03125 0.23389 0.05859 0.05371
0 0.80469 0.98291 0.08789 0.03027
0 0.44531 0.47949 0.06836 0.07227
0 0.72266 0.53271 0.0332 0.07129
0 0.38574 0.10547 0.07031 0.0332
0 0.40479 0.87158 0.09082 0.03809
0 0.78076 0.31738 0.04199 0.08203
0 0.17627 0.86719 0.05957 0.0332
0 0.4292 0.63184 0.06543 0.0332
0 0.3125 0.83984 0.09766 0.08789
0 0.87549 0.20654 0.0459 0.06543
0 0.25195 0.98584 0.04688 0.02832
0 0.11426 0.59619 0.08594 0.02051
0 0.82373 0.44092 0.04004 0.05566
0 0.84912 0.75635 0.04785 0.03027
0 0.43359 0.44141 0.04883 0.03906
0 0.46826 0.02686 0.05176 0.04199
0 0.47412 0.83545 0.06934 0.02051
0 0.8501 0.24609 0.04785 0.03125
0 0.03223 0.83691 0.06445 0.09375
0 0.84326 0.60742 0.05371 0.02344
0 0.0835 0.63037 0.07129 0.0459
0 0.20557 0.92822 0.05762 0.02246
0 0.0249 0.89014 0.0459 0.03809
0 0.60156 0.5625 0.03906 0.04297
0 0.05322 0.06787 0.08887 0.13184
0 0.84717 0.41064 0.0459 0.06348
