0 0.15234 0.04688 0.12109 0.08398
0 0.21045 0.16797 0.08691 0.09375
0 0.51465 0.04688 0.06445 0.06055
0 0.4624 0.04736 0.05957 0.05371
0 0.35693 0.36523 0.06543 0.08008
0 0.2793 0.36621 0.08008 0.07812
0 0.17822 0.4248 0.12012 0.16211
0 0.0332 0.48682 0.06641 0.06543
0 0.04932 0.39111 0.09082 0.06543
0 0.0874 0.65234 0.08496 0.10742
0 0.05713 0.56494 0.06152 0.06348
0 0.1875 0.7002 0.09766 0.08398
0 0.0791 0.72168 0.0625 0.05078
0 0.32031 0.70117 0.06445 0.07812
0 0.35205 0.79492 0.09473 0.10156
0 0.41113 0.65186 0.10156 0.07129
0 0.50391 0.66943 0.08984 0.07715
0 0.56836 0.66992 0.08008 0.07422
0 0.68115 0.71191 0.06152 0.06836
0 0.51709 0.80859 0.08105 0.08008
0 0.28076 0.88965 0.05957 0.06836
0 0.29736 0.82031 0.08301 0.07227
0 0.17627 0.96338 0.16504 0.07324
0 0.06396 0.98633 0.06152 0.02734
0 0.64746 0.84277 0.08008 0.07422
0 0.68555 0.94629 0.06836 0.07422
0 0.61133 0.93896 0.05859 0.07129
0 0.86328 0.9585 0.08008 0.08301
0 0.97754 0.9502 0.04492 0.07422
0 0.96436 0.84277 0.07129 0.0625
0 0.95215 0.77881 0.09375 0.06543
0 0.93164 0.64746 0.07617 0.09766
0 0.79004 0.62891 0.07812 0.08398
0 0.71875 0.64111 0.07422 0.0791
0 0.65723 0.6084 0.0625 0.08594
0 0.72363 0.53955 0.11914 0.08105
0 0.42773 0.92383 0.08984 0.07031
0 0.87207 0.87354 0.04883 0.04785
0 0.66016 0.89453 0.10156 0.06055
0 0.02197 0.64697 0.04395 0.08496
0 0.22363 0.83203 0.0625 0.06641
0 0.4541 0.01367 0.09961 0.02734
0 0.38379 0.00879 0.04688 0.01758
0 0.59766 0.48877 0.07031 0.08105
0 0.98633 0.5957 0.02734 0.09375
0 0.87012 0.83154 0.04883 0.0459
0 0.81299 0.74951 0.12793 0.06348
0 0.02051 0.58789 0.04102 0.05469
0 0.43994 0.81787 0.10449 0.05566
0 0.3418 0.84814 0.06641 0.06543
