0 0.47705 0.30957 0.10059 0.09375
0 0.14453 0.90576 0.11328 0.12207
0 0.78418 0.06543 0.06641 0.13086
0 0.6875 0.96777 0.06641 0.06445
0 0.88037 0.90918 0.12988 0.18164
0 0.80957 0.87891 0.28711 0.16406
0 0.64014 0.02637 0.10254 0.05273
0 0.61377 0.92578 0.1084 0.08398
0 0.19238 0.34033 0.09961 0.11621
0 0.26855 0.34473 0.08984 0.14844
0 0.45947 0.41357 0.09082 0.09082
0 0.07275 0.45703 0.14551 0.2168
0 0.73096 0.22852 0.0752 0.13477
0 0.49561 0.66162 0.11621 0.12012
0 0.85059 0.11914 0.09375 0.125
0 0.70947 0.02783 0.05762 0.05566
0 0.53027 0.47412 0.10352 0.10645
0 0.05957 0.26318 0.11914 0.12598
0 0.10254 0.67334 0.20508 0.09668
0 0.35254 0.15869 0.14648 0.10059
0 0.9707 0.65039 0.05859 0.11133
0 0.89258 0.72363 0.14062 0.11328
0 0.97168 0.75977 0.05664 0.05469
0 0.88965 0.77979 0.10547 0.08105
0 0.65137 0.63232 0.13672 0.26074
0 0.6001 0.36816 0.08887 0.08789
