0 0.77979 0.65088 0.10059 0.10645
0 0.65332 0.78076 0.08398 0.08691
0 0.88037 0.74316 0.06543 0.05469
0 0.75439 0.81006 0.09082 0.12598
0 0.56689 0.90576 0.1123 0.13965
0 0.65918 0.93896 0.0918 0.06543
0 0.69189 0.3208 0.08496 0.10645
0 0.53418 0.42334 0.07617 0.15918
0 0.80566 0.95605 0.13672 0.06445
0 0.58936 0.97314 0.12988 0.05371
0 0.50928 0.90039 0.06738 0.08008
0 0.82324 0.729 0.05273 0.11035
0 0.6958 0.70264 0.0752 0.09082
0 0.56787 0.59082 0.11035 0.08008
0 0.36035 0.83643 0.10352 0.09277
0 0.60889 0.02197 0.08691 0.04395
0 0.39746 0.53271 0.08594 0.12207
0 0.41211 0.81104 0.0918 0.09863
0 0.24854 0.0791 0.16699 0.08789
0 0.04346 0.53857 0.08691 0.18262
0 0.17969 0.75928 0.12305 0.08301
0 0.95947 0.21631 0.08105 0.09082
0 0.60693 0.45752 0.10645 0.08105
0 0.229 0.24072 0.22168 0.10645
0 0.51465 0.54297 0.10742 0.0918
0 0.33984 0.42578 0.08398 0.07422
0 0.1333 0.66162 0.12402 0.08496
0 0.66309 0.25146 0.05859 0.06543
0 0.60303 0.27539 0.06543 0.09961
0 0.54199 0.24805 0.04688 0.08008
0 0.48828 0.20947 0.08008 0.10254
0 0.69434 0.05518 0.08398 0.07324
0 0.04785 0.04004 0.08594 0.07031
0 0.21777 0.04248 0.0957 0.07715
0 0.28613 0.41016 0.06445 0.06055
