0 0.37744 0.57422 0.07324 0.08594
0 0.11768 0.61816 0.08105 0.06445
0 0.2417 0.37256 0.05762 0.08301
0 0.57666 0.92285 0.06348 0.08203
0 0.25391 0.20361 0.09375 0.07129
0 0.02295 0.26318 0.0459 0.06152
0 0.32227 0.42188 0.08203 0.04688
0 0.11084 0.08887 0.11426 0.04492
0 0.33008 0.21191 0.08789 0.08398
0 0.71289 0.42725 0.11719 0.09082
0 0.34619 0.94727 0.07129 0.09375
0 0.69678 0.36865 0.09082 0.0752
0 0.76221 0.82471 0.08496 0.04785
0 0.12402 0.7124 0.10742 0.04395
0 0.44629 0.05713 0.0957 0.04395
0 0.19434 0.02637 0.08594 0.05273
0 0.27832 0.3291 0.07227 0.05859
0 0.65527 0.82227 0.07227 0.06445
0 0.62744 0.46631 0.0752 0.04785
0 0.96289 0.24219 0.06836 0.04492
0 0.73682 0.23584 0.12793 0.05176
0 0.30908 0.47021 0.08301 0.0459
0 0.57764 0.75586 0.09668 0.05078
0 0.06445 0.66113 0.07617 0.05469
0 0.97021 0.30762 0.05957 0.05859
0 0.49219 0.10107 0.06445 0.06152
0 0.3877 0.93896 0.08984 0.04395
0 0.31152 0.04639 0.05273 0.04004
0 0.36816 0.47021 0.07617 0.04004
0 0.12012 0.89551 0.06836 0.05273
0 0.22705 0.93604 0.06543 0.05176
0 0.29932 0.88281 0.08301 0.04688
0 0.14551 0.69482 0.07422 0.06738
0 0.58789 0.55957 0.11133 0.05859
0 0.90625 0.48047 0.05664 0.05078
0 0.14307 0.55225 0.0791 0.03809
0 0.18359 0.97363 0.04492 0.05273
0 0.01172 0.09473 0.02344 0.0332
0 0.63037 0.60449 0.09277 0.03711
0 0.896 0.12988 0.10449 0.03711
0 0.96826 0.16602 0.05957 0.04102
0 0.58887 0.39746 0.06445 0.06836
0 0.60889 0.72168 0.10645 0.0332
0 0.11719 0.38574 0.08594 0.04688
0 0.4165 0.78027 0.08105 0.01953
0 0.49902 0.94043 0.09961 0.0332
0 0.73584 0.33691 0.0752 0.04102
0 0.04395 0.98096 0.08594 0.03809
0 0.13477 0.51416 0.08594 0.05371
0 0.16406 0.15527 0.05664 0.02148
0 0.16016 0.07373 0.0625 0.05957
0 0.88037 0.71338 0.0498 0.05762
0 0.12988 0.43027 0.08789 0.03398
0 0.13477 0.34863 0.10547 0.06641
0 0.41455 0.35498 0.05176 0.04199
0 0.04443 0.56543 0.06152 0.04102
0 0.81885 0.37207 0.09082 0.0332
0 0.98193 0.84229 0.03613 0.01855
0 0.19336 0.89697 0.07227 0.03027
0 0.02246 0.70508 0.04492 0.03711
0 0.54346 0.44531 0.0459 0.04883
0 0.51465 0.90381 0.08008 0.04004
0 0.95654 0.39551 0.05566 0.03516
0 0.22852 0.2666 0.05469 0.05469
0 0.96289 0.73145 0.02734 0.02734
0 0.18799 0.56787 0.07129 0.05957
0 0.90088 0.35693 0.07324 0.05957
0 0.74023 0.30371 0.04688 0.05664
0 0.57031 0.01855 0.14648 0.03711
0 0.75391 0.98682 0.05469 0.02637
0 0.05957 0.3335 0.06055 0.04785
