0 0.62109 0.59717 0.1875 0.22559
0 0.06836 0.10303 0.13672 0.19238
0 0.3208 0.68555 0.13184 0.08203
0 0.15332 0.91309 0.10547 0.10742
0 0.10596 0.77832 0.20605 0.12109
0 0.30322 0.30566 0.1377 0.16797
0 0.47998 0.53809 0.10254 0.10742
0 0.81885 0.08789 0.3584 0.17188
0 0.36523 0.49268 0.10742 0.10449
0 0.73633 0.19482 0.06836 0.0791
0 0.43213 0.7749 0.12988 0.08496
0 0.18945 0.27344 0.08008 0.0625
0 0.33447 0.79443 0.0752 0.0752
0 0.56689 0.87695 0.10254 0.11328
0 0.29102 0.63184 0.09766 0.10156
