0 0.9248 0.55566 0.08008 0.08789
0 0.78711 0.34082 0.08984 0.0918
0 0.49609 0.17432 0.09766 0.0752
0 0.95605 0.73193 0.08789 0.08496
0 0.98291 0.46924 0.03418 0.05762
0 0.82715 0.77197 0.10547 0.10449
0 0.97412 0.25732 0.05176 0.06348
0 0.85693 0.05029 0.18066 0.08887
0 0.93066 0.8208 0.09766 0.07324
0 0.86914 0.28467 0.08008 0.10449
0 0.7168 0.46191 0.05469 0.06055
0 0.96875 0.19922 0.0625 0.07031
0 0.77051 0.57471 0.13281 0.08496
0 0.69824 0.6333 0.09766 0.08301
0 0.81348 0.19824 0.07227 0.05664
0 0.60449 0.42432 0.10547 0.08496
0 0.9585 0.39307 0.08301 0.07715
0 0.97998 0.5459 0.04004 0.07227
0 0.87061 0.60693 0.09277 0.08496
0 0.92334 0.65186 0.06738 0.06543
0 0.771 0.66943 0.07715 0.0752
