0 0.6709 0.96045 0.0625 0.07324
0 0.78271 0.31689 0.07324 0.09082
0 0.71924 0.62793 0.08496 0.06836
0 0.22217 0.55029 0.06152 0.08301
0 0.42822 0.11914 0.07324 0.08008
0 0.25488 0.0332 0.0918 0.05469
0 0.61816 0.10889 0.05664 0.09277
0 0.02295 0.55225 0.0459 0.10449
0 0.60693 0.60547 0.1084 0.08008
0 0.27441 0.53223 0.0957 0.05273
0 0.66748 0.11719 0.08301 0.07227
0 0.40625 0.40283 0.10352 0.12012
0 0.92529 0.76367 0.10059 0.08984
0 0.10596 0.48877 0.08496 0.08887
0 0.06592 0.06201 0.06152 0.0752
0 0.1748 0.68994 0.07617 0.10449
0 0.84912 0.62354 0.07715 0.05566
0 0.8125 0.78516 0.125 0.04492
0 0.75293 0.89746 0.12891 0.04883
0 0.8999 0.68359 0.10645 0.05859
0 0.2207 0.77832 0.08008 0.07617
0 0.31787 0.69971 0.10254 0.08496
0 0.87256 0.1416 0.05957 0.11523
0 0.80664 0.18018 0.07617 0.06543
0 0.97754 0.09033 0.04492 0.07715
0 0.7998 0.04834 0.0918 0.08105
0 0.39014 0.29932 0.04004 0.08496
0 0.88965 0.38525 0.08984 0.0791
0 0.14565 0.60649 0.10947 0.07666
0 0.66748 0.71533 0.0791 0.0459
0 0.30225 0.41895 0.09863 0.05273
0 0.45361 0.27734 0.10059 0.10547
0 0.36816 0.11377 0.05273 0.04395
0 0.69189 0.66016 0.06152 0.05469
0 0.34766 0.48682 0.08594 0.0752
0 0.21484 0.39258 0.09961 0.10547
0 0.80713 0.49561 0.09863 0.0459
0 0.73535 0.18896 0.05273 0.06934
0 0.30469 0.87061 0.09961 0.07129
0 0.89551 0.56348 0.06055 0.03125
0 0.47021 0.98438 0.09863 0.01758
0 0.56055 0.06299 0.06641 0.04395
0 0.74854 0.14209 0.05176 0.0752
0 0.21289 0.88281 0.08984 0.03125
0 0.98438 0.24414 0.03125 0.03125
0 0.13428 0.71484 0.09668 0.07617
0 0.9248 0.98389 0.05273 0.02246
0 0.45166 0.01953 0.0459 0.03711
0 0.62744 0.75391 0.05371 0.07031
0 0.20215 0.05322 0.06055 0.09668
0 0.72949 0.3501 0.06055 0.06934
0 0.02441 0.60352 0.04883 0.03516
0 0.59521 0.73877 0.07715 0.08691
0 0.06689 0.40283 0.07715 0.0459
0 0.61133 0.03711 0.06445 0.0293
0 0.30176 0.15332 0.08398 0.03906
0 0.50439 0.23877 0.08691 0.06543
0 0.97705 0.07324 0.0459 0.04688
0 0.8584 0.71484 0.08008 0.04102
0 0.46289 0.5498 0.06445 0.0293
0 0.23438 0.10645 0.08203 0.06445
0 0.69971 0.76172 0.08301 0.07617
0 0.98584 0.0459 0.02832 0.0918
0 0.45508 0.73096 0.08594 0.05566
0 0.70654 0.7251 0.04785 0.03613
0 0.8623 0.01709 0.04492 0.03223
0 0.50439 0.13428 0.05176 0.02441
0 0.97998 0.19873 0.03027 0.06738
0 0.81885 0.75781 0.0791 0.07617
0 0.33252 0.36621 0.08691 0.06836
0 0.79639 0.69482 0.0791 0.04785
0 0.77051 0.71338 0.06055 0.03809
0 0.35547 0.75928 0.08984 0.05762
0 0.02979 0.37109 0.05957 0.05859
0 0.92871 0.67041 0.06055 0.0498
