0 0.94482 0.41455 0.11035 0.08496
0 0.59229 0.25195 0.09473 0.08008
0 0.80078 0.43604 0.12305 0.12793
0 0.66553 0.79053 0.07715 0.10254
0 0.4707 0.23584 0.0625 0.12793
0 0.48584 0.53467 0.17676 0.06934
0 0.30957 0.52246 0.15039 0.08008
0 0.38965 0.19824 0.08008 0.21289
0 0.72217 0.9209 0.0752 0.14258
0 0.15186 0.80322 0.15527 0.20215
0 0.91846 0.33691 0.16309 0.06445
0 0.10986 0.43701 0.0752 0.06934
0 0.79199 0.78076 0.06445 0.09277
0 0.24316 0.24805 0.08789 0.05273
0 0.90039 0.04883 0.1875 0.07812
0 0.61621 0.09912 0.0625 0.12012
0 0.34229 0.36963 0.21973 0.11035
0 0.63965 0.34814 0.06055 0.09277
0 0.05713 0.50488 0.11035 0.125
0 0.46436 0.31299 0.1748 0.1123
0 0.34131 0.05811 0.12988 0.08496
0 0.73486 0.01562 0.18262 0.03125
0 0.3457 0.80225 0.22266 0.08496
0 0.4458 0.70068 0.20215 0.13184
0 0.18945 0.50537 0.07422 0.05762
0 0.70605 0.2417 0.11719 0.16504
0 0.55518 0.92139 0.09473 0.15527
0 0.24707 0.16309 0.13477 0.11719
0 0.37354 0.87109 0.07715 0.07227
0 0.95801 0.25488 0.08398 0.1543
0 0.20068 0.57227 0.05762 0.07031
0 0.51807 0.63965 0.30762 0.06445
0 0.25684 0.04492 0.07227 0.08984
0 0.75439 0.36328 0.20996 0.16211
0 0.03467 0.37939 0.06543 0.12988
0 0.75195 0.0874 0.07422 0.1748
0 0.88916 0.89551 0.0752 0.09766
0 0.4917 0.73975 0.2002 0.05957
0 0.99951 0.84912 0.00098 0.18652
0 0.979 0.90527 0.04199 0.125
0 0.02686 0.8833 0.0498 0.11816
0 0.21826 0.89844 0.14746 0.09766
0 0.26416 0.83594 0.0752 0.12695
0 0.28955 0.38818 0.11035 0.05762
0 0.74316 0.28955 0.10742 0.25488
0 0.82715 0.2998 0.0957 0.04492
