0 0.05273 0.2959 0.0625 0.08789
0 0.12402 0.31055 0.07227 0.10156
0 0.25977 0.28467 0.07031 0.11621
0 0.2373 0.18848 0.08789 0.06641
0 0.42822 0.33057 0.07129 0.10254
0 0.38867 0.46436 0.06836 0.04004
0 0.21631 0.45361 0.07715 0.05371
0 0.23096 0.53223 0.06934 0.06055
0 0.27637 0.53027 0.06641 0.05664
0 0.33838 0.52441 0.05762 0.05859
0 0.36182 0.58301 0.07715 0.06445
0 0.51855 0.52148 0.06641 0.05859
0 0.44482 0.5 0.06738 0.07227
0 0.45605 0.41016 0.08008 0.06836
0 0.51465 0.43604 0.05859 0.06152
0 0.60693 0.43896 0.07715 0.06348
0 0.66553 0.43164 0.05566 0.05664
0 0.71436 0.4126 0.08105 0.0791
0 0.82715 0.43018 0.0625 0.06543
0 0.91406 0.48291 0.08594 0.06738
0 0.86719 0.58789 0.05078 0.05859
0 0.95557 0.59961 0.0752 0.06055
0 0.97168 0.53467 0.05469 0.0459
0 0.87793 0.28955 0.0625 0.04004
0 0.95898 0.31738 0.05859 0.08203
0 0.96924 0.21533 0.06152 0.07324
0 0.75879 0.01807 0.08008 0.03613
0 0.68115 0.12256 0.05176 0.07715
0 0.69385 0.18555 0.06152 0.05078
0 0.74756 0.1123 0.06348 0.05273
0 0.79297 0.14014 0.04102 0.06152
0 0.86279 0.09814 0.12207 0.06348
0 0.88867 0.1416 0.13477 0.05273
0 0.95361 0.05078 0.09277 0.03906
0 0.64209 0.0376 0.05957 0.06348
0 0.15918 0.02148 0.13477 0.04297
0 0.30322 0.01611 0.06934 0.03223
0 0.08252 0.01807 0.12012 0.03613
0 0.04932 0.58545 0.06348 0.06348
0 0.15723 0.57373 0.05469 0.06348
0 0.04346 0.65186 0.08691 0.06934
0 0.14551 0.70264 0.07422 0.08301
0 0.16504 0.71826 0.0625 0.12988
0 0.21924 0.71094 0.06543 0.08203
0 0.45117 0.70068 0.06641 0.05957
0 0.5332 0.73779 0.10547 0.08301
0 0.58594 0.68164 0.05859 0.06641
0 0.60938 0.76367 0.04492 0.08398
0 0.65625 0.79395 0.06445 0.08008
0 0.71191 0.7417 0.06641 0.05371
0 0.76855 0.77344 0.05469 0.05273
0 0.75684 0.82373 0.07031 0.05176
0 0.85889 0.81201 0.05371 0.06934
0 0.91309 0.78271 0.08008 0.07129
0 0.87891 0.93018 0.12305 0.07324
0 0.77588 0.95459 0.04785 0.06543
0 0.6792 0.89111 0.06152 0.07324
0 0.61084 0.93799 0.06348 0.05957
0 0.56299 0.90967 0.06152 0.0459
0 0.48145 0.85156 0.08984 0.07812
0 0.45703 0.79785 0.0625 0.05078
0 0.38086 0.81982 0.06055 0.05762
0 0.32422 0.8418 0.05273 0.05469
0 0.34473 0.89355 0.04102 0.05664
0 0.27588 0.8501 0.05566 0.05957
0 0.26025 0.9375 0.06152 0.125
0 0.43604 0.92236 0.14355 0.06543
0 0.03467 0.86621 0.06934 0.04883
0 0.125 0.96289 0.13477 0.07031
0 0.13574 0.88086 0.10938 0.06836
0 0.729 0.51123 0.04785 0.04785
0 0.87598 0.19287 0.05664 0.04785
0 0.84717 0.56689 0.03418 0.05176
0 0.88672 0.55811 0.0625 0.03809
0 0.05176 0.71289 0.08203 0.07227
0 0.05371 0.83398 0.06641 0.05078
0 0.27686 0.58887 0.06152 0.05664
0 0.45752 0.26514 0.05371 0.05957
0 0.64307 0.21875 0.08301 0.04883
0 0.46191 0.17529 0.07227 0.06543
