0 0.30859 0.79688 0.11719 0.09961
0 0.96338 0.88867 0.07324 0.15234
0 0.27588 0.18115 0.10254 0.1123
0 0.66602 0.6499 0.10742 0.12012
0 0.63477 0.90576 0.14453 0.13184
0 0.31738 0.29199 0.13477 0.0957
0 0.85059 0.3999 0.15234 0.16504
0 0.771 0.30322 0.12207 0.1123
0 0.1709 0.38818 0.14258 0.1377
0 0.75195 0.9292 0.10938 0.10449
0 0.16553 0.05078 0.10254 0.10156
0 0.9043 0.16455 0.08984 0.08496
0 0.6958 0.42822 0.13184 0.12793
0 0.9082 0.0957 0.11328 0.07227
0 0.06299 0.12939 0.10254 0.12988
0 0.87695 0.91455 0.08398 0.12988
0 0.04688 0.00732 0.08984 0.01465
0 0.64746 0.03076 0.09961 0.06152
