0 0.00195 0.00293 0.00391 0.00586
0 0.05322 0.10059 0.09863 0.07617
0 0.12939 0.25049 0.06543 0.0498
0 0.33203 0.19141 0.06445 0.05859
0 0.36035 0.06885 0.10742 0.09082
0 0.49561 0.08496 0.11035 0.09961
0 0.66846 0.18701 0.0791 0.07324
0 0.60791 0.22168 0.05762 0.05469
0 0.70557 0.13232 0.07324 0.06348
0 0.64697 0.04443 0.0791 0.06348
0 0.78125 0.07373 0.05078 0.0791
0 0.39941 0.27441 0.08789 0.07227
0 0.41211 0.37256 0.06641 0.07715
0 0.32471 0.42236 0.05762 0.07715
0 0.22803 0.47559 0.06934 0.06641
0 0.17676 0.39648 0.0957 0.07031
0 0.07568 0.35693 0.0791 0.06152
0 0.09668 0.55127 0.10547 0.14746
0 0.54834 0.3335 0.08887 0.05957
0 0.65186 0.31494 0.07715 0.06934
0 0.65088 0.44043 0.12012 0.0918
0 0.6333 0.52588 0.0791 0.06934
0 0.76709 0.54932 0.07324 0.08496
0 0.74707 0.63721 0.0625 0.06348
0 0.87354 0.55078 0.09473 0.08984
0 0.83643 0.27441 0.06934 0.08594
0 0.91162 0.35986 0.1084 0.0752
0 0.91064 0.10693 0.0791 0.1123
0 0.02588 0.77539 0.05176 0.10156
0 0.12109 0.75391 0.07812 0.06055
0 0.15186 0.81787 0.0752 0.05176
0 0.2002 0.87061 0.07422 0.05762
0 0.12109 0.96387 0.16992 0.07227
0 0.24316 0.97217 0.05664 0.05566
0 0.38037 0.94873 0.07324 0.06348
0 0.44971 0.75146 0.0752 0.06934
0 0.28564 0.69092 0.08105 0.0791
0 0.43018 0.67725 0.08691 0.06348
0 0.58643 0.75098 0.09082 0.08594
0 0.70557 0.73584 0.07129 0.06934
0 0.7207 0.83984 0.05859 0.07422
0 0.78125 0.8374 0.06055 0.06348
0 0.64746 0.85205 0.07031 0.0752
0 0.87012 0.74512 0.08984 0.09375
0 0.9502 0.82324 0.09961 0.08203
0 0.92822 0.646 0.06152 0.06543
0 0.96436 0.4707 0.07129 0.08398
0 0.94482 0.25879 0.09863 0.06055
0 0.4292 0.5498 0.05566 0.05078
0 0.04297 0.1748 0.08008 0.05859
0 0.71924 0.97559 0.06348 0.04883
0 0.82129 0.98291 0.07617 0.03418
0 0.58008 0.4873 0.06445 0.05273
0 0.14551 0.62451 0.08594 0.06934
