0 0.06592 0.97656 0.06543 0.04688
0 0.11133 0.99707 0.02344 0.00586
0 0.96143 0.82275 0.07715 0.07129
0 0.95996 0.80029 0.08008 0.0752
0 0.92432 0.7207 0.0752 0.05859
0 0.87354 0.68604 0.08301 0.06152
0 0.71094 0.81885 0.07031 0.08301
0 0.78076 0.83789 0.06543 0.04883
0 0.77686 0.80615 0.08301 0.05371
0 0.81543 0.77539 0.06445 0.0625
0 0.74072 0.74951 0.09473 0.06934
0 0.53271 0.80029 0.09082 0.08105
0 0.64111 0.72168 0.06738 0.07422
0 0.60107 0.67822 0.05566 0.05371
0 0.59375 0.729 0.05078 0.05176
0 0.77637 0.66797 0.06836 0.06445
0 0.79053 0.60938 0.10254 0.07422
0 0.73535 0.36865 0.08203 0.11035
0 0.91016 0.2793 0.10156 0.06836
0 0.96729 0.24854 0.06348 0.05371
0 0.97705 0.12646 0.0459 0.05371
0 0.8877 0.08447 0.07812 0.0752
0 0.81104 0.18604 0.07129 0.06934
0 0.72705 0.26318 0.08691 0.06934
0 0.98486 0.04639 0.03027 0.07324
0 0.66602 0.16797 0.05469 0.05469
0 0.65186 0.11182 0.08887 0.09473
0 0.57178 0.10156 0.05957 0.05469
0 0.51416 0.27539 0.07129 0.05469
0 0.5625 0.31006 0.05664 0.06934
0 0.375 0.34424 0.05859 0.08301
0 0.32227 0.35547 0.0625 0.06641
0 0.31152 0.23877 0.05859 0.06934
0 0.25781 0.30811 0.0625 0.04785
0 0.14111 0.33203 0.06738 0.07812
0 0.09863 0.25049 0.07422 0.05957
0 0.21094 0.16992 0.10742 0.08594
0 0.2334 0.15283 0.14258 0.0791
0 0.10059 0.09912 0.06836 0.10059
0 0.21289 0.76074 0.07031 0.09961
0 0.26611 0.64355 0.06348 0.05078
