0 0.75342 0.01855 0.06348 0.03711
0 0.64062 0.23193 0.13867 0.10645
0 0.56201 0.22803 0.16113 0.13379
0 0.88086 0.33887 0.07031 0.11914
0 0.76025 0.32959 0.06348 0.0752
0 0.78369 0.39941 0.11035 0.08203
0 0.81494 0.32812 0.0459 0.05859
0 0.66602 0.35693 0.08984 0.11035
0 0.47559 0.32861 0.13281 0.06934
0 0.45898 0.25293 0.07422 0.06836
0 0.34082 0.19287 0.07812 0.08887
0 0.11572 0.2373 0.06348 0.12109
0 0.0459 0.33154 0.0918 0.05371
0 0.15869 0.38574 0.12012 0.06641
0 0.23828 0.44727 0.05469 0.07617
0 0.33789 0.34375 0.08008 0.07617
0 0.37744 0.33594 0.10645 0.05859
0 0.43701 0.38428 0.11621 0.07129
0 0.24658 0.3125 0.05957 0.05664
0 0.46289 0.52686 0.08008 0.0791
0 0.41016 0.57959 0.07617 0.11816
0 0.58643 0.62402 0.05957 0.08594
0 0.64209 0.56982 0.13965 0.10254
0 0.67334 0.53955 0.15723 0.10059
0 0.83496 0.57861 0.06641 0.06543
0 0.95361 0.53271 0.09277 0.14746
0 0.97998 0.64795 0.04004 0.11621
0 0.29541 0.66748 0.11621 0.06543
0 0.06689 0.65771 0.13379 0.06152
0 0.11182 0.73145 0.1748 0.0625
0 0.32178 0.74365 0.08496 0.05762
0 0.30469 0.78955 0.08984 0.06152
0 0.62695 0.96631 0.10742 0.06738
0 0.03564 0.37598 0.07129 0.04297
0 0.11426 0.27539 0.08398 0.04297
0 0.29688 0.36865 0.04688 0.03809
0 0.34082 0.39795 0.06055 0.04395
0 0.72461 0.72607 0.05469 0.05371
0 0.32031 0.82861 0.04492 0.05371
0 0.91309 0.61035 0.05859 0.08398
