0 0.0293 0.69092 0.05859 0.08691
0 0.22461 0.96484 0.0957 0.07031
0 0.90674 0.56348 0.08496 0.17773
0 0.16064 0.55322 0.09668 0.10254
0 0.29736 0.60889 0.10254 0.09863
0 0.40088 0.17676 0.11816 0.11523
0 0.87354 0.43115 0.1123 0.13379
0 0.20459 0.84473 0.0752 0.10547
0 0.14111 0.16992 0.1084 0.17578
0 0.46924 0.41602 0.12598 0.11523
0 0.41553 0.60742 0.12207 0.07227
0 0.55469 0.1084 0.19531 0.12695
0 0.37207 0.27637 0.08789 0.07812
0 0.44092 0.31982 0.07715 0.13965
0 0.74316 0.97607 0.08203 0.04785
0 0.44482 0.83789 0.2002 0.09766
0 0.49561 0.96582 0.08301 0.06836
0 0.40234 0.0708 0.13867 0.13965
0 0.06104 0.36816 0.12207 0.09766
0 0.81885 0.56885 0.11816 0.06934
0 0.07471 0.32178 0.09473 0.06543
0 0.77246 0.52295 0.14453 0.16699
0 0.10547 0.05078 0.11719 0.09766
0 0.48242 0.81055 0.08008 0.1875
0 0.26709 0.51709 0.0498 0.0752
0 0.54834 0.94238 0.08691 0.11523
0 0.56494 0.04834 0.08301 0.07715
0 0.49316 0.62549 0.08008 0.0752
