0 0.42725 0.11035 0.11621 0.10547
0 0.60449 0.49463 0.11523 0.09473
0 0.2832 0.41357 0.12305 0.10254
0 0.29199 0.69434 0.08984 0.08984
0 0.6167 0.89893 0.08691 0.11816
0 0.4248 0.66064 0.09961 0.08691
0 0.52686 0.5542 0.10059 0.09473
0 0.41602 0.73438 0.10742 0.13477
0 0.71094 0.10693 0.09766 0.0791
0 0.24219 0.22217 0.10938 0.12012
0 0.50293 0.93945 0.11914 0.12109
0 0.39453 0.03857 0.10547 0.07715
0 0.82617 0.11279 0.14453 0.06543
0 0.47998 0.38965 0.08496 0.10547
0 0.16846 0.98096 0.09668 0.03809
0 0.19189 0.91797 0.1123 0.07227
0 0.38574 0.27051 0.08203 0.08789
0 0.48486 0.21582 0.0752 0.07812
