0 0.05029 0.44971 0.07324 0.07715
0 0.17041 0.53418 0.0791 0.08203
0 0.27393 0.44629 0.07715 0.08008
0 0.25391 0.59326 0.07031 0.06348
0 0.44238 0.32324 0.06836 0.09766
0 0.4668 0.49756 0.09375 0.07324
0 0.51904 0.53711 0.06934 0.07031
0 0.5874 0.6084 0.06152 0.06836
0 0.64746 0.63037 0.06055 0.06543
0 0.66846 0.52539 0.06348 0.05664
0 0.63086 0.48193 0.10352 0.08301
0 0.77832 0.40137 0.07422 0.07422
0 0.9082 0.40186 0.0918 0.08691
0 0.97949 0.51172 0.04102 0.07031
0 0.91553 0.54053 0.05371 0.06348
0 0.90527 0.71777 0.06836 0.12109
0 0.97314 0.90332 0.05371 0.07422
0 0.91162 0.94971 0.08887 0.06738
0 0.85498 0.86621 0.0752 0.07227
0 0.73291 0.91406 0.08301 0.05859
0 0.75195 0.97559 0.06445 0.04883
0 0.62256 0.82471 0.06934 0.05957
0 0.4917 0.95459 0.0752 0.09082
0 0.40088 0.82275 0.06934 0.07324
0 0.34473 0.83691 0.06445 0.07227
0 0.37891 0.87646 0.0625 0.06543
0 0.40283 0.96826 0.0752 0.06348
0 0.1748 0.9585 0.05859 0.05762
0 0.17432 0.91064 0.05371 0.05371
0 0.8877 0.58691 0.06445 0.06836
0 0.58057 0.54248 0.08105 0.08496
0 0.56543 0.98096 0.04102 0.03809
0 0.85352 0.82324 0.03906 0.03906
0 0.95996 0.98389 0.0625 0.03223
0 0.09766 0.9707 0.0625 0.05859
0 0.52246 0.96484 0.04688 0.05469
