0 0.79834 0.3833 0.08301 0.10254
0 0.26709 0.29443 0.10059 0.06934
0 0.94189 0.04102 0.09473 0.08203
0 0.16846 0.4707 0.08691 0.0625
0 0.83203 0.8457 0.08984 0.08203
0 0.81982 0.22705 0.0752 0.0752
0 0.36328 0.83105 0.08203 0.10742
0 0.5542 0.20557 0.08496 0.08301
0 0.72119 0.97607 0.08496 0.04785
0 0.1333 0.3999 0.07715 0.0752
0 0.04688 0.83936 0.08984 0.10449
0 0.86963 0.5835 0.08496 0.06738
0 0.48438 0.41846 0.08984 0.09277
0 0.16455 0.83936 0.0791 0.0752
0 0.96973 0.61328 0.06055 0.10156
0 0.84961 0.14844 0.07031 0.08203
0 0.04346 0.02295 0.08691 0.0459
0 0.03809 0.50342 0.07617 0.09473
0 0.46582 0.90723 0.07812 0.08984
0 0.30469 0.19189 0.07031 0.0752
0 0.41064 0.11572 0.07715 0.07715
0 0.65088 0.81689 0.08301 0.06543
0 0.15186 0.08984 0.10449 0.08008
0 0.51807 0.75195 0.07715 0.0957
0 0.70312 0.63721 0.07227 0.0752
0 0.2334 0.9541 0.07812 0.08008
0 0.25293 0.67334 0.07227 0.08301
0 0.67578 0.38818 0.07227 0.09277
0 0.61914 0.55176 0.08008 0.08008
0 0.90088 0.76318 0.08301 0.10254
0 0.35938 0.63721 0.06055 0.12012
0 0.68701 0.56982 0.06934 0.0498
0 0.76953 0.66113 0.09961 0.07227
0 0.86475 0.71582 0.05957 0.0625
0 0.01758 0.20752 0.03516 0.07324
0 0.01855 0.15283 0.03711 0.05566
0 0.38477 0.4126 0.04492 0.06543
