0 0.20801 0.27246 0.08398 0.16406
0 0.28809 0.30225 0.11523 0.08691
0 0.05615 0.18164 0.08496 0.06836
0 0.22266 0.15869 0.06836 0.07324
0 0.4458 0.22266 0.11816 0.10156
0 0.06738 0.32764 0.08594 0.1416
0 0.25439 0.50879 0.10254 0.08398
0 0.40332 0.45166 0.10742 0.15137
0 0.51025 0.37158 0.13379 0.09277
0 0.49951 0.45752 0.07324 0.08887
0 0.55713 0.52783 0.04785 0.09863
0 0.67627 0.47314 0.06934 0.09277
0 0.67627 0.12549 0.14355 0.10059
0 0.76953 0.12012 0.07422 0.0625
0 0.41504 0.05029 0.12695 0.0752
0 0.46875 0.10449 0.07617 0.07617
0 0.14453 0.7207 0.11328 0.08203
0 0.24268 0.8418 0.08301 0.15625
0 0.1416 0.8584 0.08008 0.20312
0 0.50146 0.74854 0.0752 0.07129
0 0.49609 0.60205 0.13281 0.06934
0 0.5083 0.65234 0.0752 0.0918
0 0.68506 0.76465 0.06152 0.11328
0 0.47656 0.93701 0.08594 0.07324
0 0.29297 0.98193 0.125 0.03613
0 0.81006 0.91943 0.05957 0.06934
0 0.97559 0.14551 0.04883 0.08594
0 0.82959 0.41504 0.08887 0.06641
0 0.85254 0.48096 0.07227 0.09473
0 0.94238 0.50439 0.07227 0.07129
0 0.85596 0.55322 0.08691 0.05762
0 0.97021 0.71387 0.05957 0.07617
0 0.88525 0.08936 0.08301 0.08301
0 0.29541 0.03027 0.08301 0.06055
0 0.03809 0.4873 0.07617 0.08594
0 0.0293 0.22461 0.05664 0.17383
0 0.96826 0.76709 0.06348 0.09082
0 0.31201 0.55811 0.08691 0.08301
0 0.10596 0.7583 0.09082 0.07715
0 0.37451 0.16602 0.07324 0.07422
0 0.82422 0.64697 0.05078 0.06348
0 0.6084 0.82812 0.04883 0.08008
0 0.33691 0.10938 0.07422 0.08203
0 0.34424 0.02588 0.06543 0.0498
0 0.02246 0.5376 0.04492 0.0752
0 0.01318 0.64111 0.02637 0.08301
0 0.9834 0.5791 0.0332 0.06445
0 0.96875 0.98682 0.0625 0.02637
0 0.70312 0.74609 0.05664 0.05469
