0 0.61865 0.11621 0.05762 0.08594
0 0.53125 0.58301 0.05859 0.08398
0 0.11377 0.47217 0.08105 0.0752
0 0.16992 0.5625 0.07422 0.08008
0 0.04443 0.16406 0.08887 0.09766
0 0.09473 0.08838 0.03906 0.09473
0 0.4165 0.33301 0.06152 0.08203
0 0.5835 0.3374 0.0498 0.12402
0 0.28027 0.30469 0.04102 0.10352
0 0.93164 0.50879 0.05859 0.08789
0 0.70898 0.19385 0.04492 0.07715
0 0.4917 0.47803 0.04785 0.09473
0 0.70166 0.42139 0.05957 0.07324
0 0.02783 0.09473 0.04395 0.08594
0 0.16797 0.47363 0.0332 0.08984
0 0.11377 0.32861 0.06934 0.06934
0 0.47461 0.06934 0.08398 0.09961
0 0.54492 0.44873 0.07227 0.05566
0 0.17334 0.35449 0.03223 0.09961
0 0.92432 0.10156 0.0498 0.08984
0 0.63428 0.56201 0.04004 0.06934
0 0.23389 0.28809 0.03613 0.0625
0 0.14844 0.62158 0.03906 0.06348
0 0.75781 0.40283 0.04102 0.0791
0 0.09229 0.14697 0.05176 0.07129
0 0.32031 0.8833 0.06836 0.06348
0 0.91943 0.26611 0.06738 0.05371
0 0.19766 0.83164 0.04102 0.06836
0 0.40088 0.60889 0.05762 0.05566
0 0.87695 0.55957 0.05859 0.07227
0 0.47021 0.4917 0.06348 0.05957
0 0.85693 0.18994 0.05371 0.06543
0 0.47461 0.40137 0.04688 0.07031
0 0.06885 0.64014 0.06152 0.04395
0 0.9292 0.68555 0.05762 0.03516
0 0.65723 0.87354 0.05078 0.04199
0 0.83398 0.5376 0.07422 0.09277
0 0.75635 0.19922 0.02832 0.06641
0 0.88037 0.29541 0.04395 0.10645
0 0.48193 0.729 0.05371 0.04785
0 0.73877 0.01855 0.0498 0.03711
0 0.91699 0.2168 0.03711 0.05273
0 0.28906 0.24414 0.03711 0.05664
0 0.44482 0.24805 0.04004 0.05664
0 0.07568 0.72803 0.0459 0.06543
0 0.03955 0.94873 0.04199 0.03418
0 0.9458 0.09766 0.04004 0.07617
0 0.2832 0.98047 0.02539 0.03906
0 0.93896 0.84961 0.03809 0.04102
0 0.54248 0.74414 0.02637 0.05273
0 0.93604 0.47314 0.03027 0.06152
0 0.38867 0.01367 0.03711 0.02734
0 0.69385 0.49023 0.03613 0.07227
0 0.67578 0.53809 0.03125 0.06445
0 0.11914 0.70264 0.03711 0.03027
0 0.73877 0.93848 0.06934 0.05469
0 0.83789 0.82812 0.0293 0.06055
0 0.62158 0.26221 0.02832 0.05957
0 0.2251 0.96289 0.03613 0.04688
0 0.0835 0.68555 0.04199 0.02539
0 0.52441 0.64014 0.02539 0.0459
0 0.14648 0.05029 0.04688 0.05566
0 0.95557 0.65869 0.04785 0.05762
0 0.29443 0.49414 0.07324 0.10352
0 0.29053 0.70068 0.10645 0.04004
0 0.44678 0.45264 0.03418 0.03613
0 0.40625 0.46143 0.06641 0.12012
0 0.71631 0.6626 0.06934 0.09082
0 0.49951 0.20752 0.06543 0.06152
