0 0.02197 0.79883 0.04395 0.06445
0 0.0249 0.43018 0.0498 0.07129
0 0.02051 0.55908 0.04102 0.07715
0 0.04053 0.66064 0.08105 0.07129
0 0.10693 0.62354 0.07129 0.10449
0 0.08887 0.52051 0.0625 0.07812
0 0.1582 0.53809 0.07227 0.09766
0 0.21045 0.48291 0.07129 0.05762
0 0.25928 0.46484 0.05762 0.08398
0 0.3667 0.54785 0.07129 0.06641
0 0.37451 0.44727 0.10645 0.05664
0 0.09326 0.30273 0.06934 0.11719
0 0.17041 0.28906 0.11816 0.11719
0 0.28516 0.33301 0.08008 0.08008
0 0.40771 0.25342 0.06543 0.0752
0 0.35107 0.13477 0.08691 0.09375
0 0.25049 0.14648 0.05762 0.10742
0 0.11816 0.14648 0.07422 0.07812
0 0.03955 0.02539 0.06738 0.04883
0 0.56396 0.0332 0.05957 0.06641
0 0.46729 0.03125 0.06152 0.05859
0 0.6626 0.15186 0.06934 0.07129
0 0.58936 0.22412 0.07715 0.10059
0 0.74463 0.20215 0.11035 0.0957
0 0.72314 0.13379 0.07129 0.06641
0 0.79297 0.32617 0.08008 0.07617
0 0.77734 0.05176 0.06641 0.10352
0 0.93506 0.06055 0.07129 0.0625
0 0.84131 0.07275 0.06543 0.05566
0 0.45752 0.40332 0.0752 0.13867
0 0.59961 0.38428 0.07031 0.13965
0 0.65186 0.42725 0.06738 0.06152
0 0.45215 0.61963 0.06641 0.11621
0 0.56396 0.63037 0.06543 0.07129
0 0.58984 0.71973 0.14453 0.08594
0 0.75049 0.70996 0.12402 0.07617
0 0.78711 0.53564 0.10547 0.08496
0 0.82275 0.47266 0.11426 0.06055
0 0.88818 0.61572 0.05762 0.1084
0 0.98047 0.20996 0.03906 0.11328
0 0.91309 0.81006 0.10156 0.08691
0 0.60059 0.88965 0.07812 0.07031
0 0.67529 0.91797 0.0791 0.07422
0 0.646 0.84961 0.12598 0.07422
0 0.44287 0.97412 0.06738 0.05176
0 0.32861 0.75098 0.10645 0.12891
0 0.03955 0.95996 0.04785 0.04883
0 0.03613 0.33447 0.05664 0.05762
0 0.50879 0.41553 0.04883 0.07715
0 0.5498 0.02246 0.07227 0.04492
0 0.99121 0.07666 0.01758 0.11816
0 0.12988 0.97852 0.02734 0.04102
0 0.24316 0.95312 0.03711 0.05859
0 0.01025 0.89404 0.02051 0.08105
0 0.99365 0.37793 0.0127 0.04297
0 0.92432 0.91162 0.04199 0.04004
0 0.82422 0.00928 0.03906 0.01855
