0 0.46973 0.51221 0.11523 0.10449
0 0.42578 0.28955 0.12695 0.13965
0 0.12939 0.94678 0.12988 0.09473
0 0.08838 0.62256 0.17285 0.10254
0 0.56592 0.29834 0.12207 0.08691
0 0.48291 0.05322 0.1123 0.09277
0 0.89453 0.11426 0.17969 0.15039
0 0.78076 0.3208 0.16309 0.1377
0 0.12402 0.24414 0.04688 0.08984
0 0.6582 0.57812 0.11328 0.10742
0 0.64453 0.34717 0.11523 0.12012
0 0.60205 0.91553 0.19043 0.12793
0 0.42725 0.16211 0.08496 0.07422
0 0.60791 0.99854 0.14746 0.00293
0 0.05811 0.82666 0.11621 0.1416
0 0.36572 0.63184 0.10254 0.08008
0 0.44678 0.63477 0.12012 0.08984
0 0.38916 0.08203 0.08496 0.10547
0 0.52588 0.20703 0.13184 0.09961
0 0.66748 0.07227 0.20996 0.13477
0 0.16406 0.8457 0.10352 0.10547
0 0.56104 0.57715 0.1123 0.08008
0 0.97314 0.28369 0.05371 0.10449
0 0.69482 0.62109 0.2002 0.13281
0 0.15283 0.18213 0.06348 0.06934
