0 0.46191 0.03125 0.10938 0.0625
0 0.74463 0.03711 0.13965 0.07422
0 0.34668 0.65576 0.11523 0.1084
0 0.59912 0.01953 0.08496 0.03906
0 0.14209 0.12207 0.13574 0.07031
0 0.16602 0.58691 0.14258 0.11523
0 0.72217 0.78467 0.10059 0.12988
0 0.42188 0.51465 0.10547 0.09961
0 0.64453 0.59082 0.13477 0.10742
0 0.4541 0.34717 0.125 0.11035
0 0.14502 0.79834 0.0791 0.09277
0 0.56201 0.80566 0.11426 0.13281
0 0.47705 0.85205 0.12012 0.10449
0 0.36328 0.94971 0.10742 0.09473
0 0.06348 0.27002 0.11328 0.10059
0 0.57715 0.9624 0.11523 0.0752
0 0.54932 0.1582 0.0752 0.0625
0 0.55811 0.26807 0.08301 0.07715
0 0.50977 0.2168 0.10547 0.09961
0 0.51953 0.51807 0.10938 0.10254
