0 0.9292 0.25684 0.09473 0.11523
0 0.45703 0.11084 0.0957 0.22168
0 0.93994 0.02734 0.12012 0.05469
0 0.58838 0.4585 0.09277 0.1123
0 0.41797 0.84277 0.06836 0.0957
0 0.34473 0.54199 0.08008 0.08008
0 0.40967 0.67822 0.09473 0.09277
0 0.9585 0.16357 0.08301 0.07715
0 0.64209 0.27979 0.14551 0.13965
0 0.79199 0.60059 0.08984 0.10742
0 0.51904 0.73779 0.12988 0.15137
0 0.71436 0.45947 0.0752 0.06543
0 0.69434 0.70801 0.08984 0.09766
0 0.82471 0.02734 0.11035 0.05469
0 0.88086 0.6543 0.08789 0.19531
0 0.59668 0.91602 0.08008 0.16797
0 0.77441 0.15332 0.14062 0.12305
0 0.9043 0.42969 0.09961 0.09961
0 0.92188 0.54688 0.06055 0.07031
0 0.40674 0.33203 0.0752 0.09961
0 0.35352 0.90479 0.06641 0.15527
0 0.77344 0.84717 0.08203 0.22949
0 0.56934 0.03467 0.07031 0.06934
0 0.97217 0.5708 0.05566 0.12793
0 0.64502 0.57227 0.06738 0.06055
0 0.67578 0.91846 0.12695 0.16309
0 0.93115 0.95361 0.09668 0.09277
0 0.53516 0.87305 0.0957 0.12891
0 0.40869 0.89502 0.09668 0.12598
