0 0.73779 0.07129 0.06934 0.0957
0 0.34766 0.30566 0.05469 0.08008
0 0.75 0.22217 0.06055 0.10254
0 0.45996 0.1709 0.0918 0.04883
0 0.43408 0.56982 0.09082 0.06348
0 0.70898 0.67578 0.06641 0.03711
0 0.80566 0.52148 0.06055 0.07617
0 0.34717 0.08936 0.06348 0.09668
0 0.78516 0.70996 0.05469 0.07422
0 0.21631 0.23486 0.08887 0.06543
0 0.03809 0.43066 0.07617 0.04102
0 0.43311 0.9248 0.05371 0.03516
0 0.22705 0.29883 0.10059 0.05469
0 0.87793 0.86572 0.04688 0.06738
0 0.97461 0.53906 0.05078 0.07617
0 0.20312 0.91748 0.08008 0.05371
0 0.92822 0.59229 0.06348 0.05762
0 0.59082 0.09082 0.06055 0.05273
0 0.11084 0.10449 0.09277 0.06055
0 0.01855 0.46387 0.03711 0.03516
0 0.22266 0.95557 0.09375 0.0498
0 0.43066 0.10498 0.08984 0.06738
0 0.38623 0.4668 0.09277 0.06445
0 0.03711 0.03223 0.07227 0.04883
0 0.95605 0.33838 0.08789 0.10059
0 0.73242 0.62012 0.04492 0.10156
0 0.31348 0.56982 0.10742 0.0752
0 0.97754 0.26807 0.04492 0.04395
0 0.55371 0.9375 0.10938 0.06445
0 0.95264 0.55469 0.06348 0.06055
0 0.02734 0.39746 0.05469 0.03516
0 0.09961 0.97412 0.10742 0.04395
0 0.66113 0.02734 0.05078 0.05273
0 0.35059 0.62354 0.07812 0.05762
0 0.13428 0.51562 0.05371 0.07031
0 0.53564 0.2627 0.11816 0.08984
0 0.12305 0.55029 0.03906 0.03809
0 0.13672 0.02832 0.05859 0.05469
0 0.77344 0.39746 0.04688 0.06055
0 0.54297 0.35205 0.04883 0.05762
0 0.4624 0.45264 0.06152 0.04395
0 0.98682 0.91406 0.02637 0.03711
0 0.13281 0.58057 0.09961 0.08301
0 0.04492 0.94629 0.06055 0.04297
0 0.20947 0.98682 0.10254 0.02441
0 0.70264 0.31934 0.0498 0.05859
0 0.23486 0.43896 0.05762 0.04004
0 0.01465 0.77588 0.0293 0.03223
0 0.20459 0.64502 0.10059 0.04785
0 0.45508 0.07275 0.09766 0.05566
0 0.07617 0.60986 0.08008 0.07129
0 0.27686 0.38184 0.08301 0.03906
0 0.36035 0.83838 0.0957 0.06543
0 0.46338 0.03857 0.06348 0.01855
0 0.89697 0.69189 0.04395 0.03418
0 0.01562 0.65674 0.0293 0.03809
0 0.92041 0.96631 0.04395 0.0498
0 0.64746 0.09961 0.06641 0.04883
0 0.5874 0.36719 0.04199 0.04688
0 0.50781 0.14893 0.06836 0.03613
0 0.64453 0.70605 0.04688 0.0332
0 0.20801 0.74414 0.08008 0.0332
0 0.08789 0.67773 0.07617 0.03906
0 0.58691 0.70459 0.07617 0.04785
0 0.63037 0.95508 0.05566 0.0625
0 0.25 0.85107 0.07617 0.09277
0 0.01465 0.92432 0.0293 0.03613
0 0.40674 0.75146 0.07129 0.03809
0 0.98438 0.31152 0.03125 0.05664
0 0.99121 0.75098 0.01758 0.01758
0 0.52539 0.98096 0.05078 0.03223
0 0.84473 0.04541 0.07227 0.0752
0 0.84717 0.94189 0.04004 0.04199
0 0.71094 0.56934 0.08008 0.07812
0 0.58984 0.55908 0.0957 0.09473
0 0.55664 0.49609 0.07422 0.04688
0 0.58105 0.58643 0.06055 0.05176
0 0.59717 0.49463 0.0459 0.05176
0 0.87354 0.10938 0.06543 0.06641
0 0.26025 0.0415 0.0752 0.07715
0 0.85352 0.73193 0.04883 0.06348
0 0.97559 0.729 0.04492 0.06152
0 0.8042 0.22119 0.0459 0.05371
