0 0.04443 0.04248 0.08887 0.05762
0 0.10791 0.25146 0.08496 0.05762
0 0.24609 0.16406 0.09961 0.05273
0 0.31104 0.03174 0.08691 0.04785
0 0.46729 0.02051 0.13574 0.04102
0 0.65527 0.09082 0.07031 0.08203
0 0.65332 0.06934 0.05469 0.08594
0 0.68018 0.06006 0.0752 0.05957
0 0.75879 0.08594 0.0957 0.08789
0 0.81152 0.08105 0.0957 0.05469
0 0.63574 0.24658 0.08008 0.0791
0 0.74707 0.26562 0.0918 0.05273
0 0.70605 0.41602 0.07227 0.05273
0 0.63916 0.39209 0.1084 0.0459
0 0.5293 0.41943 0.05859 0.03418
0 0.68018 0.53125 0.08691 0.04297
0 0.78906 0.51611 0.06641 0.03223
0 0.7959 0.46924 0.07227 0.06152
0 0.80957 0.44287 0.04883 0.05566
0 0.9292 0.24023 0.07324 0.05273
0 0.91406 0.37891 0.02734 0.07812
0 0.12646 0.71094 0.05957 0.07031
0 0.26904 0.79541 0.06738 0.09082
0 0.36182 0.77051 0.09668 0.07031
0 0.41016 0.8418 0.08398 0.05469
0 0.27588 0.91602 0.10254 0.05273
0 0.78613 0.85986 0.06836 0.0459
0 0.80908 0.85596 0.08105 0.05566
0 0.86621 0.9751 0.0918 0.03418
0 0.95068 0.97559 0.0752 0.04102
0 0.70508 0.91699 0.04102 0.04492
0 0.53467 0.92578 0.06543 0.05469
0 0.65918 0.79785 0.04102 0.03906
0 0.80518 0.72705 0.03223 0.05957
0 0.03223 0.91016 0.06445 0.0332
0 0.13086 0.83936 0.05859 0.03809
0 0.36523 0.91357 0.04688 0.04785
0 0.02979 0.50049 0.05957 0.03809
0 0.16943 0.45508 0.06543 0.0332
0 0.02881 0.29004 0.05762 0.04883
0 0.45703 0.30029 0.05664 0.04395
0 0.5249 0.1167 0.08301 0.05371
