0 0.92969 0.30322 0.13477 0.07715
0 0.17529 0.2085 0.06543 0.0791
0 0.92139 0.16846 0.15723 0.07715
0 0.79443 0.75195 0.05566 0.05469
0 0.54639 0.68262 0.13574 0.14844
0 0.50879 0.16309 0.06641 0.08984
0 0.76416 0.27588 0.12988 0.12207
0 0.34082 0.2373 0.11328 0.16016
0 0.06055 0.2876 0.07812 0.11621
0 0.28516 0.55859 0.0957 0.09766
0 0.86426 0.40576 0.15039 0.07324
0 0.8457 0.47998 0.09766 0.08496
0 0.29053 0.97754 0.1123 0.04492
0 0.96973 0.83252 0.06055 0.08496
0 0.80908 0.65039 0.10059 0.0625
0 0.71973 0.85449 0.06055 0.08008
0 0.18457 0.04053 0.07422 0.07715
0 0.05176 0.44287 0.08984 0.08301
0 0.12354 0.02344 0.04785 0.04297
0 0.67285 0.50146 0.06836 0.09473
0 0.62402 0.18164 0.03906 0.05273
