0 0.01953 0.71777 0.03906 0.06641
0 0.07715 0.82568 0.07812 0.07324
0 0.04785 0.98779 0.08984 0.02441
0 0.14893 0.91064 0.07715 0.05371
0 0.03516 0.61621 0.07031 0.07031
0 0.06396 0.45312 0.10645 0.06445
0 0.34375 0.46436 0.04688 0.05762
0 0.08936 0.3042 0.05371 0.0498
0 0.23242 0.37891 0.09766 0.10352
0 0.32568 0.18555 0.07129 0.07031
0 0.23975 0.11621 0.0752 0.05469
0 0.2832 0.02832 0.14453 0.05664
0 0.37354 0.06592 0.0498 0.0459
0 0.53223 0.03906 0.07422 0.07422
0 0.57959 0.19922 0.0752 0.07227
0 0.6709 0.14648 0.10938 0.05664
0 0.67334 0.32471 0.08887 0.1123
0 0.39551 0.36719 0.05469 0.07422
0 0.41504 0.45947 0.06836 0.09863
0 0.57324 0.42871 0.10352 0.08398
0 0.4502 0.54492 0.0918 0.06836
0 0.5498 0.521 0.07422 0.05957
0 0.47021 0.64307 0.06152 0.06543
0 0.31836 0.71387 0.06836 0.07422
0 0.27344 0.55811 0.08398 0.05957
0 0.21777 0.62158 0.11523 0.08691
0 0.20459 0.76807 0.10059 0.10645
0 0.31543 0.8623 0.10938 0.10156
0 0.38477 0.78467 0.08203 0.06738
0 0.47168 0.71338 0.06836 0.06348
0 0.27197 0.95752 0.09863 0.06934
0 0.41016 0.9585 0.08008 0.08301
0 0.7085 0.98096 0.08105 0.03809
0 0.97266 0.94336 0.05469 0.08008
0 0.94043 0.86719 0.07812 0.0625
0 0.85791 0.7832 0.07715 0.10156
0 0.78809 0.7373 0.05664 0.07422
0 0.70508 0.76221 0.11133 0.06738
0 0.68213 0.85498 0.08301 0.07129
0 0.93701 0.64551 0.0791 0.07227
0 0.98389 0.60596 0.03223 0.06934
0 0.62061 0.61377 0.09277 0.06348
0 0.59521 0.67578 0.05957 0.07227
0 0.6875 0.66357 0.0625 0.05176
0 0.73535 0.60742 0.09961 0.06641
0 0.80762 0.5498 0.06055 0.06836
0 0.70703 0.51318 0.08398 0.06543
0 0.81885 0.40527 0.0791 0.07227
0 0.91797 0.44971 0.13086 0.07715
0 0.90186 0.22998 0.08105 0.06934
0 0.86865 0.13477 0.07324 0.05469
0 0.91406 0.09082 0.06836 0.06445
0 0.81055 0.06787 0.06641 0.05762
0 0.77832 0.03271 0.06641 0.06348
0 0.08643 0.02197 0.05762 0.04395
0 0.89941 0.04834 0.05664 0.06738
0 0.3042 0.60254 0.06738 0.0625
0 0.53955 0.98193 0.07129 0.03613
0 0.99268 0.48389 0.01465 0.03613
