0 0.02197 0.56445 0.04395 0.10156
0 0.08496 0.72607 0.05078 0.08105
0 0.1543 0.60791 0.09766 0.11035
0 0.12744 0.47021 0.1416 0.08496
0 0.07129 0.2334 0.11914 0.14062
0 0.19775 0.30908 0.09863 0.09277
0 0.09082 0.00928 0.09375 0.01855
0 0.51953 0.01025 0.0957 0.02051
0 0.74561 0.05957 0.08105 0.07422
0 0.4585 0.20459 0.11426 0.1123
0 0.54297 0.2207 0.06445 0.09961
0 0.53027 0.30127 0.10156 0.07324
0 0.39795 0.30273 0.15723 0.05469
0 0.5293 0.38525 0.11719 0.09082
0 0.69487 0.39155 0.09111 0.10908
0 0.85742 0.3208 0.08789 0.09082
0 0.83789 0.23779 0.0918 0.08105
0 0.97607 0.16699 0.04785 0.10742
0 0.95947 0.45459 0.08105 0.06934
0 0.66211 0.50293 0.06641 0.06836
0 0.53857 0.47461 0.05957 0.0625
0 0.54053 0.56152 0.0791 0.08008
0 0.69189 0.67041 0.10645 0.06348
0 0.67773 0.72949 0.10938 0.06836
0 0.604 0.77246 0.16113 0.07812
0 0.4834 0.78857 0.10742 0.11621
0 0.3501 0.85156 0.06348 0.06445
0 0.39941 0.83057 0.04297 0.06152
0 0.2749 0.92334 0.10449 0.07129
0 0.22217 0.97266 0.0752 0.05469
0 0.55181 0.88892 0.07471 0.08955
