0 0.96729 0.50684 0.06543 0.10547
0 0.26758 0.22217 0.13281 0.11426
0 0.96777 0.15869 0.0625 0.1123
0 0.93994 0.86572 0.12012 0.1377
0 0.55713 0.3125 0.09473 0.11523
0 0.72217 0.74316 0.19434 0.12695
0 0.31689 0.0459 0.19434 0.0918
0 0.37061 0.43848 0.15723 0.14258
0 0.96582 0.36084 0.06836 0.09668
0 0.80078 0.11084 0.10156 0.08301
0 0.83203 0.04102 0.08594 0.08203
0 0.74463 0.01709 0.0752 0.03418
0 0.52441 0.96582 0.11523 0.06836
0 0.9165 0.95508 0.16309 0.08984
0 0.74072 0.88965 0.06738 0.06445
0 0.42041 0.88428 0.13379 0.10059
0 0.32471 0.75732 0.09668 0.08301
0 0.70996 0.5791 0.12305 0.08789
0 0.13525 0.18555 0.09277 0.08008
0 0.6626 0.44922 0.08887 0.07617
0 0.54346 0.08936 0.08496 0.07324
