0 0.22363 0.41211 0.08203 0.06836
0 0.05322 0.05713 0.04785 0.07715
0 0.42041 0.3125 0.06543 0.08398
0 0.37207 0.51074 0.06836 0.08203
0 0.61914 0.60742 0.07617 0.08008
0 0.04932 0.6792 0.05762 0.06934
0 0.57178 0.69873 0.06934 0.05762
0 0.0625 0.59033 0.0918 0.06152
0 0.84863 0.0376 0.04297 0.07324
0 0.79688 0.46875 0.06445 0.08203
0 0.50293 0.23291 0.04688 0.09863
0 0.80078 0.15967 0.03125 0.08301
0 0.22803 0.52148 0.06543 0.06445
0 0.74023 0.27637 0.03906 0.06836
0 0.771 0.03418 0.02832 0.06445
0 0.05566 0.15381 0.07422 0.05176
0 0.65869 0.14551 0.09473 0.08984
0 0.67578 0.03857 0.0625 0.05957
0 0.17676 0.61963 0.05078 0.06348
0 0.37012 0.37549 0.11133 0.05762
0 0.29004 0.18018 0.09766 0.08105
0 0.56494 0.56104 0.07129 0.04785
0 0.00977 0.60596 0.01953 0.05566
0 0.46338 0.41699 0.06348 0.05859
0 0.20703 0.85352 0.08984 0.03125
0 0.29834 0.93945 0.05176 0.07422
0 0.5 0.37256 0.0625 0.04395
0 0.53418 0.2168 0.05859 0.05859
0 0.53906 0.97217 0.0918 0.05566
0 0.97021 0.02686 0.03223 0.05371
0 0.93701 0.02051 0.03223 0.04102
0 0.02246 0.57959 0.04492 0.05371
0 0.72563 0.61685 0.05869 0.04482
0 0.06641 0.3623 0.05469 0.04297
0 0.41113 0.69385 0.04688 0.04004
0 0.7251 0.021 0.04004 0.04199
0 0.62061 0.07324 0.06152 0.05078
0 0.84717 0.87891 0.04199 0.08984
0 0.07666 0.98828 0.04785 0.02344
0 0.40479 0.50146 0.06152 0.03027
0 0.8877 0.63818 0.0293 0.0752
0 0.26465 0.5083 0.03516 0.05762
0 0.50342 0.1582 0.04199 0.06445
0 0.13086 0.56787 0.05469 0.04004
0 0.90576 0.73096 0.04004 0.0498
0 0.11475 0.64697 0.0459 0.03809
0 0.97412 0.57666 0.0459 0.03418
0 0.3042 0.98633 0.05762 0.02344
0 0.6958 0.33887 0.02637 0.0625
0 0.59033 0.45996 0.02637 0.07031
0 0.20264 0.69922 0.05176 0.0332
0 0.05615 0.93555 0.0498 0.03516
0 0.84424 0.27979 0.04199 0.04785
0 0.28125 0.10498 0.04688 0.04199
0 0.54541 0.88623 0.0791 0.0498
0 0.83105 0.57324 0.0293 0.08789
0 0.71338 0.34277 0.02832 0.05273
0 0.47607 0.66846 0.04395 0.04004
0 0.38672 0.55957 0.04688 0.04883
0 0.93848 0.70117 0.04297 0.05859
0 0.84326 0.64697 0.03223 0.0498
0 0.83936 0.36523 0.04785 0.0332
0 0.86621 0.9165 0.04883 0.02246
0 0.0957 0.9248 0.05078 0.04297
0 0.33496 0.5293 0.04688 0.07812
0 0.21387 0.67334 0.07031 0.03418
0 0.14893 0.68115 0.05957 0.03613
0 0.48438 0.70898 0.05859 0.03516
0 0.73486 0.67676 0.06738 0.03711
0 0.93555 0.59424 0.03516 0.05176
0 0.79102 0.51074 0.05859 0.03906
0 0.87793 0.63867 0.0332 0.05078
0 0.7124 0.29883 0.10645 0.03906
0 0.3291 0.5 0.06641 0.07812
0 0.30762 0.87012 0.07227 0.05469
0 0.93994 0.93311 0.04785 0.0459
0 0.90283 0.95312 0.05566 0.03906
