0 0.80615 0.25293 0.12207 0.08203
0 0.12793 0.54688 0.12695 0.10547
0 0.05469 0.30811 0.10938 0.08691
0 0.61768 0.57715 0.12598 0.17578
0 0.20215 0.41699 0.10938 0.0957
0 0.49414 0.10205 0.08984 0.12988
0 0.34424 0.75098 0.0752 0.08789
0 0.87598 0.13867 0.17578 0.09766
0 0.09277 0.46436 0.17773 0.09277
0 0.91211 0.69092 0.17578 0.13184
0 0.69775 0.72217 0.15332 0.08105
0 0.82764 0.91113 0.20996 0.16797
0 0.88232 0.40039 0.19238 0.10547
0 0.24316 0.13428 0.17969 0.10449
0 0.62695 0.23828 0.10938 0.09766
0 0.31934 0.19824 0.08008 0.06836
0 0.06543 0.93213 0.07031 0.06934
0 0.63672 0.10107 0.16016 0.06738
0 0.09912 0.39502 0.0791 0.08691
0 0.68555 0.03857 0.19727 0.07715
0 0.62061 0.7583 0.20215 0.11816
0 0.09326 0.68848 0.1084 0.08789
0 0.79297 0.52441 0.17773 0.125
0 0.55762 0.14746 0.08594 0.07617
0 0.85254 0.57666 0.14453 0.09863
0 0.58691 0.3374 0.14453 0.16504
