0 0.04785 0.83789 0.0957 0.0625
0 0.11133 0.93799 0.06836 0.1084
0 0.05811 0.93604 0.07715 0.09668
0 0.14941 0.1875 0.09375 0.12695
0 0.09473 0.19678 0.05859 0.10059
0 0.0708 0.42822 0.1416 0.09082
0 0.07666 0.33057 0.07324 0.10254
0 0.021 0.3335 0.04199 0.09863
0 0.34033 0.10938 0.09082 0.07227
0 0.31396 0.1665 0.08887 0.07715
0 0.52148 0.06641 0.09375 0.05469
0 0.80273 0.11621 0.14648 0.10352
0 0.76562 0.24951 0.08008 0.12012
0 0.61475 0.35596 0.0752 0.06348
0 0.42139 0.34473 0.09082 0.05273
0 0.479 0.25732 0.11426 0.06348
0 0.50146 0.40625 0.07715 0.08594
0 0.45947 0.46143 0.05176 0.07715
0 0.58545 0.57959 0.06738 0.05176
0 0.74902 0.6167 0.12891 0.09473
0 0.95801 0.55957 0.08398 0.04688
0 0.2041 0.54883 0.07227 0.08594
0 0.41309 0.61768 0.09766 0.10449
0 0.31006 0.70117 0.06543 0.10547
0 0.31006 0.89844 0.08105 0.08008
0 0.41016 0.95361 0.07617 0.06934
0 0.55322 0.97949 0.09863 0.04102
0 0.76416 0.90479 0.12207 0.05957
0 0.63477 0.88867 0.07812 0.07031
0 0.48291 0.88965 0.07129 0.07227
0 0.69678 0.34912 0.0752 0.08105
0 0.83789 0.31934 0.16016 0.06055
0 0.91357 0.36328 0.12793 0.07031
0 0.95068 0.26172 0.09863 0.07422
0 0.94385 0.15967 0.08105 0.1377
0 0.84375 0.21387 0.0625 0.07227
