0 0.12598 0.78564 0.08008 0.09082
0 0.33691 0.87891 0.08984 0.0918
0 0.01514 0.22217 0.03027 0.08496
0 0.89014 0.06299 0.08887 0.0791
0 0.2251 0.38574 0.09863 0.08398
0 0.82861 0.52246 0.05371 0.07227
0 0.5542 0.66455 0.0791 0.06152
0 0.92432 0.18457 0.04199 0.09375
0 0.96143 0.30859 0.02246 0.07227
0 0.97021 0.19873 0.0498 0.0791
0 0.29053 0.68018 0.03223 0.06934
0 0.49561 0.13672 0.09863 0.07617
0 0.27051 0.84717 0.05859 0.06934
0 0.83789 0.20117 0.05469 0.06641
0 0.47559 0.8374 0.03125 0.07129
0 0.4043 0.04932 0.04688 0.09863
0 0.93262 0.78271 0.10156 0.08105
0 0.0083 0.04932 0.0166 0.06934
0 0.25991 0.46377 0.05303 0.07598
0 0.61865 0.49805 0.08301 0.07617
0 0.5332 0.78467 0.05664 0.0791
0 0.08301 0.08252 0.05859 0.12793
0 0.12402 0.62744 0.05469 0.06934
0 0.79639 0.64893 0.11035 0.0752
0 0.44873 0.26123 0.11816 0.05371
0 0.64258 0.97705 0.05859 0.0459
0 0.77734 0.75781 0.05469 0.0625
0 0.26318 0.12646 0.05957 0.08691
0 0.51709 0.50488 0.04395 0.06445
0 0.62158 0.84619 0.03027 0.04785
0 0.0166 0.10449 0.0332 0.04883
0 0.33691 0.53369 0.06055 0.05762
0 0.86426 0.44434 0.04297 0.12695
0 0.77051 0.27637 0.04297 0.05273
0 0.8667 0.90967 0.06348 0.0498
0 0.87402 0.1543 0.03516 0.07227
0 0.00781 0.2749 0.01562 0.03809
0 0.52734 0.58447 0.03516 0.07715
0 0.73633 0.52393 0.05664 0.06348
0 0.19268 0.27017 0.0502 0.07686
0 0.63379 0.55566 0.05078 0.03711
0 0.30322 0.62158 0.0459 0.06738
0 0.2041 0.63281 0.05664 0.03711
0 0.98828 0.06201 0.02344 0.08691
0 0.30762 0.97949 0.05078 0.04102
0 0.39697 0.15381 0.0459 0.10645
0 0.79199 0.07959 0.0332 0.08301
0 0.25391 0.93018 0.07227 0.04395
0 0.95312 0.95361 0.03711 0.06543
0 0.01904 0.36865 0.03613 0.04199
0 0.04639 0.41992 0.05762 0.06055
0 0.00977 0.44043 0.01953 0.09766
0 0.47119 0.57812 0.05371 0.04688
0 0.82959 0.86328 0.06543 0.04688
0 0.79688 0.32324 0.05078 0.05859
0 0.36426 0.50098 0.08203 0.05859
0 0.14844 0.42578 0.0625 0.15625
0 0.6582 0.35498 0.05469 0.06348
0 0.83936 0.38721 0.05566 0.12207
0 0.69727 0.521 0.0625 0.07129
