0 0.37158 0.49023 0.06934 0.10156
0 0.58252 0.91943 0.08105 0.08691
0 0.27568 0.40142 0.0748 0.13486
0 0.1167 0.12695 0.08301 0.08594
0 0.25732 0.80322 0.11816 0.08691
0 0.81592 0.73877 0.0791 0.06543
0 0.97461 0.06787 0.05078 0.09863
0 0.2832 0.03027 0.04688 0.06055
0 0.24756 0.54932 0.06152 0.12012
0 0.66406 0.04443 0.06055 0.0791
0 0.67871 0.6626 0.06836 0.07324
0 0.52734 0.31836 0.05859 0.07422
0 0.89502 0.19141 0.06738 0.06641
0 0.29395 0.68604 0.09766 0.05762
0 0.95557 0.54736 0.0459 0.07715
0 0.67139 0.40674 0.05371 0.06738
0 0.57812 0.33252 0.06445 0.10059
0 0.75928 0.38965 0.06152 0.08203
0 0.91895 0.55908 0.07617 0.06543
0 0.5874 0.0625 0.06738 0.07227
0 0.57178 0.14502 0.0752 0.07324
0 0.79541 0.16309 0.0791 0.0625
0 0.95312 0.88379 0.04492 0.06641
0 0.5708 0.56494 0.05176 0.08496
0 0.95752 0.43262 0.08496 0.05859
0 0.94092 0.2002 0.06348 0.12891
0 0.03711 0.12207 0.07227 0.05859
0 0.04102 0.48975 0.08203 0.0498
0 0.08594 0.43066 0.09375 0.03906
0 0.54541 0.62939 0.04395 0.06543
0 0.02539 0.25488 0.04883 0.05664
0 0.72217 0.73584 0.09082 0.04785
0 0.04785 0.76172 0.07812 0.04102
0 0.27783 0.3042 0.06934 0.04395
0 0.21533 0.21289 0.06348 0.08008
0 0.45591 0.60542 0.09014 0.09756
0 0.22852 0.72412 0.16016 0.05762
0 0.2915 0.52246 0.06348 0.10938
0 0.87207 0.42773 0.04102 0.08008
0 0.31689 0.15332 0.08887 0.04883
0 0.67871 0.87744 0.06836 0.07324
0 0.69336 0.93604 0.04883 0.05762
0 0.90527 0.30908 0.09961 0.1416
0 0.29053 0.20459 0.09473 0.05762
0 0.10303 0.74609 0.05566 0.02734
0 0.43896 0.98193 0.03613 0.03613
0 0.89111 0.42041 0.04004 0.0791
0 0.50732 0.12549 0.05566 0.0459
0 0.17529 0.35156 0.06934 0.08008
0 0.03369 0.44189 0.06738 0.04004
0 0.07666 0.96094 0.03809 0.07812
0 0.78613 0.47168 0.02734 0.06641
0 0.13965 0.80176 0.0957 0.04883
0 0.11475 0.24805 0.12207 0.10156
0 0.23389 0.63086 0.08301 0.03906
0 0.56885 0.5459 0.06738 0.0918
0 0.14355 0.89893 0.11133 0.07324
0 0.13721 0.03418 0.06543 0.04297
0 0.2002 0.55078 0.07812 0.0293
0 0.91064 0.97607 0.06543 0.04785
0 0.04053 0.89062 0.02637 0.05469
0 0.19873 0.96777 0.13965 0.03906
0 0.05566 0.82715 0.05859 0.02148
0 0.66797 0.50146 0.03516 0.07129
0 0.92871 0.95508 0.04492 0.06836
0 0.98242 0.02441 0.03516 0.04883
0 0.70264 0.30957 0.04395 0.0918
0 0.0166 0.80127 0.0332 0.05176
0 0.68408 0.021 0.0459 0.04199
0 0.56543 0.78271 0.04883 0.03613
0 0.92725 0.9751 0.06152 0.0498
0 0.10498 0.92188 0.06738 0.05078
0 0.64014 0.65332 0.06348 0.04883
0 0.95361 0.85205 0.09277 0.03613
0 0.70557 0.33154 0.05762 0.12012
0 0.57568 0.77881 0.06152 0.04199
0 0.92725 0.74658 0.05762 0.05566
0 0.07568 0.37793 0.09473 0.04492
0 0.35938 0.43604 0.07227 0.06348
0 0.43848 0.77637 0.08594 0.04297
0 0.64404 0.75244 0.06738 0.05176
0 0.69629 0.80127 0.08594 0.03613
0 0.65527 0.82324 0.0625 0.03711
0 0.81445 0.91211 0.07227 0.06836
0 0.15381 0.7793 0.07129 0.0332
0 0.12402 0.71484 0.0918 0.07227
0 0.95947 0.21045 0.05566 0.11816
0 0.24902 0.16064 0.06641 0.06543
0 0.14453 0.18945 0.13281 0.05078
0 0.04443 0.37256 0.08887 0.0459
0 0.4043 0.10303 0.04883 0.05371
0 0.76416 0.09521 0.05176 0.05762
