0 0.8252 0.11719 0.06055 0.05664
0 0.94775 0.13867 0.05566 0.04297
0 0.88428 0.16211 0.04395 0.04102
0 0.54053 0.03906 0.05176 0.05859
0 0.67529 0.23877 0.09277 0.03809
0 0.74268 0.19629 0.03418 0.05273
0 0.62646 0.14209 0.09473 0.04785
0 0.59863 0.16797 0.0625 0.05273
0 0.52344 0.16748 0.07227 0.04785
0 0.52148 0.20898 0.05078 0.05078
0 0.3999 0.08838 0.08105 0.03613
0 0.38818 0.12012 0.11426 0.0332
0 0.27148 0.19092 0.13477 0.04004
0 0.26514 0.15674 0.05371 0.05371
0 0.03955 0.11816 0.0791 0.04688
0 0.03467 0.19971 0.06934 0.05957
0 0.31396 0.53613 0.09082 0.06445
0 0.14014 0.27686 0.10059 0.05371
0 0.18408 0.28418 0.06348 0.04688
0 0.21436 0.2627 0.09082 0.05078
0 0.33447 0.29834 0.06348 0.08301
0 0.37549 0.31885 0.06738 0.08887
0 0.55078 0.23535 0.05273 0.08008
0 0.71875 0.38086 0.10742 0.05078
0 0.84033 0.33838 0.1123 0.04785
0 0.79102 0.31592 0.04492 0.03027
0 0.87256 0.36719 0.04395 0.06641
0 0.92822 0.37256 0.1123 0.07715
0 0.91406 0.25488 0.08594 0.08789
0 0.85107 0.89941 0.05566 0.04883
0 0.9043 0.72461 0.04297 0.05469
0 0.79248 0.62598 0.07715 0.05078
0 0.71143 0.68408 0.05371 0.04199
0 0.67676 0.75586 0.06836 0.07031
0 0.69482 0.84277 0.10254 0.07422
0 0.66699 0.84863 0.04492 0.07031
0 0.62646 0.8252 0.05176 0.06641
0 0.59717 0.94775 0.07715 0.10059
0 0.5127 0.73584 0.0625 0.05762
0 0.57275 0.77393 0.04785 0.07324
0 0.30078 0.76172 0.10938 0.04688
0 0.31885 0.87158 0.08105 0.03613
0 0.27637 0.95459 0.09766 0.09082
0 0.26221 0.89893 0.05957 0.1123
0 0.10107 0.67725 0.09082 0.05176
