0 0.18018 0.1582 0.09277 0.07031
0 0.91357 0.05566 0.10645 0.05469
0 0.26074 0.59326 0.09766 0.08691
0 0.81934 0.23828 0.09961 0.06445
0 0.35791 0.40674 0.10254 0.08496
0 0.27148 0.0708 0.13672 0.05762
0 0.30713 0.69238 0.10449 0.08008
0 0.79346 0.42578 0.08691 0.07812
0 0.38086 0.2915 0.10742 0.0752
0 0.13721 0.27344 0.09473 0.11523
0 0.50049 0.52148 0.11816 0.07422
0 0.00098 0.00586 0.00195 0.01172
0 0.96289 0.51514 0.07422 0.07324
0 0.0376 0.1958 0.0752 0.06738
0 0.05029 0.13525 0.07715 0.05762
0 0.26074 0.43115 0.08203 0.09668
0 0.08838 0.07959 0.07324 0.05957
0 0.19775 0.49463 0.06934 0.09473
0 0.08105 0.65576 0.10938 0.09277
0 0.15527 0.94434 0.09961 0.11133
0 0.96875 0.25 0.0625 0.06445
0 0.11426 0.79492 0.08203 0.11719
0 0.14209 0.68701 0.0752 0.0752
0 0.43604 0.32422 0.12793 0.07031
0 0.5835 0.54736 0.11816 0.05957
0 0.91064 0.75439 0.08105 0.0791
0 0.94287 0.03076 0.1084 0.04395
0 0.97949 0.16699 0.04102 0.0625
0 0.97754 0.32471 0.04492 0.06738
0 0.98096 0.57666 0.03809 0.05957
0 0.97461 0.60889 0.05078 0.07129
0 0.86084 0.54053 0.08887 0.0791
0 0.97852 0.86084 0.04297 0.09277
0 0.96387 0.79346 0.07227 0.09668
0 0.25342 0.01807 0.08105 0.03613
0 0.16943 0.10156 0.07129 0.05664
