0 0.58789 0.77197 0.0625 0.06934
0 0.97607 0.67041 0.04785 0.06738
0 0.12598 0.40576 0.08203 0.10254
0 0.91553 0.9209 0.07129 0.09766
0 0.14746 0.2251 0.08789 0.15137
0 0.14551 0.63818 0.09766 0.08691
0 0.50684 0.35596 0.08984 0.09277
0 0.50439 0.07812 0.10059 0.11719
0 0.61719 0.34424 0.07031 0.08496
0 0.61719 0.6958 0.10938 0.1084
0 0.59814 0.57861 0.08301 0.09277
0 0.48193 0.75342 0.11426 0.09277
0 0.69238 0.51465 0.08008 0.08984
0 0.59082 0.48828 0.08203 0.10156
0 0.24561 0.56152 0.06543 0.07031
0 0.07324 0.32861 0.0918 0.09277
0 0.33301 0.94678 0.0625 0.0752
0 0.52295 0.25195 0.06738 0.07422
0 0.80664 0.66357 0.05859 0.05957
0 0.80176 0.50098 0.07031 0.07227
0 0.76318 0.80957 0.05176 0.07422
0 0.1084 0.9292 0.0918 0.07324
0 0.40234 0.0332 0.08008 0.0625
0 0.79688 0.97119 0.06055 0.05762
0 0.7002 0.62451 0.04883 0.05957
0 0.07227 0.14062 0.05469 0.07227
0 0.02588 0.20557 0.04785 0.07715
0 0.04053 0.65479 0.07715 0.0498
0 0.03711 0.70166 0.07031 0.0498
0 0.19482 0.21191 0.03613 0.05469
