0 0.10693 0.02783 0.09473 0.05566
0 0.03369 0.04004 0.06152 0.08008
0 0.22754 0.04639 0.06445 0.09277
0 0.16357 0.07324 0.08691 0.14648
0 0.50781 0.0166 0.08008 0.0332
0 0.5752 0.2998 0.08398 0.13477
0 0.5127 0.46387 0.125 0.10938
0 0.41504 0.56592 0.07617 0.15332
0 0.29102 0.58545 0.16797 0.15332
0 0.1167 0.54102 0.1416 0.0957
0 0.0498 0.66357 0.0918 0.08496
0 0.17236 0.62891 0.15723 0.13477
0 0.17432 0.84375 0.22559 0.12695
0 0.21924 0.90039 0.07324 0.11523
0 0.41016 0.95508 0.11523 0.08984
0 0.5249 0.65576 0.11816 0.1709
0 0.78906 0.62939 0.10352 0.09473
0 0.86133 0.62549 0.06445 0.06543
0 0.49854 0.98096 0.07715 0.03809
0 0.7124 0.9458 0.08691 0.1084
0 0.75195 0.9585 0.13086 0.08301
0 0.81396 0.44922 0.12402 0.12109
0 0.95166 0.35889 0.06543 0.07715
0 0.22314 0.73535 0.17676 0.09375
0 0.02539 0.93555 0.04883 0.11914
0 0.45898 0.15869 0.08398 0.08105
0 0.02979 0.83643 0.05957 0.0791
0 0.18848 0.89307 0.10156 0.09863
