0 0.17334 0.44922 0.05957 0.07617
0 0.44971 0.36084 0.06934 0.06738
0 0.26465 0.44873 0.03711 0.07129
0 0.22754 0.16895 0.05859 0.06445
0 0.64014 0.68701 0.06738 0.05957
0 0.0708 0.43457 0.09473 0.09961
0 0.36426 0.46924 0.07031 0.06152
0 0.7124 0.42383 0.03613 0.06641
0 0.95703 0.22559 0.03516 0.05469
0 0.37158 0.3877 0.06152 0.05273
0 0.82959 0.44141 0.0459 0.06836
0 0.14453 0.2124 0.05859 0.05176
0 0.26172 0.0708 0.07617 0.05762
0 0.85986 0.80127 0.05176 0.06543
0 0.96436 0.07422 0.04395 0.05859
0 0.48779 0.65088 0.05566 0.04395
0 0.58594 0.13379 0.05078 0.03906
0 0.24707 0.29883 0.0625 0.04688
0 0.35938 0.01953 0.04492 0.03906
0 0.38232 0.25146 0.04785 0.05566
0 0.87158 0.92432 0.06934 0.03613
0 0.57373 0.55469 0.04395 0.06055
0 0.05322 0.46289 0.04004 0.07422
0 0.27002 0.36035 0.05566 0.06055
0 0.95361 0.65332 0.05176 0.0332
0 0.42236 0.42871 0.04004 0.06055
0 0.48145 0.24609 0.04688 0.05859
0 0.42432 0.30029 0.05176 0.03809
0 0.2334 0.68652 0.05469 0.0293
0 0.07764 0.20703 0.04199 0.06055
0 0.42822 0.49805 0.0498 0.03516
0 0.86865 0.86084 0.02637 0.06934
0 0.07422 0.05127 0.04492 0.05371
0 0.73926 0.771 0.04492 0.05957
0 0.02197 0.07129 0.04395 0.04297
0 0.39844 0.5332 0.04492 0.05078
0 0.44043 0.95215 0.05078 0.02539
0 0.89258 0.75195 0.03711 0.04883
0 0.91113 0.84082 0.05078 0.03711
0 0.76953 0.77637 0.04688 0.0625
0 0.28027 0.50439 0.04883 0.0498
0 0.41846 0.38672 0.04785 0.04688
0 0.30322 0.87305 0.06152 0.02344
0 0.45068 0.78564 0.0498 0.03809
0 0.52881 0.91748 0.04199 0.04199
0 0.4458 0.5376 0.05176 0.05762
0 0.61523 0.33887 0.04492 0.02734
0 0.39746 0.1958 0.04688 0.02246
0 0.81738 0.03027 0.04688 0.05664
0 0.3125 0.55176 0.04688 0.02539
0 0.67383 0.08057 0.04688 0.04785
0 0.5127 0.23877 0.04297 0.02832
0 0.37158 0.83643 0.04785 0.04004
0 0.84326 0.97998 0.02637 0.04004
0 0.16162 0.7417 0.0498 0.04395
0 0.40771 0.70801 0.05371 0.02539
0 0.68555 0.88135 0.04688 0.0791
0 0.52441 0.2207 0.0332 0.05078
0 0.3999 0.65088 0.03613 0.04395
0 0.74023 0.56982 0.0332 0.05176
0 0.08252 0.69336 0.06152 0.04102
0 0.19263 0.65269 0.08291 0.03135
0 0.11328 0.75732 0.04688 0.04785
0 0.57715 0.40039 0.02539 0.0625
0 0.46387 0.08057 0.04102 0.04004
0 0.71777 0.66748 0.0332 0.0459
0 0.97021 0.93018 0.03809 0.03223
0 0.73535 0.72754 0.0293 0.05078
0 0.96289 0.80811 0.04102 0.03613
0 0.5874 0.07959 0.03418 0.05371
0 0.96533 0.01318 0.02832 0.02637
0 0.26025 0.58545 0.03027 0.04395
0 0.20654 0.62012 0.05957 0.05664
0 0.42188 0.67188 0.04297 0.04688
0 0.54785 0.67529 0.05078 0.03223
0 0.56738 0.7041 0.04688 0.03516
0 0.55908 0.72705 0.05176 0.03027
0 0.39502 0.75098 0.0498 0.0293
0 0.34277 0.77344 0.03516 0.05273
0 0.74023 0.49707 0.05078 0.0332
0 0.62988 0.4873 0.05078 0.04492
0 0.59375 0.43555 0.04883 0.03711
0 0.64893 0.61719 0.04199 0.0332
0 0.69092 0.62598 0.0498 0.03906
0 0.15186 0.04639 0.05762 0.05371
0 0.75635 0.16943 0.03613 0.03223
0 0.15527 0.93457 0.04883 0.04492
