0 0.64844 0.05273 0.07227 0.10547
0 0.82129 0.18164 0.10156 0.08008
0 0.92188 0.2124 0.07617 0.09473
0 0.44678 0.07568 0.07129 0.09473
0 0.52344 0.06982 0.07227 0.12207
0 0.56494 0.11865 0.07129 0.07715
0 0.53857 0.25439 0.05566 0.07324
0 0.63477 0.24512 0.07227 0.11328
0 0.23682 0.03223 0.0752 0.06445
0 0.21924 0.14062 0.09082 0.0918
0 0.13574 0.06152 0.09766 0.05273
0 0.19873 0.07129 0.10449 0.0332
0 0.09619 0.23779 0.07715 0.10254
0 0.0791 0.31201 0.08789 0.06152
0 0.42432 0.31885 0.08496 0.06152
0 0.31934 0.34326 0.0625 0.06543
0 0.28125 0.52588 0.125 0.1377
0 0.36377 0.64062 0.05957 0.07617
0 0.45752 0.71826 0.06934 0.09668
0 0.57764 0.76221 0.06738 0.08691
0 0.60498 0.70215 0.08691 0.04883
0 0.62695 0.48145 0.05664 0.07422
0 0.53955 0.3833 0.08496 0.05762
0 0.74609 0.44922 0.0625 0.10547
0 0.75049 0.51318 0.06934 0.1416
0 0.78027 0.58984 0.06641 0.16016
0 0.69336 0.58594 0.05859 0.13477
0 0.0542 0.06348 0.08691 0.09961
0 0.146 0.79199 0.1377 0.06641
0 0.15967 0.85693 0.07324 0.09277
0 0.37158 0.9209 0.08691 0.07617
0 0.4668 0.96973 0.0957 0.05859
0 0.20752 0.94336 0.12402 0.08984
0 0.25488 0.87988 0.10352 0.0625
0 0.55859 0.89062 0.06055 0.10742
0 0.97461 0.64648 0.05078 0.04883
0 0.74756 0.78564 0.08691 0.1416
0 0.62451 0.85889 0.06152 0.09277
0 0.7373 0.96387 0.07227 0.07227
0 0.87012 0.92188 0.05664 0.15625
0 0.88135 0.5542 0.08496 0.10254
0 0.94238 0.50684 0.05469 0.0957
0 0.97266 0.26465 0.04688 0.05469
0 0.82715 0.02344 0.0625 0.04688
0 0.93945 0.0293 0.08203 0.05859
0 0.32129 0.0249 0.05469 0.0498
0 0.60156 0.7998 0.0625 0.05859
0 0.69336 0.73438 0.04492 0.03711
0 0.5127 0.18945 0.06445 0.04688
