0 0.41699 0.68799 0.18555 0.09277
0 0.46436 0.7998 0.14941 0.08008
0 0.02979 0.58301 0.05957 0.09766
0 0.07422 0.25928 0.13477 0.0752
0 0.8208 0.04834 0.13184 0.06738
0 0.41309 0.28809 0.12305 0.08789
0 0.63867 0.61377 0.0625 0.06738
0 0.73828 0.87695 0.17188 0.0957
0 0.89941 0.82178 0.14453 0.0498
0 0.51709 0.38818 0.10449 0.06738
0 0.86475 0.75195 0.13965 0.07031
0 0.42334 0.5708 0.08301 0.08301
0 0.80811 0.38721 0.24707 0.06543
0 0.86328 0.63281 0.13281 0.1875
0 0.90869 0.90674 0.18262 0.08496
0 0.28857 0.53955 0.1123 0.10449
0 0.04736 0.41309 0.09473 0.16211
0 0.07617 0.65869 0.15234 0.10254
0 0.60693 0.93213 0.13574 0.06543
0 0.64062 0.50439 0.0625 0.05957
0 0.68311 0.73486 0.12207 0.0752
0 0.60938 0.28076 0.125 0.06738
0 0.20947 0.68311 0.14941 0.10254
0 0.03711 0.11719 0.07422 0.06445
0 0.11621 0.95605 0.14258 0.08789
0 0.89795 0.12598 0.18262 0.08789
0 0.03467 0.97705 0.06934 0.0459
0 0.12451 0.76611 0.18066 0.09277
0 0.25586 0.17822 0.0918 0.16699
0 0.36328 0.89844 0.26562 0.09766
0 0.61963 0.69971 0.0752 0.08496
0 0.13232 0.43213 0.08496 0.14941
0 0.40723 0.43555 0.17969 0.08203
0 0.12939 0.19189 0.0752 0.13965
0 0.22803 0.29102 0.10254 0.10742
0 0.63965 0.40967 0.11523 0.05957
0 0.86719 0.43213 0.07031 0.06543
0 0.64209 0.11328 0.0752 0.0625
0 0.79688 0.66309 0.08008 0.0625
0 0.51953 0.12207 0.10938 0.06445
0 0.57568 0.16211 0.07715 0.07422
0 0.20117 0.18213 0.0625 0.0752
0 0.56689 0.02588 0.12012 0.04785
0 0.75049 0.12695 0.1123 0.05078
0 0.28223 0.59424 0.10547 0.0752
0 0.52246 0.46338 0.16992 0.07715
0 0.32324 0.13477 0.08789 0.07031
0 0.94092 0.23926 0.11816 0.07031
0 0.1709 0.85547 0.07812 0.05273
0 0.70068 0.18945 0.21191 0.07031
0 0.75684 0.80859 0.09961 0.0625
0 0.35791 0.33691 0.10254 0.06055
0 0.71436 0.22705 0.15527 0.09082
0 0.21436 0.80322 0.12012 0.15723
0 0.81934 0.96973 0.11523 0.06055
0 0.92188 0.02197 0.07031 0.04004
0 0.00488 0.03955 0.00977 0.0752
0 0.06543 0.03027 0.10352 0.05664
0 0.73047 0.9707 0.15234 0.04688
0 0.9624 0.45947 0.0752 0.05566
0 0.21582 0.33984 0.09766 0.05469
0 0.94873 0.15332 0.10254 0.04688
0 0.84326 0.29688 0.1084 0.05469
0 0.60791 0.05225 0.14746 0.06543
0 0.65918 0.01562 0.11523 0.02734
0 0.6582 0.14941 0.11328 0.01953
