0 0.74951 0.61914 0.07324 0.10156
0 0.73633 0.04932 0.04883 0.09863
0 0.73096 0.10791 0.08887 0.07324
0 0.01221 0.42725 0.02441 0.07324
0 0.73828 0.40137 0.10156 0.11133
0 0.31006 0.69824 0.06152 0.06641
0 0.71143 0.50977 0.06934 0.06836
0 0.52637 0.65039 0.10156 0.08008
0 0.90381 0.04346 0.03223 0.08496
0 0.60449 0.40479 0.05078 0.07129
0 0.63281 0.66504 0.08984 0.07227
0 0.80615 0.21191 0.06738 0.0625
0 0.89941 0.6958 0.08203 0.06152
0 0.70166 0.93262 0.10254 0.09375
0 0.53516 0.45703 0.03711 0.10156
0 0.38086 0.37451 0.10938 0.04785
0 0.15771 0.83594 0.09668 0.06055
0 0.84668 0.59082 0.04102 0.08203
0 0.59668 0.4502 0.05859 0.05273
0 0.52686 0.20459 0.11816 0.06152
0 0.24854 0.11377 0.08496 0.06543
0 0.92236 0.77783 0.11621 0.07324
0 0.08936 0.15674 0.07129 0.04199
0 0.41602 0.52588 0.08398 0.03613
0 0.35205 0.21338 0.06543 0.04199
0 0.69873 0.15332 0.09082 0.05664
0 0.56104 0.10986 0.08301 0.04004
0 0.03809 0.81592 0.07617 0.0791
0 0.10303 0.56787 0.07324 0.04785
0 0.96924 0.49365 0.06152 0.03809
0 0.3208 0.65088 0.0752 0.03418
0 0.85156 0.09131 0.05664 0.05566
0 0.31982 0.77539 0.08691 0.02734
0 0.47754 0.10693 0.06445 0.06543
0 0.22168 0.7915 0.06836 0.0791
0 0.21826 0.16357 0.09473 0.04395
0 0.47754 0.46973 0.07812 0.0293
0 0.61035 0.84277 0.08789 0.05664
0 0.31885 0.8042 0.06738 0.03027
0 0.80078 0.80664 0.06055 0.03906
0 0.49414 0.15625 0.05859 0.05664
0 0.43848 0.78027 0.08398 0.04883
0 0.37744 0.89697 0.0498 0.03418
0 0.06982 0.76025 0.08691 0.04199
0 0.28027 0.51416 0.05664 0.0459
0 0.83301 0.89307 0.11133 0.0498
0 0.42969 0.82373 0.10742 0.05176
0 0.61279 0.10254 0.07129 0.04688
0 0.41455 0.17285 0.07715 0.06641
0 0.93701 0.73877 0.08691 0.04004
0 0.10693 0.79053 0.0791 0.02832
0 0.46289 0.84814 0.06836 0.03613
0 0.41943 0.42188 0.1416 0.04297
0 0.93018 0.40479 0.07715 0.0459
0 0.60547 0.57471 0.08398 0.02051
0 0.66943 0.98633 0.05762 0.02734
0 0.5874 0.75 0.06738 0.02344
0 0.20654 0.82568 0.06543 0.0498
0 0.78418 0.99023 0.04492 0.01953
0 0.57227 0.19922 0.09961 0.04297
0 0.87842 0.16016 0.08691 0.04297
0 0.12939 0.65381 0.05762 0.02832
0 0.68408 0.5332 0.05176 0.01758
0 0.06299 0.86865 0.06348 0.04004
0 0.13477 0.67285 0.05469 0.04492
0 0.49854 0.41553 0.05176 0.05566
0 0.94092 0.46484 0.03418 0.05078
0 0.84766 0.13623 0.0332 0.03223
