0 0.07275 0.1499 0.07129 0.10449
0 0.12061 0.16016 0.06934 0.0625
0 0.34863 0.0542 0.07422 0.06934
0 0.02832 0.29395 0.05078 0.07617
0 0.12158 0.2959 0.05566 0.06836
0 0.24121 0.30371 0.08789 0.06445
0 0.31934 0.26709 0.08008 0.11621
0 0.33887 0.35449 0.07422 0.10352
0 0.04053 0.52002 0.06934 0.08691
0 0.23633 0.65771 0.06055 0.05957
0 0.04443 0.75439 0.0752 0.06543
0 0.09131 0.85059 0.09863 0.06445
0 0.03467 0.85156 0.06152 0.07227
0 0.06104 0.90283 0.06348 0.05176
0 0.12598 0.90137 0.0625 0.09375
0 0.09326 0.97168 0.09082 0.05664
0 0.39209 0.93457 0.06934 0.06836
0 0.50146 0.7666 0.07129 0.07422
0 0.5127 0.70898 0.08008 0.07227
0 0.55518 0.67383 0.06934 0.06836
0 0.63623 0.7749 0.0791 0.07129
0 0.5874 0.81934 0.06543 0.06836
0 0.73779 0.77197 0.08301 0.05762
0 0.66162 0.8877 0.09082 0.08594
0 0.86621 0.93701 0.07422 0.08496
0 0.92188 0.91211 0.0625 0.06445
0 0.91748 0.82275 0.05371 0.08301
0 0.83838 0.71045 0.09277 0.05566
0 0.87793 0.64355 0.06445 0.07617
0 0.94043 0.66895 0.0625 0.05078
0 0.71533 0.62402 0.06934 0.07422
0 0.77344 0.57324 0.06445 0.08398
0 0.74512 0.49268 0.09375 0.12598
0 0.84424 0.46338 0.10254 0.11621
0 0.92334 0.4873 0.0752 0.07617
0 0.81299 0.40625 0.06152 0.05078
0 0.54004 0.45801 0.06836 0.0625
0 0.49658 0.41943 0.07715 0.06152
0 0.50684 0.35986 0.11523 0.06543
0 0.46289 0.30322 0.08008 0.07715
0 0.44775 0.20312 0.07715 0.0625
0 0.54834 0.22363 0.06738 0.0625
0 0.67529 0.21387 0.07715 0.06836
0 0.59082 0.12012 0.04492 0.07227
0 0.74854 0.12061 0.08301 0.10254
0 0.47607 0.04639 0.09473 0.09277
0 0.979 0.09668 0.04199 0.05859
0 0.88574 0.16602 0.04883 0.08008
0 0.92773 0.18018 0.06055 0.06543
0 0.96729 0.23584 0.06543 0.05371
0 0.87158 0.26172 0.06738 0.10352
0 0.875 0.34229 0.08008 0.05762
0 0.79541 0.32959 0.05957 0.07324
0 0.66016 0.0166 0.11719 0.0332
0 0.29346 0.84326 0.0459 0.04395
0 0.32031 0.81006 0.04688 0.04199
0 0.02637 0.85205 0.05078 0.10645
