0 0.75244 0.48047 0.07324 0.09961
0 0.8335 0.57959 0.09277 0.07715
0 0.98438 0.40381 0.03125 0.09082
0 0.05127 0.47998 0.10254 0.05762
0 0.43457 0.53809 0.09961 0.08789
0 0.1543 0.47998 0.05664 0.08691
0 0.99023 0.07959 0.01953 0.09863
0 0.85742 0.47217 0.06836 0.09473
0 0.37354 0.7627 0.08887 0.07617
0 0.88232 0.76758 0.08301 0.0625
0 0.53174 0.05957 0.08301 0.08008
0 0.96631 0.67529 0.06738 0.0752
0 0.6709 0.18457 0.08984 0.08008
0 0.67236 0.39648 0.08496 0.13086
0 0.96191 0.19141 0.06641 0.08789
0 0.59082 0.6875 0.12305 0.11523
0 0.50586 0.41504 0.12695 0.07812
0 0.05322 0.44824 0.09668 0.06641
0 0.95996 0.50684 0.07617 0.05273
0 0.48828 0.45068 0.12695 0.09668
0 0.58154 0.88916 0.09668 0.06543
0 0.55908 0.18994 0.06934 0.08301
0 0.74316 0.86914 0.0918 0.07812
0 0.41553 0.85156 0.08887 0.04492
0 0.25635 0.6792 0.1084 0.05762
0 0.71338 0.39551 0.05762 0.07812
0 0.46777 0.25049 0.07422 0.06738
0 0.77783 0.22314 0.08496 0.10645
0 0.57568 0.48486 0.08301 0.05957
0 0.21484 0.77295 0.1543 0.06348
0 0.97705 0.09082 0.0459 0.07617
0 0.39209 0.42529 0.13184 0.08691
0 0.42822 0.16846 0.08105 0.05762
0 0.93848 0.12451 0.05859 0.07715
0 0.51416 0.81836 0.10254 0.08008
0 0.69629 0.979 0.06836 0.04199
0 0.66895 0.51416 0.13477 0.08887
0 0.19043 0.81055 0.07031 0.05859
0 0.92822 0.52344 0.05176 0.06445
0 0.91064 0.41943 0.06152 0.06934
0 0.91162 0.03027 0.06934 0.06055
0 0.8208 0.83984 0.07129 0.04492
0 0.13916 0.80518 0.08105 0.04004
0 0.39014 0.71777 0.18457 0.11133
0 0.2915 0.1123 0.15527 0.13477
0 0.43457 0.91895 0.08984 0.04102
0 0.27637 0.85498 0.07617 0.02051
0 0.02588 0.86084 0.0498 0.04199
0 0.59229 0.83398 0.09277 0.05469
0 0.31543 0.98828 0.03516 0.02344
0 0.3042 0.81982 0.06738 0.04785
0 0.01758 0.27148 0.03516 0.06641
0 0.04785 0.75293 0.08984 0.0332
