0 0.86768 0.19629 0.10645 0.06641
0 0.26123 0.88672 0.10254 0.07031
0 0.29102 0.77246 0.11328 0.05469
0 0.74707 0.23438 0.0918 0.08398
0 0.95703 0.625 0.08594 0.05078
0 0.26709 0.5835 0.1377 0.06934
0 0.5791 0.58447 0.07617 0.05762
0 0.05518 0.06396 0.10645 0.08691
0 0.36182 0.6665 0.13965 0.10254
0 0.40479 0.7417 0.12207 0.05957
0 0.7915 0.49219 0.05566 0.10352
0 0.49414 0.07568 0.05273 0.12207
0 0.43994 0.50146 0.10254 0.07324
0 0.9751 0.85938 0.0498 0.05664
0 0.64355 0.19727 0.08789 0.0625
0 0.15967 0.98145 0.0752 0.0332
0 0.52246 0.16504 0.05078 0.06641
0 0.30176 0.43262 0.15625 0.08008
0 0.05225 0.78809 0.10449 0.0332
0 0.6958 0.54053 0.07715 0.05176
0 0.43994 0.55762 0.10254 0.0332
0 0.17207 0.53857 0.09414 0.06152
0 0.67969 0.56006 0.06641 0.06738
0 0.38525 0.49414 0.05762 0.04297
0 0.70557 0.18311 0.07129 0.04004
0 0.64209 0.58887 0.09277 0.0293
0 0.17432 0.81348 0.11426 0.07812
0 0.53125 0.77002 0.08008 0.03223
0 0.7417 0.53076 0.11426 0.04199
0 0.70703 0.01416 0.06055 0.02832
0 0.50195 0.64941 0.11133 0.03906
0 0.55615 0.88867 0.0752 0.04492
0 0.48633 0.9458 0.09375 0.03418
0 0.40137 0.96875 0.1582 0.04492
0 0.50586 0.21484 0.18164 0.125
0 0.58936 0.81543 0.08105 0.05078
0 0.76123 0.91211 0.06543 0.01953
0 0.03711 0.61572 0.07422 0.02441
0 0.7334 0.67627 0.10352 0.04785
0 0.70215 0.22803 0.05078 0.03613
0 0.30566 0.68945 0.11914 0.19922
0 0.77734 0.56396 0.08594 0.02832
0 0.74072 0.65332 0.10449 0.03906
0 0.02734 0.8252 0.05273 0.02539
0 0.27393 0.52393 0.09277 0.03027
0 0.72998 0.9873 0.08496 0.02148
0 0.77246 0.94775 0.08984 0.04004
0 0.17285 0.49121 0.19727 0.11328
0 0.83252 0.98438 0.06543 0.03125
0 0.01709 0.22314 0.03418 0.02832
0 0.14697 0.67432 0.07129 0.04199
0 0.0459 0.98389 0.08789 0.03223
0 0.18994 0.81689 0.09082 0.06348
0 0.7793 0.84619 0.04883 0.05176
0 0.64453 0.85059 0.04492 0.05469
0 0.36914 0.04688 0.20312 0.09375
0 0.21875 0.06934 0.20703 0.08008
0 0.15186 0.73291 0.19238 0.09082
0 0.17627 0.75293 0.12402 0.08203
