0 0.42822 0.84473 0.07715 0.08008
0 0.77734 0.63965 0.11523 0.09961
0 0.93066 0.48438 0.10742 0.08008
0 0.35498 0.56885 0.14551 0.12207
0 0.23145 0.72949 0.10742 0.10742
0 0.45215 0.46045 0.09961 0.09277
0 0.90576 0.17725 0.11426 0.06738
0 0.9375 0.37305 0.09961 0.07227
0 0.83105 0.25342 0.08789 0.04785
0 0.25586 0.95361 0.08203 0.09277
0 0.67334 0.45166 0.16699 0.12988
0 0.6958 0.81104 0.08691 0.09277
0 0.29492 0.09717 0.07617 0.09668
0 0.73438 0.34717 0.08984 0.06934
0 0.17822 0.05859 0.07324 0.0625
0 0.22168 0.37598 0.08984 0.07227
0 0.93066 0.64062 0.08789 0.07812
0 0.09717 0.4082 0.09473 0.08203
0 0.13232 0.77588 0.0752 0.08301
0 0.9375 0.02295 0.08984 0.0459
0 0.70215 0.95215 0.11523 0.0957
0 0.85205 0.82959 0.13965 0.10449
0 0.76709 0.94336 0.09668 0.09766
0 0.78516 0.18848 0.09766 0.08203
0 0.16064 0.97607 0.07715 0.04785
0 0.97461 0.60693 0.05078 0.08496
0 0.15576 0.19678 0.04785 0.06543
0 0.30029 0.02832 0.05371 0.04492
0 0.85498 0.95166 0.09277 0.08105
0 0.93262 0.96973 0.04297 0.04883
