0 0.95459 0.36426 0.09082 0.07031
0 0.41895 0.03809 0.12305 0.07422
0 0.7959 0.12549 0.08203 0.07715
0 0.72461 0.39453 0.0957 0.08008
0 0.96045 0.26172 0.06738 0.08008
0 0.85059 0.23438 0.08203 0.08008
0 0.70215 0.62598 0.0625 0.0625
0 0.62061 0.21582 0.08301 0.07812
0 0.49561 0.66309 0.06738 0.12695
0 0.73682 0.76074 0.05957 0.11719
0 0.7334 0.03223 0.08789 0.06445
0 0.6123 0.34326 0.07031 0.12793
0 0.62793 0.01123 0.09766 0.02246
0 0.4375 0.57031 0.06445 0.06445
0 0.86035 0.74072 0.09961 0.06543
0 0.63818 0.69043 0.07324 0.09766
0 0.97705 0.09082 0.0459 0.08789
0 0.71143 0.13574 0.06543 0.08984
0 0.74463 0.17578 0.09473 0.0625
0 0.68457 0.29834 0.06055 0.11816
0 0.53027 0.02148 0.07617 0.04297
