0 0.55908 0.16357 0.06152 0.09863
0 0.21729 0.33301 0.04395 0.0957
0 0.81689 0.19775 0.07715 0.05957
0 0.81787 0.03369 0.03223 0.06738
0 0.45068 0.64209 0.06543 0.06934
0 0.26953 0.5957 0.08203 0.07227
0 0.0376 0.15332 0.0752 0.05469
0 0.46729 0.07959 0.04395 0.0752
0 0.5415 0.6333 0.05957 0.06543
0 0.04102 0.09717 0.08203 0.06543
0 0.02686 0.33691 0.05371 0.07227
0 0.91553 0.58838 0.0752 0.06738
0 0.96533 0.09521 0.06152 0.08691
0 0.19092 0.36768 0.06348 0.04785
0 0.91895 0.96191 0.04102 0.07617
0 0.39258 0.34277 0.05859 0.05273
0 0.63623 0.1084 0.06543 0.05859
0 0.59912 0.94824 0.06152 0.04688
0 0.34326 0.43262 0.05566 0.05859
0 0.85889 0.11963 0.03613 0.06152
0 0.97998 0.03857 0.04004 0.0752
0 0.03662 0.63037 0.06934 0.05176
0 0.78955 0.74463 0.08887 0.05566
0 0.38574 0.83398 0.06641 0.04883
0 0.09082 0.02197 0.04492 0.04395
0 0.4292 0.51855 0.04395 0.06836
0 0.6709 0.81885 0.04102 0.05176
0 0.30664 0.68604 0.06836 0.05957
0 0.22266 0.07812 0.09766 0.07227
0 0.72461 0.39404 0.04492 0.07324
0 0.78662 0.70068 0.06543 0.06152
0 0.71729 0.12402 0.04395 0.06836
0 0.71533 0.49902 0.04199 0.07227
0 0.24219 0.97412 0.04492 0.04785
0 0.42773 0.03467 0.04883 0.06738
0 0.71777 0.59473 0.05273 0.09766
0 0.57275 0.05957 0.03223 0.05273
0 0.68945 0.44678 0.05273 0.0498
0 0.75195 0.07812 0.08008 0.07422
0 0.68555 0.76465 0.0625 0.04297
0 0.1748 0.33496 0.05469 0.03906
0 0.56982 0.0874 0.05762 0.07129
0 0.625 0.81689 0.05664 0.04785
0 0.35156 0.7207 0.05859 0.04688
0 0.12842 0.14844 0.05371 0.04492
0 0.41016 0.66699 0.06836 0.05469
0 0.34521 0.7583 0.05566 0.0459
0 0.29541 0.50293 0.04199 0.05469
0 0.43994 0.71631 0.0498 0.04199
0 0.96484 0.41309 0.05664 0.07422
0 0.5249 0.14502 0.04785 0.05566
0 0.2666 0.78027 0.14062 0.06445
0 0.46484 0.86768 0.05273 0.04199
0 0.3667 0.14062 0.06543 0.05664
0 0.63379 0.38818 0.04102 0.05762
0 0.51562 0.16943 0.05078 0.07129
0 0.73389 0.65332 0.05957 0.06055
0 0.32715 0.11133 0.08398 0.05664
0 0.88281 0.73242 0.04688 0.05469
0 0.93555 0.76465 0.05469 0.05859
0 0.97363 0.67334 0.04883 0.0498
0 0.92578 0.40479 0.05273 0.0791
0 0.32959 0.26367 0.04199 0.04102
0 0.2085 0.74951 0.0752 0.0498
0 0.98633 0.96777 0.02734 0.04688
0 0.36914 0.92871 0.10156 0.06055
