0 0.50342 0.6167 0.1123 0.12012
0 0.51318 0.50049 0.09277 0.1123
0 0.93848 0.10303 0.12305 0.14746
0 0.26318 0.71338 0.1123 0.12793
0 0.75391 0.51416 0.10156 0.13379
0 0.74561 0.68359 0.10254 0.13281
0 0.63184 0.98096 0.07812 0.03809
0 0.22314 0.1709 0.10254 0.08789
0 0.06934 0.39844 0.13477 0.12305
0 0.86328 0.40723 0.07227 0.11523
0 0.22217 0.57812 0.12012 0.11719
0 0.82568 0.771 0.11816 0.14746
0 0.79688 0.05566 0.125 0.09766
0 0.85352 0.26318 0.09766 0.13184
0 0.59424 0.05127 0.03809 0.06348
0 0.12988 0.07178 0.08984 0.09473
0 0.05469 0.89795 0.10547 0.09277
0 0.04688 0.96484 0.08984 0.07031
0 0.90918 0.43701 0.08008 0.0791
0 0.72217 0.22949 0.05957 0.08984
