0 0.28809 0.91553 0.0957 0.06738
0 0.16553 0.84033 0.0752 0.06934
0 0.09521 0.77979 0.10645 0.06543
0 0.20557 0.42041 0.15723 0.07715
0 0.2373 0.7085 0.07227 0.07324
0 0.30664 0.78564 0.13086 0.06152
0 0.36914 0.72852 0.14258 0.08789
0 0.50879 0.65771 0.06055 0.09277
0 0.51221 0.52344 0.09668 0.11133
0 0.69092 0.56787 0.07129 0.10254
0 0.55615 0.72021 0.06152 0.06738
0 0.61621 0.73145 0.07227 0.07812
0 0.74268 0.75342 0.14355 0.07715
0 0.87451 0.79492 0.09473 0.07812
0 0.83154 0.84619 0.05176 0.09473
0 0.59473 0.82275 0.10352 0.14941
0 0.82373 0.64844 0.1377 0.06445
0 0.92383 0.60059 0.11719 0.0625
0 0.91895 0.45605 0.07031 0.08984
0 0.97217 0.44873 0.05566 0.08496
0 0.44873 0.18066 0.06543 0.09961
0 0.14453 0.33496 0.12695 0.05273
0 0.18359 0.30127 0.09766 0.05566
0 0.41992 0.3252 0.09375 0.04688
0 0.32373 0.38818 0.05957 0.05957
0 0.24756 0.229 0.06738 0.05176
0 0.20215 0.26221 0.06445 0.0459
0 0.2627 0.31055 0.05078 0.05469
0 0.16455 0.20215 0.06152 0.07031
0 0.06787 0.01807 0.07715 0.03613
0 0.896 0.89746 0.09863 0.05664
0 0.97949 0.88428 0.04102 0.14746
0 0.63721 0.08789 0.13184 0.0918
0 0.63672 0.18652 0.11133 0.08789
0 0.5127 0.12256 0.08984 0.05566
0 0.86719 0.02197 0.10156 0.04395
0 0.93457 0.08545 0.07227 0.12012
0 0.26074 0.56885 0.07617 0.08887
0 0.30859 0.59521 0.04102 0.06934
0 0.35547 0.55469 0.08594 0.09375
0 0.28613 0.48584 0.08984 0.07324
0 0.68018 0.64209 0.0752 0.04395
