0 0.39209 0.80811 0.12012 0.1123
0 0.16455 0.4375 0.08496 0.08789
0 0.55322 0.81494 0.09277 0.08496
0 0.74756 0.17578 0.1084 0.07422
0 0.53955 0.34326 0.15918 0.13184
0 0.62305 0.18945 0.09766 0.125
0 0.9292 0.146 0.05176 0.07324
0 0.4082 0.56934 0.10742 0.125
0 0.3667 0.07715 0.12988 0.15039
0 0.72656 0.5083 0.125 0.13184
0 0.32568 0.95215 0.09277 0.08008
0 0.48438 0.146 0.10547 0.14746
0 0.36133 0.44824 0.07031 0.08984
0 0.97119 0.16943 0.05762 0.06934
0 0.45215 0.46875 0.06445 0.07812
0 0.68555 0.86914 0.04297 0.04102
0 0.7417 0.07715 0.0498 0.08008
0 0.0332 0.88672 0.0625 0.08984
0 0.271 0.41504 0.06738 0.05273
0 0.38232 0.38525 0.07129 0.05957
