0 0.63037 0.42236 0.08496 0.13184
0 0.82129 0.05127 0.07617 0.06348
0 0.57812 0.83838 0.08203 0.10059
0 0.74805 0.96875 0.0918 0.06055
0 0.1582 0.30762 0.07422 0.07227
0 0.62061 0.95752 0.08887 0.07129
0 0.71338 0.79492 0.08496 0.11328
0 0.80957 0.44287 0.07812 0.13379
0 0.59229 0.50342 0.0791 0.0791
0 0.65283 0.23877 0.11426 0.06152
0 0.6582 0.15186 0.12695 0.10059
0 0.26562 0.03516 0.13672 0.07031
0 0.05762 0.10938 0.06055 0.0918
0 0.03076 0.17871 0.06152 0.07422
0 0.75586 0.53516 0.08203 0.15039
0 0.43262 0.83887 0.18164 0.13281
0 0.30322 0.96289 0.08691 0.07422
0 0.70166 0.89551 0.08691 0.08594
0 0.11865 0.55957 0.1123 0.09961
0 0.16846 0.39697 0.10645 0.12207
0 0.08301 0.36865 0.07422 0.13379
0 0.75439 0.04492 0.08496 0.06836
0 0.62207 0.08105 0.12695 0.11133
0 0.03857 0.95361 0.07715 0.09277
0 0.90234 0.74512 0.14258 0.11133
0 0.34912 0.13037 0.10059 0.20215
0 0.28418 0.55273 0.10742 0.20508
0 0.8916 0.77051 0.10742 0.13281
0 0.8833 0.85156 0.1709 0.14062
0 0.88232 0.91602 0.16113 0.16797
0 0.14453 0.86865 0.05859 0.09668
0 0.70996 0.4082 0.05273 0.09375
0 0.84082 0.27051 0.08008 0.1582
0 0.87988 0.26562 0.10938 0.1875
0 0.93799 0.13623 0.12402 0.07324
0 0.85547 0.13379 0.07227 0.10547
0 0.8042 0.20264 0.0752 0.0752
0 0.72656 0.33838 0.07812 0.05957
0 0.97998 0.36377 0.04004 0.06934
0 0.02295 0.10303 0.0459 0.05957
0 0.74463 0.18604 0.05371 0.06348
