0 0.63477 0.63184 0.09961 0.09961
0 0.21533 0.6333 0.10254 0.13184
0 0.40234 0.58057 0.08984 0.09277
0 0.70801 0.2085 0.08789 0.09277
0 0.65332 0.39795 0.11328 0.09277
0 0.14844 0.16211 0.08203 0.05469
0 0.47119 0.2998 0.06738 0.07031
0 0.39795 0.78223 0.05762 0.16992
0 0.30322 0.8584 0.09277 0.10742
0 0.4707 0.58203 0.04688 0.07031
0 0.37109 0.06592 0.09766 0.13184
0 0.27441 0.4043 0.06445 0.05469
0 0.28223 0.06543 0.06055 0.0625
0 0.76709 0.02783 0.08691 0.05566
0 0.09473 0.36816 0.18555 0.12305
0 0.18701 0.71729 0.10449 0.0752
0 0.6084 0.91455 0.07227 0.15918
0 0.0708 0.10352 0.1377 0.08008
0 0.91162 0.26514 0.12207 0.1123
0 0.77344 0.93359 0.23242 0.10742
0 0.29346 0.56982 0.10254 0.0752
0 0.18066 0.25488 0.04688 0.08008
0 0.91602 0.84375 0.16797 0.11719
0 0.30078 0.95117 0.23828 0.09766
0 0.43945 0.1123 0.0957 0.04492
0 0.12061 0.27979 0.06738 0.09473
0 0.66602 0.76709 0.29297 0.12012
0 0.26074 0.30322 0.25195 0.09277
0 0.396 0.87842 0.14746 0.06738
0 0.396 0.50977 0.14746 0.19531
0 0.50586 0.65723 0.05273 0.06055
0 0.60889 0.06738 0.06543 0.08984
0 0.91211 0.36475 0.08008 0.12012
0 0.12695 0.90967 0.10938 0.18066
0 0.85596 0.31689 0.06738 0.10449
0 0.96436 0.72852 0.06543 0.13281
0 0.77539 0.45947 0.09766 0.2002
0 0.81592 0.5835 0.19238 0.27246
0 0.56055 0.61475 0.07227 0.08496
0 0.62207 0.51465 0.06055 0.16992
0 0.96875 0.33691 0.0625 0.20508
0 0.87842 0.70703 0.17285 0.18555
0 0.93994 0.45996 0.12012 0.20508
0 0.03711 0.16797 0.07031 0.05273
0 0.47949 0.46338 0.08008 0.09277
0 0.55957 0.69336 0.06055 0.08203
0 0.87842 0.00488 0.09277 0.00977
0 0.1709 0.54199 0.04688 0.05469
0 0.57617 0.02783 0.03516 0.04004
0 0.35938 0.11328 0.14453 0.12695
0 0.61475 0.21094 0.19043 0.10742
0 0.521 0.20312 0.12207 0.08203
0 0.56836 0.271 0.13672 0.12207
0 0.61719 0.31445 0.09961 0.06445
0 0.66943 0.38574 0.15527 0.09766
0 0.04297 0.51025 0.08594 0.08691
0 0.06543 0.52197 0.07422 0.17285
0 0.06885 0.55176 0.1377 0.08008
0 0.85205 0.87695 0.08496 0.1543
0 0.71973 0.94873 0.06445 0.10254
0 0.56055 0.8457 0.0625 0.15234
0 0.42676 0.96729 0.05469 0.06543
