0 0.47949 0.9458 0.13477 0.08691
0 0.6084 0.9585 0.0918 0.08301
0 0.34912 0.90576 0.12012 0.09668
0 0.54053 0.83789 0.08105 0.0918
0 0.21582 0.33594 0.14258 0.19727
0 0.51611 0.68848 0.10254 0.21289
0 0.94336 0.54297 0.0918 0.14844
0 0.94873 0.42578 0.10254 0.17188
0 0.4585 0.73242 0.10645 0.0957
0 0.5835 0.72461 0.09277 0.08984
0 0.37598 0.96582 0.07227 0.06836
0 0.25049 0.53174 0.10254 0.20996
0 0.98145 0.84961 0.03711 0.11914
0 0.33838 0.52393 0.0752 0.08691
0 0.94238 0.68213 0.11523 0.11035
0 0.98096 0.68359 0.03809 0.12109
0 0.42285 0.09326 0.12109 0.18066
0 0.27197 0.22852 0.08496 0.0625
0 0.88525 0.10107 0.17285 0.19824
0 0.88232 0.17285 0.0752 0.15625
0 0.46387 0.25537 0.10352 0.15918
0 0.03955 0.59863 0.0752 0.09766
0 0.47607 0.0791 0.06738 0.11523
0 0.02783 0.50244 0.05371 0.08691
0 0.68018 0.65625 0.06152 0.07031
