0 0.03613 0.3667 0.07227 0.09082
0 0.13574 0.3335 0.07031 0.06738
0 0.21631 0.36035 0.06348 0.08594
0 0.29492 0.4082 0.08789 0.07812
0 0.354 0.40674 0.06543 0.08301
0 0.4165 0.29346 0.05176 0.09082
0 0.45752 0.31299 0.05566 0.07324
0 0.51904 0.27295 0.06934 0.07324
0 0.56348 0.35889 0.06445 0.06934
0 0.46826 0.18213 0.10059 0.0791
0 0.5918 0.09277 0.07617 0.08984
0 0.8042 0.04346 0.09082 0.06738
0 0.83545 0.11475 0.09668 0.07129
0 0.91455 0.02734 0.06348 0.05469
0 0.1582 0.04053 0.06445 0.06543
0 0.25293 0.07812 0.05664 0.04297
0 0.28809 0.0249 0.05859 0.0498
0 0.5376 0.03076 0.10449 0.06152
0 0.46777 0.02686 0.05469 0.05371
0 0.92334 0.38135 0.11816 0.08301
0 0.86523 0.50244 0.10547 0.06543
0 0.93408 0.48877 0.08105 0.0498
0 0.73193 0.44238 0.07715 0.05469
0 0.64453 0.44141 0.08398 0.05078
0 0.67041 0.48779 0.05957 0.05762
0 0.67285 0.58545 0.07617 0.05371
0 0.60645 0.60645 0.05078 0.05078
0 0.66406 0.63574 0.07227 0.0625
0 0.75879 0.62646 0.07812 0.06543
0 0.9541 0.67041 0.06836 0.0498
0 0.95264 0.57373 0.08887 0.05371
0 0.95703 0.71875 0.08594 0.04297
0 0.71191 0.76465 0.08398 0.0625
0 0.54834 0.78271 0.06348 0.06152
0 0.47119 0.61182 0.08496 0.07129
0 0.38086 0.53027 0.0625 0.07031
0 0.32227 0.60889 0.0625 0.05957
0 0.25293 0.63818 0.06836 0.05176
0 0.18994 0.59082 0.0498 0.04297
0 0.11377 0.5127 0.07324 0.04883
0 0.22461 0.45459 0.05078 0.04004
0 0.96582 0.82861 0.06836 0.09082
0 0.80811 0.96777 0.0752 0.05078
0 0.52734 0.94824 0.07031 0.07227
0 0.55566 0.86768 0.05469 0.06738
0 0.62158 0.86328 0.08496 0.08008
0 0.61572 0.96826 0.05957 0.05371
0 0.42236 0.9165 0.05762 0.06934
0 0.34424 0.92139 0.10449 0.07715
0 0.37939 0.80518 0.06348 0.06348
0 0.32861 0.70605 0.05957 0.05469
0 0.24756 0.70459 0.05957 0.04785
0 0.16309 0.77246 0.05859 0.0625
0 0.2417 0.85254 0.0498 0.05469
0 0.21191 0.93652 0.05859 0.0625
0 0.06836 0.87939 0.05859 0.06738
0 0.11865 0.86523 0.06348 0.06641
0 0.02197 0.61963 0.04395 0.06738
0 0.86279 0.92139 0.06152 0.03027
0 0.16699 0.08105 0.03906 0.04883
0 0.20215 0.02783 0.04102 0.04004
0 0.03027 0.78076 0.04688 0.03809
0 0.5752 0.46826 0.08594 0.04785
0 0.53711 0.54004 0.08398 0.04297
