0 0.55713 0.50439 0.15527 0.08496
0 0.58594 0.28857 0.08203 0.1377
0 0.21582 0.28418 0.1582 0.08984
0 0.2959 0.08691 0.14258 0.10547
0 0.71582 0.22559 0.12695 0.07227
0 0.97754 0.53613 0.04492 0.06641
0 0.63574 0.05713 0.11328 0.11426
0 0.32324 0.34131 0.07812 0.08301
0 0.44238 0.35938 0.13477 0.11523
0 0.47461 0.61475 0.0957 0.12988
0 0.40674 0.18311 0.12012 0.05762
0 0.35059 0.55273 0.08008 0.07227
0 0.59326 0.4209 0.08691 0.10742
0 0.50586 0.71094 0.08789 0.07812
0 0.1792 0.09473 0.0752 0.09961
0 0.48096 0.16064 0.08301 0.05762
0 0.94482 0.02344 0.11035 0.04688
0 0.6167 0.15332 0.0752 0.0625
0 0.83594 0.70459 0.17188 0.08496
0 0.66113 0.73779 0.14844 0.09082
0 0.18555 0.71436 0.16211 0.18457
0 0.71582 0.82715 0.16797 0.0957
0 0.40186 0.49805 0.0752 0.09766
0 0.4707 0.8584 0.24805 0.13281
0 0.08447 0.64941 0.06543 0.10547
0 0.94971 0.07324 0.06543 0.0625
0 0.72803 0.69336 0.14746 0.08789
0 0.20801 0.36523 0.06055 0.0625
0 0.82324 0.92969 0.13281 0.14062
0 0.61182 0.63086 0.0752 0.08789
0 0.10449 0.93994 0.08008 0.12012
0 0.47314 0.95996 0.25684 0.08008
0 0.0415 0.08789 0.08301 0.14258
0 0.02197 0.52539 0.04395 0.0957
0 0.91064 0.03369 0.05762 0.06738
0 0.60986 0.29443 0.0498 0.08496
0 0.58447 0.66211 0.09473 0.06445
0 0.70215 0.80078 0.1543 0.04297
