0 0.5708 0.05957 0.0791 0.10742
0 0.6958 0.69922 0.07324 0.07227
0 0.94238 0.03125 0.06641 0.0625
0 0.45801 0.76025 0.07227 0.0791
0 0.45215 0.48779 0.07617 0.07324
0 0.14404 0.05029 0.05957 0.09668
0 0.50049 0.75684 0.04004 0.10156
0 0.76709 0.36035 0.08691 0.04883
0 0.52637 0.72119 0.10156 0.06934
0 0.84717 0.74023 0.07715 0.06055
0 0.58789 0.21094 0.06836 0.0625
0 0.55518 0.771 0.06934 0.06543
0 0.00732 0.11621 0.01465 0.04883
0 0.03516 0.67822 0.05469 0.08301
0 0.97363 0.14111 0.02734 0.06934
0 0.02979 0.72607 0.05957 0.06152
0 0.59863 0.30078 0.09961 0.10742
0 0.39355 0.19336 0.03516 0.07031
0 0.1543 0.94629 0.05078 0.06641
0 0.5083 0.32471 0.04395 0.08496
0 0.08984 0.66162 0.10156 0.05176
0 0.70557 0.0249 0.02246 0.0498
0 0.32324 0.39111 0.04492 0.06543
0 0.97998 0.61084 0.02832 0.06348
0 0.37744 0.19531 0.03027 0.07227
0 0.06738 0.80469 0.04492 0.06641
0 0.32715 0.30469 0.0293 0.10938
0 0.02832 0.54492 0.05664 0.05664
0 0.49951 0.26758 0.04199 0.07812
0 0.65576 0.06445 0.02637 0.08398
0 0.55469 0.48682 0.02734 0.09473
0 0.68213 0.02295 0.04004 0.04395
0 0.81348 0.19287 0.07422 0.04004
0 0.97217 0.98145 0.0459 0.03711
0 0.26025 0.36475 0.03613 0.06738
0 0.47803 0.39307 0.02441 0.06934
0 0.54004 0.67871 0.0957 0.06055
0 0.38428 0.66211 0.0791 0.06641
0 0.03076 0.51416 0.04199 0.06348
0 0.82275 0.23389 0.07129 0.03223
0 0.01562 0.46484 0.03125 0.06641
0 0.19141 0.06299 0.08008 0.06738
0 0.93555 0.51074 0.07812 0.05273
0 0.32373 0.96533 0.05957 0.04785
0 0.47656 0.61816 0.08398 0.03125
0 0.33398 0.02441 0.05078 0.04883
0 0.46875 0.39209 0.03125 0.06543
0 0.97266 0.60547 0.0293 0.0625
0 0.96191 0.23926 0.07617 0.05078
0 0.47461 0.66064 0.04102 0.09082
0 0.77148 0.01172 0.03516 0.02148
0 0.24268 0.66211 0.06348 0.04883
0 0.84668 0.12744 0.04102 0.04785
0 0.64307 0.07129 0.02246 0.08008
0 0.68115 0.24756 0.04395 0.03223
0 0.02051 0.67871 0.04102 0.07617
0 0.10986 0.91064 0.08496 0.05176
0 0.84277 0.89404 0.03906 0.03418
0 0.81348 0.53467 0.04688 0.0498
0 0.16196 0.23345 0.08564 0.04834
0 0.18701 0.04492 0.08887 0.08008
0 0.97217 0.51221 0.02832 0.05176
0 0.2666 0.68164 0.07227 0.05078
0 0.82227 0.76465 0.04492 0.04492
0 0.62402 0.86133 0.04688 0.07227
0 0.99268 0.89795 0.01465 0.04199
0 0.98486 0.73584 0.03027 0.04785
0 0.75635 0.77637 0.05762 0.04883
0 0.75977 0.7124 0.04688 0.04785
