0 0.13086 0.20312 0.05859 0.07812
0 0.31836 0.19971 0.06641 0.06543
0 0.34766 0.31445 0.08398 0.05664
0 0.11572 0.41797 0.06934 0.08008
0 0.19092 0.42627 0.05957 0.05762
0 0.02979 0.45605 0.05762 0.06641
0 0.04053 0.52686 0.06738 0.06738
0 0.29053 0.5 0.08105 0.05664
0 0.396 0.57764 0.06152 0.09277
0 0.58594 0.5332 0.08789 0.0625
0 0.14355 0.6792 0.0625 0.0752
0 0.04443 0.76758 0.06738 0.07227
0 0.30908 0.66406 0.06934 0.06836
0 0.271 0.70508 0.06934 0.07227
0 0.38525 0.73438 0.13379 0.08594
0 0.27637 0.85156 0.0625 0.06445
0 0.33691 0.83398 0.07812 0.10352
0 0.41699 0.81396 0.09766 0.08301
0 0.11621 0.86963 0.07617 0.0791
0 0.0332 0.84668 0.06641 0.06055
0 0.81738 0.97607 0.06836 0.04785
0 0.85498 0.9209 0.12207 0.06055
0 0.89844 0.79492 0.06055 0.07031
0 0.92725 0.6123 0.07715 0.06055
0 0.75342 0.7627 0.0752 0.06641
0 0.77002 0.69922 0.08691 0.07227
0 0.74121 0.66357 0.14453 0.05371
0 0.68311 0.96143 0.06543 0.07715
0 0.62646 0.97607 0.0791 0.04785
0 0.59277 0.92969 0.10547 0.07812
0 0.53955 0.83545 0.07129 0.06152
0 0.60449 0.60205 0.12109 0.04785
0 0.80518 0.47559 0.08105 0.09766
0 0.6333 0.4585 0.07129 0.06934
0 0.66943 0.41504 0.06738 0.06836
0 0.83252 0.3623 0.09473 0.06641
0 0.47314 0.30518 0.06543 0.10645
0 0.52686 0.3208 0.06348 0.10059
0 0.55371 0.22314 0.07422 0.07715
0 0.59961 0.15479 0.07812 0.14551
0 0.78369 0.2002 0.07129 0.07227
0 0.85303 0.25684 0.06738 0.06641
0 0.92773 0.2666 0.07227 0.0625
0 0.88623 0.30566 0.09473 0.06055
0 0.9541 0.17578 0.08789 0.08203
0 0.89258 0.19873 0.08008 0.09668
0 0.74951 0.06689 0.0752 0.06152
0 0.60645 0.07715 0.11719 0.05859
0 0.44922 0.09912 0.07031 0.06152
0 0.39746 0.0708 0.10547 0.09277
0 0.29883 0.07861 0.06055 0.05176
0 0.6333 0.01855 0.08301 0.03711
0 0.29688 0.02686 0.07031 0.05371
0 0.18311 0.01758 0.05957 0.03516
0 0.03369 0.1084 0.06348 0.04297
0 0.02002 0.22705 0.04004 0.05957
0 0.02148 0.26904 0.04297 0.04785
0 0.51855 0.26416 0.07227 0.05566
0 0.98486 0.03174 0.03027 0.0498
0 0.58057 0.96924 0.10449 0.04199
0 0.50146 0.98291 0.0498 0.03418
0 0.74609 0.3291 0.06836 0.06055
0 0.56299 0.17773 0.05371 0.05664
