0 0.8252 0.52246 0.05469 0.08398
0 0.98389 0.79834 0.03223 0.07715
0 0.94385 0.4751 0.06934 0.06543
0 0.99023 0.53467 0.01953 0.10254
0 0.26904 0.3833 0.08301 0.05371
0 0.38623 0.1875 0.10059 0.11133
0 0.6748 0.59082 0.09766 0.03906
0 0.12061 0.83057 0.09277 0.06543
0 0.09668 0.19678 0.08008 0.0459
0 0.77051 0.6665 0.0293 0.07715
0 0.479 0.41797 0.11816 0.09375
0 0.2207 0.08838 0.11719 0.04199
0 0.9873 0.59912 0.02539 0.06152
0 0.45947 0.66943 0.1084 0.04199
0 0.9082 0.84424 0.09375 0.04395
0 0.16895 0.50781 0.11719 0.05469
0 0.03613 0.12695 0.06836 0.06055
0 0.96973 0.07764 0.06055 0.10254
0 0.7876 0.52148 0.06152 0.06445
0 0.91895 0.98486 0.05664 0.03027
0 0.27588 0.0625 0.07324 0.05469
0 0.81104 0.85986 0.03613 0.06152
0 0.73779 0.54395 0.06934 0.04102
0 0.10352 0.49658 0.03516 0.09863
0 0.93945 0.01123 0.06445 0.02246
0 0.34521 0.48047 0.09473 0.06836
0 0.16797 0.77393 0.11328 0.04395
0 0.87402 0.35889 0.06445 0.03418
0 0.51758 0.85742 0.04883 0.08398
0 0.10205 0.56152 0.10449 0.03516
0 0.80322 0.73438 0.06934 0.07227
0 0.90332 0.29688 0.06445 0.06055
0 0.03027 0.55273 0.06055 0.04492
0 0.44189 0.63525 0.11035 0.03223
0 0.1084 0.59961 0.10938 0.04102
0 0.39746 0.0791 0.0957 0.05078
0 0.94434 0.66064 0.09961 0.05957
0 0.75293 0.73145 0.05859 0.0293
0 0.02783 0.21729 0.05566 0.04004
0 0.08301 0.91992 0.06836 0.02148
0 0.24219 0.83936 0.08789 0.05762
0 0.67432 0.97266 0.11816 0.03711
0 0.28174 0.27441 0.09863 0.03711
0 0.81836 0.26562 0.10742 0.03906
0 0.69971 0.91846 0.10449 0.03809
0 0.68994 0.86035 0.05566 0.06055
0 0.74609 0.87939 0.05078 0.0459
0 0.97656 0.46826 0.04688 0.03613
0 0.29541 0.56104 0.1084 0.04004
0 0.22168 0.71875 0.12109 0.03125
0 0.77246 0.63232 0.07617 0.06348
0 0.84521 0.979 0.05957 0.03809
0 0.0415 0.43311 0.08301 0.05371
0 0.354 0.69238 0.07129 0.0332
0 0.02295 0.01514 0.0459 0.02832
0 0.20459 0.99316 0.08496 0.01367
0 0.53223 0.70459 0.05469 0.05566
0 0.98975 0.27393 0.02051 0.04395
0 0.92139 0.03223 0.0498 0.02734
0 0.08643 0.06299 0.07324 0.01465
0 0.73047 0.01562 0.04297 0.03125
0 0.48926 0.36133 0.15234 0.03906
0 0.95654 0.40625 0.08691 0.0957
0 0.41162 0.97412 0.13574 0.03613
0 0.12988 0.69482 0.11523 0.04395
0 0.6855 0.70088 0.05537 0.03789
0 0.1748 0.05566 0.05469 0.02344
0 0.67236 0.01953 0.05957 0.03906
0 0.27344 0.90625 0.12109 0.04492
0 0.98926 0.42285 0.02148 0.0625
0 0.44287 0.37451 0.07324 0.06152
0 0.54248 0.98389 0.05176 0.02832
0 0.73486 0.05078 0.13574 0.03906
0 0.61475 0.47607 0.10254 0.04199
0 0.75586 0.85303 0.04688 0.03418
0 0.6377 0.69775 0.06055 0.03418
0 0.17236 0.89697 0.11621 0.06543
0 0.01758 0.61182 0.03516 0.04785
0 0.37061 0.08057 0.04785 0.06738
