0 0.68359 0.18604 0.08984 0.06738
0 0.16211 0.01709 0.07617 0.03418
0 0.35498 0.03125 0.09277 0.0625
0 0.03662 0.20264 0.05762 0.06543
0 0.12207 0.29346 0.04297 0.05762
0 0.33691 0.35449 0.0918 0.05664
0 0.41504 0.46533 0.04883 0.06348
0 0.87939 0.42627 0.1084 0.06543
0 0.65479 0.46582 0.09668 0.05859
0 0.68066 0.40576 0.04688 0.0459
0 0.58496 0.39648 0.04883 0.05469
0 0.96582 0.35596 0.03711 0.05762
0 0.97607 0.59473 0.04785 0.08008
0 0.97852 0.70068 0.04297 0.08691
0 0.02588 0.45752 0.05176 0.05566
0 0.04395 0.52979 0.08398 0.05176
0 0.19141 0.74463 0.05664 0.07129
0 0.43066 0.80859 0.07617 0.0625
0 0.53174 0.73389 0.06934 0.06543
0 0.5625 0.81787 0.0918 0.0791
0 0.62109 0.83203 0.05469 0.06445
0 0.72314 0.84082 0.06543 0.07812
0 0.81885 0.85693 0.09277 0.0791
0 0.96143 0.9375 0.07324 0.08789
0 0.82959 0.9375 0.09277 0.10938
0 0.46387 0.95459 0.07031 0.05957
0 0.33887 0.95898 0.08984 0.05859
0 0.22949 0.82324 0.08984 0.09961
0 0.10889 0.80811 0.0791 0.05371
0 0.08057 0.88818 0.05957 0.05762
0 0.92725 0.87842 0.1084 0.09082
0 0.96826 0.31396 0.03809 0.03809
0 0.68311 0.03076 0.05566 0.0498
0 0.49902 0.02686 0.03516 0.03809
0 0.19678 0.11475 0.04004 0.03809
0 0.24219 0.07959 0.04492 0.0459
0 0.24268 0.11133 0.05176 0.05273
0 0.41846 0.08105 0.04395 0.03516
0 0.40088 0.11523 0.08691 0.04883
0 0.51416 0.07861 0.02637 0.05762
0 0.53125 0.02979 0.03125 0.05957
0 0.97559 0.01855 0.04883 0.03516
0 0.98096 0.06299 0.03809 0.04004
0 0.36963 0.17041 0.09473 0.10059
0 0.49219 0.19434 0.08008 0.09961
0 0.45117 0.25586 0.0625 0.08008
0 0.18701 0.29785 0.0752 0.07422
0 0.10107 0.3584 0.07129 0.04883
0 0.17725 0.41553 0.05957 0.08301
0 0.24023 0.41455 0.05664 0.04785
0 0.38379 0.42725 0.04688 0.08105
0 0.62988 0.37744 0.04688 0.05762
0 0.84033 0.3208 0.08301 0.04395
0 0.92529 0.5 0.0459 0.04883
0 0.82568 0.38184 0.07324 0.04492
0 0.72021 0.50879 0.0791 0.04688
0 0.74902 0.57617 0.13672 0.05469
0 0.80225 0.61475 0.0498 0.03418
0 0.56787 0.56543 0.05957 0.06445
0 0.61475 0.58252 0.04004 0.04395
0 0.63574 0.61768 0.04492 0.05566
0 0.03125 0.58594 0.05469 0.05664
0 0.31348 0.56982 0.06836 0.05176
0 0.24561 0.56201 0.06543 0.05371
0 0.20166 0.52734 0.06738 0.04492
0 0.22217 0.62793 0.05566 0.04297
0 0.11133 0.61865 0.04102 0.03809
0 0.46973 0.60449 0.06445 0.07227
0 0.39355 0.63135 0.06641 0.05957
0 0.3208 0.68408 0.1416 0.05371
0 0.41748 0.72754 0.04395 0.06055
0 0.06152 0.66797 0.05859 0.04688
0 0.08398 0.74365 0.0625 0.04004
0 0.23633 0.51025 0.04883 0.03809
0 0.55322 0.66211 0.05371 0.05078
0 0.61377 0.67773 0.08496 0.07617
0 0.2998 0.83496 0.04688 0.05664
0 0.47754 0.85059 0.06055 0.05859
0 0.55811 0.91016 0.08691 0.07422
0 0.62402 0.94141 0.07031 0.08398
