0 0.23633 0.23145 0.08008 0.07227
0 0.22949 0.39307 0.10156 0.06152
0 0.26025 0.33789 0.0791 0.07422
0 0.18896 0.43018 0.07129 0.06152
0 0.03174 0.53857 0.06348 0.09473
0 0.04346 0.95117 0.06152 0.07031
0 0.15186 0.93701 0.12793 0.06738
0 0.11719 0.96826 0.08984 0.06348
0 0.60156 0.91846 0.08398 0.08887
0 0.72998 0.83936 0.05957 0.06152
0 0.58154 0.74512 0.08301 0.07617
0 0.36719 0.80811 0.04883 0.06348
0 0.66309 0.71338 0.06836 0.05957
0 0.97363 0.50586 0.05273 0.08008
0 0.66895 0.57373 0.06836 0.07324
0 0.5459 0.58789 0.10938 0.05664
0 0.48535 0.64795 0.16211 0.0791
0 0.35498 0.62354 0.07715 0.08301
0 0.3374 0.56152 0.11816 0.07422
0 0.09961 0.64502 0.06445 0.05371
0 0.14404 0.67773 0.12988 0.07812
0 0.26855 0.64307 0.05078 0.09668
0 0.0542 0.69482 0.1084 0.08496
0 0.02197 0.75635 0.04395 0.08496
0 0.46631 0.45508 0.12793 0.13281
0 0.43799 0.41699 0.07715 0.06836
0 0.74512 0.43213 0.13086 0.06543
0 0.83496 0.28369 0.07227 0.16504
0 0.59424 0.24072 0.08887 0.05371
0 0.94092 0.21143 0.1084 0.05566
0 0.82715 0.15576 0.07422 0.06152
0 0.96631 0.10205 0.06738 0.07715
0 0.83984 0.04639 0.19336 0.09277
0 0.48926 0.01318 0.16797 0.02637
0 0.67578 0.03418 0.09961 0.06836
0 0.104 0.99121 0.04785 0.01758
0 0.29883 0.35254 0.05078 0.07227
0 0.98828 0.06445 0.02344 0.05664
