0 0.27832 0.42139 0.07422 0.07129
0 0.92383 0.0376 0.07227 0.07324
0 0.98389 0.73828 0.03223 0.06836
0 0.86523 0.63281 0.05664 0.09961
0 0.21631 0.49707 0.07715 0.07031
0 0.69043 0.08057 0.0957 0.08301
0 0.69385 0.7124 0.07324 0.05566
0 0.2627 0.91553 0.09375 0.06152
0 0.61133 0.46826 0.08008 0.08496
0 0.18555 0.62451 0.08594 0.09277
0 0.06396 0.34473 0.08105 0.06445
0 0.85645 0.3999 0.05664 0.0752
0 0.08008 0.39404 0.09375 0.05566
0 0.24072 0.63135 0.0791 0.06934
0 0.31592 0.06738 0.06738 0.08594
0 0.16504 0.53271 0.08203 0.04785
0 0.11523 0.66797 0.08984 0.07617
0 0.3252 0.73145 0.08789 0.04297
0 0.03857 0.73584 0.05957 0.0498
0 0.73926 0.58887 0.06445 0.05273
0 0.36963 0.10693 0.05957 0.05762
0 0.97852 0.2373 0.04297 0.0625
0 0.83447 0.0542 0.06348 0.03613
0 0.5874 0.77295 0.07715 0.06152
0 0.05322 0.50049 0.10059 0.06934
0 0.96094 0.15771 0.04688 0.06738
0 0.33545 0.83008 0.06738 0.05859
0 0.63965 0.39014 0.13672 0.06934
0 0.95898 0.67871 0.03906 0.06836
0 0.77686 0.6792 0.04199 0.05566
0 0.80029 0.74365 0.06738 0.04004
0 0.46582 0.46436 0.05273 0.05176
0 0.14209 0.61426 0.0791 0.07031
0 0.2124 0.16016 0.05371 0.04102
0 0.28271 0.80127 0.05176 0.05176
0 0.36279 0.96973 0.08105 0.04297
0 0.72412 0.52734 0.05371 0.06836
0 0.05322 0.59424 0.08105 0.03809
0 0.83447 0.81787 0.07324 0.0459
0 0.53174 0.18066 0.05566 0.04297
0 0.95312 0.021 0.05078 0.04199
0 0.31689 0.76416 0.04004 0.06348
0 0.84229 0.51074 0.04004 0.04688
0 0.4502 0.45605 0.05859 0.07227
0 0.0957 0.49463 0.05664 0.03809
0 0.90039 0.396 0.04492 0.06543
0 0.10596 0.90527 0.10254 0.04297
0 0.91162 0.11963 0.06152 0.0459
0 0.88574 0.55078 0.04688 0.07422
0 0.34131 0.1709 0.07324 0.07031
0 0.02588 0.5415 0.05176 0.0498
0 0.70361 0.80225 0.06543 0.04395
0 0.91699 0.98828 0.05078 0.02344
0 0.02832 0.91895 0.05664 0.04492
0 0.68262 0.26562 0.04688 0.06836
0 0.86865 0.62012 0.08105 0.05078
0 0.25879 0.59863 0.05664 0.03125
0 0.02051 0.96289 0.04102 0.05078
0 0.67236 0.37402 0.06934 0.05273
0 0.42236 0.73975 0.06543 0.04785
0 0.02881 0.84766 0.05566 0.0332
0 0.55273 0.36426 0.07617 0.06445
0 0.78564 0.33203 0.06348 0.06445
0 0.92334 0.6875 0.0498 0.03906
0 0.04785 0.99072 0.07812 0.01855
0 0.89697 0.53125 0.03027 0.03711
0 0.0127 0.61719 0.02344 0.05273
0 0.13818 0.49023 0.05371 0.03516
0 0.41455 0.44922 0.03809 0.05273
0 0.36621 0.4375 0.05859 0.03711
0 0.76025 0.31787 0.0498 0.07129
