0 0.02148 0.91406 0.04297 0.0625
0 0.09082 0.85938 0.08594 0.06836
0 0.15674 0.90771 0.0791 0.06543
0 0.19678 0.71289 0.09473 0.11914
0 0.3457 0.59717 0.06836 0.07129
0 0.61963 0.93359 0.07324 0.07227
0 0.64893 0.89355 0.0752 0.07812
0 0.78711 0.8999 0.07227 0.05371
0 0.81299 0.6792 0.07324 0.07715
0 0.91699 0.60938 0.07812 0.08203
0 0.92627 0.6748 0.08105 0.06641
0 0.58447 0.63379 0.08496 0.07227
0 0.55908 0.31738 0.10645 0.07422
0 0.55566 0.39062 0.10742 0.06445
0 0.72754 0.48145 0.10547 0.07227
0 0.95557 0.47998 0.08887 0.09863
0 0.79639 0.36279 0.05566 0.07715
0 0.7334 0.19824 0.10938 0.10547
0 0.91748 0.31543 0.11426 0.05469
0 0.42822 0.47461 0.06152 0.0957
0 0.48438 0.48486 0.07227 0.0791
0 0.61621 0.53613 0.09375 0.08594
0 0.31982 0.48682 0.06934 0.06152
0 0.32861 0.43262 0.0791 0.0625
0 0.39844 0.40088 0.07031 0.06543
0 0.27246 0.26416 0.07617 0.06934
0 0.17578 0.24658 0.07031 0.05566
0 0.10547 0.30029 0.07422 0.08301
0 0.12842 0.51172 0.06543 0.06836
0 0.03027 0.44531 0.06055 0.05859
0 0.20361 0.97705 0.06934 0.0459
0 0.04736 0.1416 0.09473 0.08789
0 0.1499 0.13281 0.06934 0.07031
0 0.19434 0.04395 0.09961 0.08789
0 0.3877 0.11377 0.08984 0.10254
0 0.10059 0.03467 0.06836 0.06934
0 0.56396 0.02344 0.0752 0.04688
0 0.70654 0.08252 0.12012 0.07715
0 0.7959 0.125 0.0957 0.06836
0 0.77197 0.01807 0.06934 0.03613
0 0.47314 0.08984 0.03027 0.03711
0 0.77881 0.28662 0.06738 0.07324
0 0.8833 0.37158 0.04199 0.0498
0 0.63965 0.42773 0.06641 0.05859
0 0.77295 0.41504 0.10449 0.03906
0 0.71143 0.43945 0.06543 0.04883
0 0.79199 0.47168 0.06641 0.06055
0 0.82812 0.60254 0.08008 0.06445
0 0.61328 0.82959 0.05078 0.0459
0 0.50342 0.97363 0.07129 0.05273
0 0.92578 0.94824 0.06836 0.03906
0 0.11475 0.37695 0.06934 0.06836
0 0.30518 0.74756 0.06348 0.05762
0 0.14648 0.75879 0.04297 0.0332
