0 0.59473 0.08154 0.07031 0.09277
0 0.28223 0.57129 0.08008 0.05469
0 0.12012 0.49756 0.05469 0.0791
0 0.76172 0.22021 0.04883 0.08691
0 0.146 0.13525 0.1123 0.09277
0 0.55615 0.22754 0.05762 0.08203
0 0.40967 0.15674 0.05762 0.10645
0 0.85547 0.56494 0.05664 0.10449
0 0.18457 0.52686 0.05859 0.06543
0 0.36572 0.43359 0.04395 0.0918
0 0.21191 0.23877 0.03906 0.08105
0 0.30273 0.80957 0.04297 0.09375
0 0.15527 0.31641 0.04297 0.08008
0 0.67236 0.32031 0.03809 0.0625
0 0.06348 0.89697 0.07227 0.10449
0 0.73926 0.50391 0.05469 0.07617
0 0.95459 0.59766 0.06543 0.07031
0 0.6084 0.94434 0.0293 0.07031
0 0.02783 0.2373 0.05566 0.03906
0 0.38672 0.30615 0.05664 0.06152
0 0.62598 0.52637 0.06445 0.08398
0 0.73291 0.7583 0.03418 0.12012
0 0.18652 0.26855 0.07617 0.0957
0 0.44824 0.6582 0.03906 0.07227
0 0.3042 0.94336 0.05957 0.05273
0 0.38818 0.4209 0.05371 0.06445
0 0.75684 0.14697 0.05664 0.06738
0 0.8623 0.1709 0.08789 0.05273
0 0.68896 0.57861 0.06934 0.05176
0 0.04053 0.18994 0.05566 0.07324
0 0.71729 0.94775 0.02832 0.05566
0 0.50781 0.91699 0.0625 0.05469
0 0.37354 0.14209 0.05176 0.07129
0 0.64355 0.0376 0.03125 0.06543
0 0.3584 0.23486 0.03711 0.06543
0 0.98193 0.28516 0.03613 0.11133
0 0.08008 0.77441 0.06055 0.04492
0 0.53809 0.81445 0.04297 0.05078
0 0.49707 0.87061 0.06445 0.04004
0 0.83887 0.45312 0.02734 0.05859
0 0.71777 0.8584 0.05469 0.04297
0 0.29209 0.65967 0.05273 0.06348
0 0.16504 0.95264 0.04492 0.0752
0 0.09766 0.05762 0.04102 0.07031
0 0.38086 0.95752 0.05273 0.02441
0 0.52344 0.03223 0.02734 0.04688
0 0.81494 0.95996 0.04395 0.07031
0 0.30811 0.18408 0.05176 0.05176
0 0.95703 0.16064 0.05664 0.06152
0 0.021 0.27734 0.04199 0.0625
0 0.04443 0.95264 0.06543 0.01855
0 0.85254 0.87402 0.08984 0.05273
0 0.49951 0.8623 0.02832 0.05859
0 0.05078 0.66895 0.10156 0.06445
0 0.91846 0.56836 0.04785 0.04883
0 0.96289 0.56152 0.03125 0.04883
0 0.07471 0.83643 0.03809 0.0752
0 0.82617 0.85645 0.04492 0.03906
0 0.5957 0.80713 0.06055 0.03223
0 0.71045 0.69824 0.08105 0.03516
0 0.9834 0.80566 0.0293 0.06641
0 0.8999 0.98389 0.05566 0.03223
