0 0.2959 0.41943 0.08203 0.14551
0 0.08057 0.69922 0.10254 0.11719
0 0.08447 0.06201 0.11035 0.0791
0 0.19336 0.54199 0.11328 0.15039
0 0.76562 0.88818 0.09375 0.16504
0 0.47607 0.53955 0.09277 0.10449
0 0.77344 0.72461 0.16211 0.14062
0 0.06982 0.32324 0.13965 0.11133
0 0.57422 0.72559 0.11523 0.10742
0 0.93213 0.95703 0.12012 0.08594
0 0.92236 0.84473 0.09473 0.08984
0 0.82666 0.96875 0.08496 0.0625
0 0.22949 0.10986 0.09961 0.13574
0 0.25781 0.21533 0.0957 0.16504
0 0.62695 0.32227 0.10547 0.15039
0 0.6748 0.56104 0.08984 0.12207
0 0.41113 0.11963 0.06055 0.09668
0 0.9292 0.5459 0.12012 0.17188
0 0.69189 0.20068 0.08496 0.17285
0 0.70166 0.37793 0.08496 0.14258
0 0.53125 0.16113 0.07227 0.08984
0 0.60645 0.10889 0.09766 0.1377
0 0.86572 0.12061 0.11816 0.17285
0 0.87598 0.20215 0.09766 0.09961
0 0.82959 0.06055 0.09473 0.11719
0 0.32715 0.75098 0.09961 0.17773
0 0.89844 0.50977 0.10352 0.11523
0 0.26318 0.86328 0.07324 0.10156
0 0.37207 0.87305 0.06445 0.08203
0 0.41602 0.5083 0.08789 0.06738
0 0.396 0.38623 0.07715 0.10254
0 0.80566 0.75879 0.09766 0.12695
0 0.12549 0.5708 0.06543 0.12012
0 0.22314 0.63037 0.08691 0.06738
0 0.31348 0.63037 0.0625 0.10254
0 0.104 0.19629 0.10254 0.07227
0 0.55225 0.81104 0.08496 0.07715
0 0.90186 0.43848 0.0498 0.08789
0 0.6958 0.9165 0.06348 0.11816
0 0.86182 0.29736 0.06543 0.0752
0 0.93848 0.23584 0.08203 0.12207
0 0.90967 0.03467 0.06934 0.06543
0 0.69678 0.11914 0.09473 0.16992
0 0.46582 0.16064 0.07031 0.13184
0 0.69434 0.021 0.06055 0.04199
0 0.08496 0.56299 0.04492 0.1377
0 0.31592 0.05957 0.09473 0.11914
0 0.62939 0.03223 0.06934 0.06055
0 0.75293 0.53467 0.0625 0.06934
0 0.06689 0.23438 0.09473 0.04492
0 0.43945 0.04297 0.06445 0.08203
