0 0.05957 0.51123 0.04883 0.08496
0 0.26416 0.14111 0.07129 0.07324
0 0.27686 0.74512 0.0498 0.08008
0 0.07568 0.08838 0.09082 0.07324
0 0.10791 0.53076 0.06934 0.08691
0    
0 0.54785 0.06006 0.0332 0.09668
0 0.57617 0.21533 0.05469 0.0752
0 0.28906 0.27197 0.05469 0.10254
0 0.54834 0.62744 0.05762 0.07129
0 0.25537 0.31445 0.04004 0.07227
0 0.8667 0.58203 0.06543 0.08594
0 0.57275 0.13086 0.03223 0.08203
0 0.26416 0.66016 0.04199 0.07422
0 0.18311 0.13037 0.05176 0.10449
0 0.79932 0.77832 0.04199 0.09375
0 0.89062 0.90674 0.05469 0.07129
0 0.78076 0.15479 0.04785 0.0791
0 0.4917 0.61377 0.06152 0.06543
0 0.85059 0.96143 0.03906 0.05957
0 0.26758 0.52832 0.11523 0.0625
0 0.74219 0.32031 0.06055 0.06055
0 0.38184 0.85742 0.0293 0.05273
0 0.09814 0.85254 0.06934 0.0625
0 0.74463 0.86523 0.03418 0.08008
0 0.39746 0.9585 0.05664 0.04004
0 0.67646 0.19746 0.04297 0.11562
0 0.09326 0.0376 0.0752 0.0498
0 0.37988 0.36035 0.05078 0.06055
0 0.02686 0.84229 0.05371 0.04785
0 0.49365 0.95508 0.07324 0.04492
0 0.16016 0.26172 0.04688 0.03906
0 0.89307 0.85986 0.03223 0.07324
0 0.27539 0.58252 0.06641 0.06152
0 0.23193 0.91406 0.05762 0.04492
0 0.98389 0.58447 0.03223 0.07324
0 0.73389 0.13574 0.06543 0.08789
0 0.48535 0.49854 0.03906 0.07324
0 0.49658 0.85059 0.05371 0.04688
0 0.33447 0.95312 0.02637 0.05078
0 0.54297 0.51758 0.02539 0.07031
0 0.81494 0.0791 0.05762 0.0918
0 0.62402 0.61621 0.07617 0.04102
0 0.83105 0.12793 0.04492 0.09766
0 0.45703 0.26562 0.03711 0.07031
0 0.70264 0.9375 0.04395 0.03125
0 0.29834 0.63965 0.06152 0.05664
0 0.72998 0.35449 0.03418 0.05859
0 0.06787 0.4668 0.08691 0.04688
0 0.12451 0.0166 0.04785 0.0332
0 0.12598 0.51367 0.07422 0.06836
0 0.5332 0.42969 0.07227 0.07422
0 0.89893 0.44189 0.02832 0.05566
0 0.01514 0.65234 0.03027 0.05859
0 0.86816 0.20361 0.04492 0.09668
0 0.45898 0.87695 0.04102 0.07422
0 0.23975 0.2124 0.05566 0.03613
0 0.62207 0.77783 0.0293 0.04785
0 0.94287 0.98242 0.04395 0.03516
0 0.41504 0.87451 0.03906 0.04004
0 0.71436 0.69775 0.0459 0.05762
0 0.93799 0.02295 0.03223 0.0459
0 0.57324 0.47021 0.03906 0.06934
0 0.55273 0.30273 0.08594 0.08594
0 0.91357 0.52686 0.03613 0.05176
0 0.37744 0.90625 0.0498 0.02344
0 0.49365 0.45557 0.14551 0.09668
0 0.07666 0.8623 0.06934 0.05078
0 0.68457 0.75439 0.06445 0.05957
0 0.53223 0.57129 0.06445 0.05273
