0 0.45117 0.04688 0.05469 0.09375
0 0.81201 0.40234 0.06543 0.10352
0 0.65283 0.11377 0.06348 0.07324
0 0.11084 0.06689 0.0752 0.06543
0 0.83203 0.14697 0.0918 0.06738
0 0.59521 0.49756 0.07715 0.06738
0 0.92578 0.48438 0.07617 0.06055
0 0.44775 0.33594 0.10645 0.09766
0 0.90723 0.05566 0.07227 0.11133
0 0.60645 0.41162 0.06641 0.06738
0 0.71924 0.47754 0.11035 0.07227
0 0.02441 0.6582 0.04883 0.05273
0 0.83936 0.74854 0.08105 0.08691
0 0.41357 0.67822 0.0459 0.12207
0 0.03125 0.13525 0.0625 0.04004
0 0.71826 0.34131 0.03809 0.06934
0 0.98438 0.13477 0.03125 0.08398
0 0.17578 0.4248 0.05078 0.03711
0 0.45947 0.56055 0.04199 0.08789
0 0.60986 0.11133 0.06152 0.05078
0 0.48291 0.96094 0.05762 0.07422
0 0.65283 0.73486 0.02637 0.06738
0 0.01953 0.21533 0.03906 0.0791
0 0.57227 0.72266 0.09961 0.07031
0 0.06885 0.24707 0.0752 0.04688
0 0.15332 0.48486 0.07617 0.04004
0 0.16553 0.87939 0.06152 0.04004
0 0.52295 0.34521 0.03613 0.09473
0 0.15967 0.04102 0.05566 0.05078
0 0.36133 0.98096 0.07031 0.03809
0 0.29297 0.49805 0.06055 0.04492
0 0.229 0.65039 0.15527 0.10547
0 0.78223 0.4165 0.05859 0.06543
0 0.75146 0.13037 0.02441 0.06934
0 0.18945 0.97363 0.05078 0.05273
0 0.2894 0.44595 0.06377 0.04365
0 0.51904 0.84229 0.12012 0.0459
0 0.23877 0.4043 0.05176 0.02734
0 0.74219 0.08447 0.04883 0.06152
0 0.97021 0.40869 0.05957 0.06348
0 0.52686 0.97754 0.06738 0.04492
0 0.04199 0.83691 0.08398 0.05078
0 0.20068 0.21094 0.07324 0.05469
0 0.05518 0.39746 0.07324 0.06836
0 0.83447 0.55811 0.03613 0.04199
0 0.49219 0.25146 0.04883 0.16504
0 0.16357 0.79639 0.04785 0.05957
0 0.41846 0.14697 0.04004 0.04199
0 0.02295 0.80225 0.0459 0.03809
0 0.57764 0.43506 0.06348 0.0459
0 0.22266 0.90967 0.08398 0.04785
0 0.71631 0.98535 0.04199 0.02539
0 0.05322 0.54199 0.08301 0.05664
0 0.31104 0.80908 0.09863 0.0459
0 0.20312 0.57471 0.06445 0.03613
0 0.60205 0.56982 0.02637 0.04395
0 0.20117 0.77979 0.05078 0.02637
0 0.48242 0.43311 0.10938 0.05566
0 0.1167 0.99365 0.0459 0.0127
0 0.6582 0.8584 0.12891 0.04883
0 0.35303 0.4751 0.05371 0.05957
0 0.06934 0.02588 0.06055 0.05176
0 0.22949 0.44141 0.05664 0.03516
0 0.84082 0.80225 0.03711 0.05371
0 0.39014 0.83105 0.0498 0.03906
0 0.64355 0.92627 0.05469 0.0459
0 0.39893 0.4873 0.06543 0.04883
0 0.24658 0.51465 0.06348 0.05469
0 0.40967 0.7002 0.07715 0.06641
0 0.98193 0.9165 0.03613 0.02637
0 0.0083 0.15576 0.0166 0.05957
0 0.64062 0.97803 0.06445 0.04395
0 0.35498 0.83691 0.08496 0.04883
0 0.16992 0.84961 0.03711 0.03516
0 0.12109 0.8667 0.07031 0.04785
0 0.05078 0.88428 0.05859 0.04199
0 0.82666 0.85791 0.0459 0.05371
0 0.43018 0.18066 0.04395 0.05469
