0 0.13477 0.28613 0.10742 0.08594
0 0.64893 0.50146 0.09082 0.06543
0 0.95215 0.2085 0.06055 0.09473
0 0.26318 0.13037 0.08691 0.07715
0 0.67139 0.02979 0.10645 0.05957
0 0.63721 0.66455 0.12402 0.07324
0 0.68799 0.42139 0.11035 0.1084
0 0.07617 0.60889 0.11914 0.07129
0 0.04297 0.16113 0.08594 0.07227
0 0.27197 0.4082 0.12402 0.0625
0 0.66699 0.4585 0.0625 0.08301
0 0.32471 0.61719 0.09668 0.05469
0 0.39746 0.13281 0.11523 0.08008
0 0.08545 0.14404 0.10449 0.05176
0 0.83496 0.49609 0.14062 0.07617
0 0.59326 0.88623 0.11035 0.05762
0 0.49805 0.19678 0.11133 0.03809
0 0.73682 0.61182 0.07324 0.04395
0 0.51465 0.6626 0.09766 0.05176
0 0.9668 0.80176 0.06641 0.06445
0 0.41113 0.80811 0.09766 0.04004
0 0.53613 0.89404 0.09766 0.06348
0 0.82666 0.53564 0.08105 0.07129
0 0.21436 0.42285 0.16113 0.10547
0 0.50488 0.71436 0.11133 0.04199
0 0.55078 0.93896 0.13477 0.06543
0 0.81445 0.68848 0.09375 0.0332
0 0.48633 0.62598 0.0957 0.03516
0 0.96436 0.18457 0.07129 0.04492
0 0.10059 0.91553 0.05859 0.0459
0 0.69873 0.07324 0.07129 0.04102
0 0.50732 0.12402 0.14355 0.0918
0 0.41455 0.5708 0.15332 0.0752
0 0.06885 0.05615 0.07715 0.03613
0 0.88818 0.65771 0.10254 0.04395
0 0.68213 0.33838 0.07129 0.0459
0 0.28662 0.01172 0.05957 0.02344
0 0.96387 0.59473 0.07227 0.06836
0 0.31055 0.32812 0.14453 0.10547
0 0.8501 0.93457 0.05566 0.04688
0 0.57373 0.18066 0.08105 0.05078
0 0.04297 0.0752 0.08203 0.10547
0 0.9209 0.94873 0.13086 0.0459
0 0.67383 0.74023 0.0918 0.04102
0 0.26709 0.23096 0.0791 0.05176
0 0.88623 0.60303 0.04785 0.09473
0 0.1499 0.67871 0.10059 0.05273
0 0.0918 0.70215 0.12305 0.12891
0 0.35693 0.26514 0.06152 0.03223
0 0.82227 0.01465 0.04297 0.0293
0 0.55078 0.30957 0.0625 0.05469
0 0.05957 0.74365 0.09375 0.02441
0 0.44971 0.98389 0.13379 0.03223
0 0.38623 0.61963 0.09668 0.04004
0 0.62451 0.77197 0.08496 0.04199
0 0.98047 0.08203 0.03906 0.03711
0 0.83203 0.34814 0.09375 0.05176
0 0.16455 0.08301 0.07715 0.02539
0 0.146 0.79004 0.08301 0.04883
0 0.96191 0.33789 0.0625 0.04297
0 0.37988 0.73096 0.15039 0.06543
0 0.33984 0.5625 0.05469 0.05859
0 0.29199 0.74463 0.06055 0.06152
0 0.87451 0.65674 0.12793 0.05762
0 0.59766 0.45654 0.07031 0.03613
0 0.89746 0.10107 0.05664 0.05371
0 0.07861 0.38525 0.14941 0.08691
0 0.04688 0.83594 0.06055 0.0332
0 0.47705 0.69629 0.09863 0.04102
