0 0.75049 0.34619 0.19238 0.14746
0 0.63574 0.72314 0.10742 0.08301
0 0.23291 0.40332 0.10254 0.07812
0 0.23096 0.30957 0.12207 0.0957
0 0.18311 0.57324 0.1123 0.10742
0 0.88428 0.80957 0.11035 0.0957
0 0.51611 0.41309 0.14746 0.16797
0 0.0708 0.54834 0.11816 0.08301
0 0.44482 0.29443 0.11035 0.10059
0 0.50977 0.95996 0.09961 0.08008
0 0.39209 0.42432 0.09082 0.12012
0 0.42578 0.62598 0.11719 0.12695
0 0.68555 0.85449 0.15234 0.11914
0 0.49072 0.53955 0.11816 0.11426
0 0.82861 0.07959 0.1377 0.08496
0 0.05469 0.66455 0.09961 0.0791
0 0.06348 0.75195 0.12695 0.10938
0 0.09326 0.12695 0.09668 0.17578
0 0.91992 0.44824 0.08984 0.0625
0 0.68799 0.62695 0.14746 0.10938
0 0.06348 0.31201 0.09766 0.10449
0 0.76855 0.66797 0.13281 0.07227
0 0.94482 0.99707 0.09473 0.00586
0 0.4209 0.69531 0.08203 0.0625
0 0.10791 0.48828 0.1377 0.0918
0 0.94971 0.14551 0.10059 0.0625
