0 0.57422 0.72314 0.05664 0.09863
0 0.38672 0.31396 0.07031 0.08496
0 0.4126 0.45215 0.06543 0.08398
0 0.1084 0.50928 0.07031 0.0791
0 0.03906 0.22754 0.07617 0.07812
0 0.5415 0.11816 0.06934 0.09766
0 0.46533 0.20166 0.04395 0.10254
0 0.46143 0.46484 0.08105 0.09961
0 0.66455 0.19775 0.04785 0.08887
0 0.75 0.43848 0.04492 0.07617
0 0.75244 0.72949 0.0791 0.11133
0 0.52637 0.48242 0.07422 0.08008
0 0.51221 0.19629 0.0459 0.08203
0 0.54492 0.75 0.05273 0.09375
0 0.24658 0.09619 0.09863 0.12207
0 0.36572 0.70996 0.0791 0.07227
0 0.07959 0.21436 0.0459 0.09082
0 0.44385 0.79785 0.05762 0.10156
0 0.15527 0.74268 0.07227 0.07129
0 0.29883 0.95898 0.06055 0.08203
0 0.4248 0.15283 0.04883 0.10449
0 0.90234 0.18311 0.06445 0.08105
0 0.58594 0.48486 0.05859 0.0752
0 0.06885 0.77539 0.08301 0.09375
0 0.94678 0.50684 0.03027 0.10352
0 0.76123 0.25537 0.04395 0.08301
0 0.88184 0.39453 0.05664 0.08984
0 0.73584 0.61914 0.06543 0.0625
0 0.61426 0.58154 0.05859 0.06543
0 0.26611 0.80029 0.0752 0.05762
0 0.85059 0.8374 0.08398 0.05176
0 0.13525 0.16309 0.06934 0.06836
0 0.8501 0.43066 0.04199 0.08789
0 0.5 0.81836 0.07812 0.06445
0 0.09619 0.06738 0.03809 0.13281
0 0.95557 0.14795 0.02637 0.11035
0 0.26465 0.97168 0.04297 0.05664
0 0.24561 0.19092 0.04199 0.09277
0 0.36133 0.55957 0.05469 0.05859
0 0.80176 0.71924 0.05078 0.11816
0 0.41992 0.97461 0.05859 0.04688
0 0.48047 0.88623 0.07617 0.04199
0 0.6665 0.74121 0.04785 0.11719
0 0.97949 0.23193 0.03125 0.06543
0 0.14453 0.92773 0.07227 0.05273
0 0.75684 0.83691 0.02734 0.08008
0 0.45898 0.71631 0.07617 0.05957
0 0.97949 0.5083 0.03711 0.05957
0 0.2124 0.56494 0.0498 0.06934
0 0.73291 0.01709 0.04199 0.03418
0 0.01514 0.40234 0.03027 0.07422
0 0.03223 0.62695 0.06445 0.02734
0 0.6582 0.39746 0.04688 0.12305
0 0.31006 0.77197 0.07129 0.04395
0 0.35498 0.82568 0.05762 0.06543
0 0.12158 0.97998 0.0459 0.04004
0 0.01025 0.44727 0.02051 0.08789
0 0.62842 0.47656 0.03613 0.05469
0 0.66455 0.94287 0.05371 0.03027
0 0.16406 0.88672 0.10742 0.03906
0 0.62451 0.0293 0.03223 0.05859
0 0.18311 0.11719 0.05957 0.0293
0 0.67188 0.69043 0.0625 0.10156
0 0.02783 0.80713 0.05566 0.02832
0 0.05566 0.49561 0.0625 0.09277
0 0.24414 0.14453 0.07617 0.11328
0 0.02637 0.55566 0.05273 0.04492
0 0.06104 0.84619 0.12012 0.05566
0 0.58496 0.09521 0.02344 0.13184
0 0.68652 0.47021 0.07227 0.08301
0 0.71631 0.05127 0.04395 0.05371
0 0.05127 0.4458 0.03027 0.06152
0 0.66162 0.98486 0.03613 0.03027
0 0.5249 0.79443 0.07715 0.04199
0 0.19873 0.82275 0.05176 0.0459
0 0.20264 0.72607 0.08105 0.09863
0 0.02588 0.54297 0.05176 0.07031
0 0.15771 0.21045 0.03613 0.06348
0 0.01172 0.91309 0.02344 0.02148
0 0.59912 0.07031 0.03418 0.0918
0 0.89941 0.8457 0.03125 0.04102
