0 0.22168 0.66943 0.08008 0.10059
0 0.56201 0.77979 0.0791 0.0752
0 0.91113 0.93848 0.06836 0.05664
0 0.69189 0.68506 0.07129 0.09863
0 0.76807 0.39111 0.08301 0.14746
0 0.271 0.34521 0.0791 0.12207
0 0.60986 0.6665 0.05762 0.07129
0 0.61963 0.15186 0.0752 0.12012
0 0.80908 0.93652 0.06738 0.06836
0 0.53516 0.12744 0.06445 0.08105
0 0.09668 0.50928 0.08984 0.17676
0 0.32568 0.83105 0.08301 0.10742
0 0.5083 0.59717 0.09668 0.11035
0 0.40234 0.70215 0.07617 0.07422
0 0.19678 0.5874 0.0752 0.0752
0 0.30615 0.11963 0.07715 0.12598
0 0.41943 0.96533 0.06934 0.06934
0 0.67236 0.88037 0.07129 0.05176
0 0.49072 0.30566 0.08301 0.11719
0 0.95898 0.50049 0.06641 0.10254
0 0.57324 0.58936 0.06836 0.10059
0 0.52588 0.36475 0.08691 0.11035
0 0.50098 0.45703 0.08203 0.07422
0 0.05078 0.43848 0.08203 0.12695
0 0.12842 0.06055 0.06738 0.08789
0 0.09961 0.04199 0.04492 0.08008
0 0.04053 0.30615 0.06543 0.09473
0 0.90967 0.03809 0.0752 0.07227
0 0.24951 0.83301 0.05957 0.08789
0 0.45459 0.75586 0.05566 0.06836
0 0.7207 0.76123 0.0625 0.0791
