0 0.23926 0.93848 0.11719 0.06641
0 0.04492 0.57227 0.08984 0.10547
0 0.49463 0.68701 0.09863 0.05957
0 0.46045 0.95801 0.10254 0.07422
0 0.56592 0.15625 0.08496 0.06055
0 0.66357 0.23145 0.09863 0.07227
0 0.50732 0.25146 0.09082 0.0498
0 0.1875 0.14209 0.08594 0.06152
0 0.229 0.64551 0.08496 0.06055
0 0.65527 0.03027 0.07227 0.06055
0 0.29346 0.1626 0.0752 0.05957
0 0.55566 0.36963 0.08008 0.0498
0 0.28711 0.09277 0.0918 0.08594
0 0.08203 0.03467 0.08203 0.06738
0 0.54736 0.43262 0.08496 0.04297
0 0.45459 0.04248 0.09863 0.04395
0 0.98047 0.22412 0.03906 0.05762
0 0.69678 0.35205 0.07715 0.06543
0 0.93945 0.7334 0.11133 0.06836
0 0.21631 0.33594 0.1084 0.0625
0 0.40186 0.42139 0.10059 0.06152
0 0.93652 0.95752 0.07617 0.07324
0 0.9668 0.01465 0.06641 0.0293
0 0.15283 0.95752 0.1084 0.05176
0 0.97998 0.34961 0.04004 0.06055
0 0.10742 0.68457 0.08594 0.06641
0 0.72168 0.77686 0.08398 0.03809
0 0.09863 0.91992 0.09766 0.04688
0 0.61182 0.68896 0.06934 0.04785
0 0.42578 0.71045 0.08789 0.08105
0 0.13037 0.4834 0.1084 0.0625
0 0.86768 0.38965 0.15527 0.07812
0 0.35498 0.81543 0.16504 0.04688
0 0.36816 0.33984 0.03906 0.08594
0 0.64355 0.93994 0.06641 0.07715
0 0.65088 0.45264 0.06738 0.03613
0 0.15674 0.08154 0.12793 0.03613
0 0.75098 0.24072 0.11328 0.13574
0 0.09082 0.37158 0.08984 0.04004
0 0.70605 0.07227 0.05664 0.05664
0 0.29688 0.62207 0.10156 0.0625
0 0.97754 0.38818 0.04492 0.0459
0 0.17578 0.69727 0.11328 0.06836
0 0.76514 0.3208 0.12012 0.06348
0 0.08477 0.24663 0.10898 0.03232
0 0.51416 0.8623 0.12207 0.04492
0 0.96191 0.83154 0.07617 0.0459
0 0.08936 0.41162 0.09473 0.03418
0 0.37012 0.72852 0.04883 0.04297
0 0.82812 0.02637 0.16797 0.05273
0 0.38232 0.63574 0.09277 0.05078
0 0.49219 0.35547 0.05469 0.03125
0 0.5249 0.77393 0.11035 0.03223
0 0.82324 0.75732 0.14258 0.05957
0 0.21826 0.85742 0.15137 0.0332
0 0.49609 0.01367 0.04883 0.02539
0 0.74805 0.67236 0.06055 0.02051
0 0.95703 0.28906 0.08594 0.05469
0 0.78906 0.23584 0.08398 0.04785
0 0.39258 0.65625 0.08398 0.04883
0 0.32617 0.76807 0.04297 0.02832
0 0.94482 0.54004 0.03809 0.04688
0 0.39258 0.04297 0.0918 0.08203
0 0.80078 0.72754 0.08789 0.04297
0 0.021 0.15723 0.04199 0.04102
0 0.84473 0.67383 0.09766 0.06641
0 0.90869 0.66016 0.07715 0.03125
0 0.4541 0.02051 0.07812 0.04102
0 0.12451 0.33154 0.1748 0.08691
0 0.10156 0.44971 0.13672 0.05176
0 0.0249 0.78174 0.0498 0.03418
0 0.0415 0.80811 0.0791 0.02051
0 0.01465 0.42432 0.0293 0.03809
0 0.58252 0.48877 0.06152 0.04199
0 0.87451 0.71973 0.06738 0.07617
