0 0.09229 0.93945 0.06152 0.12109
0 0.03223 0.6333 0.05469 0.06348
0 0.14062 0.51416 0.1543 0.08496
0 0.20312 0.49268 0.08008 0.05762
0 0.2793 0.62451 0.0918 0.1084
0 0.22021 0.55273 0.06934 0.06641
0 0.29443 0.521 0.08496 0.06934
0 0.35693 0.52539 0.05176 0.05469
0 0.22998 0.44141 0.16113 0.12695
0 0.40723 0.41016 0.10938 0.08594
0 0.42236 0.45068 0.10645 0.10059
0 0.48438 0.41016 0.07227 0.12109
0 0.62256 0.41602 0.12988 0.07812
0 0.68457 0.40088 0.06641 0.08887
0 0.56836 0.56543 0.07422 0.06641
0 0.63379 0.64355 0.17383 0.07812
0 0.5957 0.69287 0.08008 0.06738
0 0.29736 0.72119 0.06152 0.06152
0 0.31543 0.8042 0.05859 0.05371
0 0.5127 0.88281 0.07031 0.15039
0 0.66016 0.81836 0.13672 0.08203
0 0.61084 0.86182 0.06934 0.05957
0 0.72559 0.77783 0.05664 0.08496
0 0.52148 0.97363 0.10547 0.05273
0 0.95264 0.81006 0.06543 0.0752
0 0.87158 0.78125 0.15918 0.19922
0 0.8501 0.68506 0.12012 0.09863
0 0.95557 0.64648 0.08691 0.08203
0 0.771 0.33301 0.12402 0.10156
0 0.86426 0.25977 0.08008 0.08398
0 0.9165 0.22119 0.07324 0.06543
0 0.9541 0.30029 0.0918 0.10059
0 0.53564 0.23486 0.05957 0.0752
0 0.32129 0.27051 0.08984 0.0918
0 0.75342 0.07471 0.11426 0.10059
0 0.60596 0.06152 0.07715 0.07812
0 0.3623 0.10645 0.11914 0.08984
0 0.07666 0.06396 0.09668 0.07129
0 0.17871 0.02637 0.08398 0.05273
0 0.80469 0.0376 0.10156 0.07129
0 0.30859 0.0166 0.09766 0.0332
0 0.01318 0.46826 0.02441 0.04199
0 0.01465 0.96484 0.0293 0.05273
0 0.88574 0.64795 0.05859 0.06543
