0 0.24316 0.25195 0.19727 0.10352
0 0.39355 0.19189 0.05859 0.05566
0 0.13184 0.45947 0.07812 0.12012
0 0.06006 0.63818 0.12012 0.11816
0 0.19141 0.58301 0.10547 0.07227
0 0.0542 0.53076 0.06738 0.08496
0 0.03027 0.73242 0.06055 0.0625
0 0.14746 0.7666 0.17773 0.07617
0 0.17236 0.70215 0.08887 0.07617
0 0.11572 0.85938 0.08105 0.13477
0 0.19873 0.83057 0.10059 0.07715
0 0.31348 0.84863 0.0957 0.07422
0 0.25586 0.7876 0.09961 0.04785
0 0.32764 0.54541 0.10645 0.10254
0 0.33105 0.65283 0.08984 0.10059
0 0.41699 0.65234 0.07422 0.07031
0 0.46289 0.71826 0.08398 0.07715
0 0.56641 0.74512 0.0625 0.06445
0 0.61475 0.7085 0.09473 0.11816
0 0.37354 0.90186 0.15332 0.07715
0 0.18066 0.97363 0.08594 0.05273
0 0.22949 0.94141 0.08203 0.11719
0 0.51611 0.99365 0.07715 0.0127
0 0.53223 0.95117 0.18164 0.09766
0 0.62256 0.87451 0.08301 0.06543
0 0.67529 0.94189 0.08887 0.06543
0 0.81348 0.94385 0.15625 0.06543
0 0.93408 0.88477 0.09668 0.05664
0 0.94922 0.83203 0.10156 0.06445
0 0.8335 0.81396 0.07715 0.0791
0 0.74121 0.67529 0.13867 0.10059
0 0.89355 0.67529 0.06836 0.11816
0 0.8833 0.51123 0.0791 0.11816
0 0.82129 0.55371 0.06445 0.11328
0 0.76807 0.57373 0.12207 0.07715
0 0.68359 0.57275 0.12891 0.09473
0 0.40332 0.40039 0.10352 0.07617
0 0.48389 0.40137 0.08887 0.08594
0 0.60596 0.41553 0.13574 0.11621
0 0.71631 0.20996 0.08496 0.20898
0 0.65039 0.06494 0.16016 0.08105
0 0.78467 0.08398 0.1084 0.0625
0 0.41309 0.03271 0.07422 0.06543
0 0.93701 0.16602 0.12598 0.07031
0 0.15869 0.17432 0.06738 0.12207
0 0.09912 0.54248 0.08301 0.07715
0 0.93701 0.97266 0.06152 0.05469
0 0.89209 0.91846 0.09668 0.09082
0 0.0835 0.43018 0.06348 0.05566
