0 0.0332 0.86572 0.06641 0.09473
0 0.0166 0.96338 0.0332 0.07324
0 0.05615 0.99121 0.07715 0.01758
0 0.12109 0.97412 0.10352 0.05176
0 0.08984 0.93848 0.10938 0.0625
0 0.30322 0.9917 0.08496 0.0166
0 0.33301 0.9375 0.10547 0.0918
0 0.39648 0.87695 0.12305 0.08398
0 0.18018 0.70605 0.07324 0.12305
0 0.06787 0.52979 0.07715 0.10645
0 0.01709 0.01172 0.03418 0.02344
0 0.30908 0.01367 0.07129 0.02734
0 0.32178 0.0625 0.07324 0.06641
0 0.41797 0.02686 0.06445 0.05371
0 0.58936 0.01758 0.09277 0.03516
0 0.54688 0.09912 0.08203 0.09473
0 0.6709 0.0625 0.0957 0.07422
0 0.70703 0.01367 0.07422 0.02734
0 0.2168 0.32031 0.06445 0.0625
0 0.29932 0.29785 0.08301 0.08789
0 0.2627 0.41748 0.08008 0.03809
0 0.35986 0.3877 0.1123 0.10742
0 0.38867 0.48096 0.07812 0.1377
0 0.45801 0.45215 0.05664 0.05664
0 0.15967 0.42871 0.11426 0.07227
0 0.04834 0.37207 0.09668 0.07227
0 0.50928 0.31152 0.07129 0.08789
0 0.56592 0.27588 0.1084 0.06543
0 0.73047 0.28613 0.0918 0.08984
0 0.56689 0.38721 0.06738 0.07129
0 0.65137 0.39795 0.08008 0.07129
0 0.54932 0.52441 0.07129 0.07422
0 0.58984 0.47852 0.06836 0.0918
0 0.35596 0.61035 0.08691 0.10352
0 0.73389 0.56055 0.10254 0.08008
0 0.66553 0.58838 0.06543 0.08887
0 0.90186 0.37109 0.12598 0.06836
0 0.83203 0.48145 0.08008 0.06836
0 0.93457 0.57178 0.08398 0.08887
0 0.89062 0.72803 0.08984 0.06934
0 0.81152 0.75439 0.11914 0.07129
0 0.75439 0.85449 0.09473 0.07422
0 0.68457 0.89404 0.08594 0.10645
0 0.78906 0.94385 0.11523 0.05957
0 0.59521 0.98193 0.09863 0.03613
0 0.66309 0.98291 0.07422 0.03418
0 0.94189 0.92139 0.11621 0.08105
0 0.86963 0.98145 0.07129 0.03711
0 0.78955 0.98633 0.10254 0.02734
0 0.93164 0.98535 0.08398 0.0293
0 0.86475 0.20508 0.08496 0.09961
0 0.8042 0.125 0.1416 0.08203
0 0.83838 0.02881 0.08105 0.05762
0 0.9541 0.01221 0.08203 0.02441
0 0.94238 0.06934 0.06445 0.08398
0 0.97314 0.11719 0.05371 0.04883
0 0.53711 0.92871 0.08203 0.0625
0 0.99023 0.80518 0.01953 0.06543
0 0.39893 0.02246 0.08887 0.04492
0 0.65332 0.01807 0.07812 0.03613
0 0.96729 0.0835 0.06152 0.0791
0 0.98682 0.07617 0.02637 0.04688
0 0.74072 0.19336 0.0459 0.06055
0 0.91699 0.39551 0.12695 0.08203
0 0.83203 0.38916 0.07031 0.06934
0 0.73291 0.3335 0.09863 0.06738
0 0.29932 0.35596 0.08496 0.08301
0 0.26123 0.39355 0.08887 0.05273
0 0.44482 0.60986 0.09277 0.08301
0 0.95068 0.83105 0.05566 0.04883
0 0.94092 0.96436 0.05176 0.02051
