0 0.53174 0.5127 0.09473 0.06641
0 0.65039 0.78955 0.0957 0.0791
0 0.14355 0.68652 0.0957 0.06641
0 0.98242 0.79932 0.03516 0.11621
0 0.7627 0.87354 0.11133 0.05957
0 0.73438 0.43652 0.10156 0.09375
0 0.97559 0.92627 0.04883 0.08301
0 0.32324 0.20752 0.09766 0.15137
0 0.86475 0.09619 0.03809 0.08691
0 0.05029 0.30225 0.10059 0.0752
0 0.61279 0.05957 0.12012 0.04883
0 0.38916 0.66357 0.1123 0.12598
0 0.2749 0.8042 0.04395 0.0752
0 0.98242 0.24902 0.03516 0.11328
0 0.93164 0.7002 0.08008 0.05469
0 0.81885 0.10547 0.02832 0.08594
0 0.3457 0.56934 0.11328 0.04492
0 0.68506 0.02734 0.1123 0.03711
0 0.16846 0.18213 0.05566 0.14746
0 0.98877 0.60596 0.02246 0.1084
0 0.42432 0.5083 0.07129 0.10645
0 0.36621 0.90918 0.04492 0.10156
0 0.8501 0.60352 0.13574 0.08594
0 0.69189 0.29248 0.1084 0.08496
0 0.11426 0.18848 0.10156 0.08984
0 0.07178 0.94141 0.14355 0.06055
0 0.14355 0.31836 0.10352 0.05664
0 0.86719 0.94775 0.0625 0.10449
0 0.7793 0.4375 0.11328 0.08594
0 0.47217 0.81543 0.05762 0.10156
0 0.28662 0.68994 0.13184 0.06152
0 0.76855 0.03125 0.0918 0.06055
0 0.62402 0.17822 0.06836 0.06738
0 0.79736 0.69678 0.10449 0.05566
0 0.04883 0.6875 0.09766 0.04297
0 0.23486 0.03125 0.10059 0.0625
0 0.92773 0.41895 0.08398 0.03906
0 0.95459 0.17188 0.09082 0.06836
0 0.54639 0.98242 0.08887 0.03516
0 0.08496 0.03418 0.05664 0.06055
0 0.43408 0.6582 0.11621 0.05859
0 0.08838 0.5874 0.15137 0.07715
0 0.74463 0.19629 0.1709 0.10742
0 0.60059 0.41943 0.13477 0.12598
0 0.91064 0.51025 0.0752 0.03418
0 0.46924 0.85498 0.11816 0.04785
0 0.32764 0.36523 0.13574 0.05469
0 0.08643 0.08789 0.17285 0.06055
0 0.1001 0.81104 0.10254 0.1123
0 0.51123 0.92676 0.05566 0.03906
0 0.92578 0.98633 0.03125 0.02734
0 0.02393 0.50244 0.04785 0.07324
0 0.84766 0.74756 0.07812 0.05566
0 0.02246 0.02197 0.03711 0.04004
0 0.61133 0.95215 0.11523 0.04688
0 0.27148 0.84082 0.05078 0.0293
0 0.46191 0.12891 0.20508 0.09375
0 0.15479 0.54443 0.09277 0.04785
0 0.77002 0.97314 0.03223 0.05371
0 0.89551 0.02637 0.05078 0.05273
0 0.99121 0.33594 0.01758 0.01758
0 0.60791 0.38232 0.09863 0.08691
0 0.35059 0.09668 0.1543 0.08398
0 0.59229 0.66553 0.08691 0.04395
0 0.7666 0.66504 0.0625 0.08008
0 0.77344 0.54834 0.07617 0.05176
0 0.06104 0.80859 0.10645 0.13086
0 0.41113 0.20752 0.09766 0.06348
0 0.52441 0.86084 0.10938 0.06738
