0 0.12598 0.25439 0.11523 0.06152
0 0.48145 0.03955 0.09766 0.0752
0 0.79297 0.7168 0.08008 0.07227
0 0.51123 0.14795 0.12793 0.06543
0 0.47266 0.08691 0.10352 0.05469
0 0.43896 0.40723 0.10059 0.05859
0 0.33105 0.38525 0.08984 0.05762
0 0.05566 0.58057 0.11133 0.09082
0 0.24756 0.10107 0.12598 0.05566
0 0.05127 0.50391 0.10254 0.05859
0 0.56982 0.3125 0.10254 0.05859
0 0.6167 0.70947 0.09082 0.05957
0 0.48486 0.62061 0.09082 0.06934
0 0.5127 0.25293 0.09375 0.07227
0 0.82715 0.625 0.08398 0.06445
0 0.68018 0.63135 0.09473 0.0459
0 0.69971 0.97461 0.0752 0.05078
0 0.89551 0.77734 0.08203 0.04883
0 0.28125 0.46631 0.11719 0.04199
0 0.05908 0.77197 0.11816 0.03418
0 0.73633 0.06689 0.10742 0.05957
0 0.18799 0.79199 0.10254 0.04688
0 0.71729 0.56055 0.08691 0.04883
0 0.1665 0.15967 0.08301 0.05176
0 0.89941 0.68799 0.08594 0.03613
0 0.03857 0.41553 0.07715 0.0459
0 0.04004 0.97852 0.07617 0.04297
0 0.96289 0.18945 0.07422 0.07031
0 0.99121 0.3916 0.01758 0.05664
0 0.44287 0.27002 0.0752 0.03223
0 0.57861 0.93555 0.08887 0.05273
0 0.78711 0.78223 0.0957 0.03711
0 0.97559 0.30762 0.04883 0.05859
0 0.03809 0.02686 0.07227 0.05176
0 0.03564 0.36377 0.07129 0.05371
0 0.1748 0.73877 0.10547 0.05176
0 0.56104 0.35547 0.07715 0.05078
0 0.30615 0.45068 0.1123 0.0498
0 0.34033 0.08252 0.06348 0.03809
0 0.30225 0.83301 0.11426 0.04688
0 0.81396 0.52344 0.0752 0.03906
0 0.44531 0.97314 0.10938 0.05371
0 0.94043 0.09424 0.08008 0.06738
0 0.30615 0.78467 0.06934 0.05566
0 0.96875 0.76221 0.0625 0.0498
0 0.53125 0.66797 0.05859 0.03906
0 0.63428 0.97656 0.09668 0.0332
0 0.3125 0.16797 0.11328 0.06445
0 0.78174 0.34766 0.05762 0.04492
0 0.71289 0.43506 0.13281 0.04395
0 0.6665 0.87695 0.06543 0.04297
0 0.21582 0.0625 0.16016 0.05859
0 0.02295 0.43457 0.0459 0.03906
0 0.61133 0.75439 0.08594 0.03418
0 0.17969 0.84521 0.14648 0.04199
0 0.86816 0.43408 0.08984 0.05762
0 0.68457 0.81104 0.09375 0.0459
0 0.32666 0.86963 0.11816 0.03418
0 0.7334 0.3999 0.08984 0.05957
0 0.93457 0.96582 0.06445 0.0332
0 0.57129 0.57324 0.08984 0.02734
0 0.98486 0.146 0.03027 0.05371
0 0.97217 0.98975 0.03809 0.02051
0 0.98291 0.01855 0.03418 0.03711
0 0.97705 0.89453 0.0459 0.03125
0 0.22168 0.42432 0.06055 0.03613
0 0.60889 0.98926 0.0498 0.02148
0 0.77197 0.99023 0.03613 0.01953
0 0.81445 0.81543 0.07227 0.02734
0 0.16211 0.46973 0.10156 0.03516
0 0.94385 0.43701 0.04785 0.0498
0 0.04785 0.73242 0.0957 0.04297
0 0.12354 0.74365 0.0791 0.05176
0 0.54053 0.81689 0.06348 0.03418
0 0.18506 0.9458 0.11035 0.0498
0 0.09424 0.85693 0.15137 0.07129
0 0.74658 0.70361 0.08105 0.0498
0 0.79443 0.8457 0.06543 0.03125
0 0.71094 0.45508 0.10742 0.02148
