0 0.65967 0.96094 0.10449 0.07812
0 0.37939 0.68311 0.12012 0.12793
0 0.23926 0.80908 0.08984 0.16504
0 0.54053 0.53711 0.09277 0.08984
0 0.31201 0.20703 0.0791 0.08984
0 0.65186 0.25684 0.10449 0.18555
0 0.27441 0.58936 0.0957 0.10449
0 0.08447 0.85596 0.11035 0.08691
0 0.86572 0.8335 0.10254 0.12207
0 0.20703 0.27197 0.08008 0.13574
0 0.5918 0.78564 0.11523 0.10254
0 0.94727 0.29102 0.10547 0.14258
0 0.79297 0.05957 0.09766 0.11523
0 0.06348 0.71729 0.11719 0.15527
0 0.84814 0.27441 0.13184 0.14062
0 0.6958 0.85596 0.10254 0.1123
0 0.93604 0.55957 0.12793 0.14062
0 0.09961 0.10059 0.09961 0.10742
0 0.30225 0.02393 0.05176 0.04785
0 0.0332 0.39941 0.0625 0.10547
0 0.72705 0.27344 0.0752 0.16211
