0 0.92188 0.90039 0.05469 0.0293
0 0.08203 0.29736 0.10156 0.05762
0 0.4375 0.39697 0.05469 0.08301
0 0.11084 0.71191 0.05957 0.08398
0 0.33643 0.18018 0.08691 0.06543
0 0.24854 0.72949 0.09082 0.04883
0 0.43311 0.14404 0.09863 0.07129
0 0.14893 0.17773 0.09863 0.05859
0 0.31885 0.48682 0.06543 0.05957
0 0.60547 0.4751 0.06445 0.06543
0 0.25244 0.12451 0.0791 0.07324
0 0.3042 0.30811 0.06738 0.0459
0 0.94873 0.74805 0.08887 0.06055
0 0.03418 0.45508 0.06836 0.05469
0 0.46826 0.47998 0.03809 0.1377
0 0.66406 0.2373 0.06836 0.05664
0 0.88428 0.36816 0.0791 0.12109
0 0.56592 0.22461 0.07715 0.05859
0 0.68945 0.49268 0.11328 0.05957
0 0.37988 0.59082 0.0625 0.04492
0 0.67139 0.19922 0.06152 0.08008
0 0.40771 0.24121 0.09082 0.05469
0 0.05127 0.17969 0.09277 0.07422
0 0.5293 0.23926 0.07031 0.08398
0 0.32373 0.7915 0.08105 0.0498
0 0.2749 0.83203 0.08887 0.04883
0 0.11475 0.81104 0.0791 0.05176
0 0.13721 0.49268 0.08691 0.04785
0 0.62354 0.74219 0.09863 0.08203
0 0.37402 0.62646 0.07227 0.03613
0 0.66406 0.83252 0.08203 0.04004
0 0.25977 0.52588 0.07031 0.05762
0 0.13965 0.57861 0.0918 0.03809
0 0.20312 0.875 0.05469 0.04297
0 0.97266 0.55615 0.05469 0.03613
0 0.12256 0.92578 0.06152 0.03906
0 0.56201 0.74854 0.03223 0.07324
0 0.98193 0.4668 0.03613 0.05273
0 0.7417 0.23047 0.04004 0.05078
0 0.75293 0.78027 0.11133 0.0625
0 0.29785 0.50195 0.06055 0.05078
0 0.68506 0.89648 0.12207 0.03906
0 0.92773 0.92432 0.05273 0.03809
0 0.11035 0.86279 0.07227 0.04004
0 0.51758 0.01953 0.04688 0.03711
0 0.55908 0.59131 0.06738 0.05176
0 0.52051 0.26904 0.05078 0.05566
0 0.52979 0.61035 0.04785 0.04297
0 0.21729 0.28662 0.12598 0.04395
0 0.68164 0.52148 0.06836 0.04688
0 0.3833 0.521 0.06152 0.03613
0 0.89502 0.50195 0.04395 0.0293
0 0.52734 0.88867 0.12891 0.04102
0 0.02637 0.90186 0.05273 0.03809
0 0.76709 0.20898 0.08691 0.06445
0 0.38965 0.02881 0.09766 0.04785
0 0.45068 0.55322 0.05176 0.03027
0 0.25342 0.26953 0.08301 0.03906
0 0.14502 0.69141 0.05371 0.02148
0 0.479 0.84473 0.0752 0.03906
0 0.854 0.56396 0.06152 0.04395
0 0.28857 0.63281 0.07129 0.04102
0 0.57617 0.56885 0.03516 0.0459
0 0.98633 0.94873 0.02734 0.04785
0 0.83301 0.78516 0.07031 0.06055
0 0.35645 0.89307 0.05273 0.04395
0 0.18262 0.92383 0.12695 0.07812
0 0.25049 0.91309 0.05371 0.03516
0 0.01611 0.82812 0.03223 0.04102
0 0.70312 0.17529 0.0625 0.05566
0 0.50342 0.52197 0.04004 0.04199
0 0.72168 0.56396 0.06836 0.0459
0 0.04102 0.01904 0.08203 0.03418
0 0.22168 0.5791 0.04688 0.03906
