0 0.41162 0.73926 0.0791 0.07031
0 0.51465 0.26807 0.08008 0.10254
0 0.72656 0.354 0.15234 0.07715
0 0.62598 0.13086 0.06641 0.07227
0 0.77344 0.47314 0.11719 0.06738
0 0.37061 0.16748 0.08691 0.08496
0 0.39014 0.45264 0.07715 0.08301
0 0.86475 0.79688 0.07715 0.08008
0 0.20898 0.54297 0.07422 0.0625
0 0.81006 0.69824 0.06348 0.07227
0 0.52197 0.625 0.05762 0.09766
0 0.84473 0.29004 0.07031 0.06445
0 0.70215 0.97266 0.05078 0.05469
0 0.87793 0.20361 0.07227 0.06738
0 0.93994 0.1377 0.09863 0.08984
0 0.57861 0.68652 0.04785 0.06641
0 0.42822 0.04443 0.07324 0.06934
0 0.65332 0.04199 0.06836 0.08008
0 0.70703 0.03906 0.07812 0.07227
0 0.34424 0.48193 0.05371 0.08496
0 0.72119 0.42041 0.05566 0.05762
