0 0.95996 0.54492 0.08008 0.0918
0 0.57021 0.77441 0.06152 0.08008
0 0.31006 0.15527 0.06934 0.10156
0 0.41309 0.1582 0.05469 0.13281
0 0.2627 0.06689 0.0625 0.08887
0 0.5835 0.45312 0.10449 0.12305
0 0.82764 0.17285 0.06152 0.08984
0 0.16992 0.53076 0.13281 0.05762
0 0.84766 0.67334 0.08008 0.08105
0 0.81396 0.79102 0.04395 0.07617
0 0.71436 0.5498 0.02637 0.08008
0 0.49561 0.54004 0.04199 0.06055
0 0.02979 0.51416 0.05957 0.05371
0 0.48584 0.06152 0.08301 0.12305
0 0.78076 0.78955 0.03223 0.05957
0 0.01855 0.7959 0.03711 0.08398
0 0.36914 0.01807 0.10156 0.03418
0 0.52344 0.06494 0.03125 0.09277
0 0.29199 0.51074 0.06055 0.0625
0 0.86084 0.25537 0.09863 0.03418
0 0.74121 0.92432 0.12109 0.03809
0 0.02441 0.21143 0.04883 0.07129
0 0.11475 0.24219 0.05957 0.05078
0 0.50244 0.7832 0.05566 0.05469
0 0.26709 0.73926 0.10254 0.05469
0 0.00586 0.09619 0.01172 0.02832
0 0.51562 0.6123 0.03125 0.08984
0 0.30225 0.02881 0.07129 0.0498
0 0.11426 0.36816 0.13281 0.04883
0 0.47217 0.36035 0.12793 0.03711
0 0.34424 0.89258 0.09277 0.02539
0 0.31055 0.31641 0.05859 0.04102
0 0.20801 0.06006 0.02539 0.05176
0 0.91455 0.78564 0.04395 0.07129
0 0.59668 0.33545 0.05078 0.06738
0 0.26367 0.14697 0.05859 0.05176
0 0.74268 0.01172 0.05957 0.02344
0 0.9209 0.40625 0.05078 0.11523
0 0.14746 0.98975 0.04297 0.02051
0 0.64111 0.74463 0.05371 0.04785
0 0.625 0.97852 0.0957 0.0293
0 0.76123 0.4043 0.08691 0.03516
0 0.60107 0.95654 0.11035 0.0459
0 0.4751 0.59033 0.04395 0.04004
0 0.70654 0.354 0.12598 0.04395
0 0.78057 0.2915 0.08008 0.04004
0 0.87988 0.22217 0.0293 0.07129
0 0.15967 0.83643 0.0752 0.06934
0 0.41406 0.7207 0.06445 0.02148
0 0.98633 0.43945 0.02734 0.07422
0 0.14355 0.73682 0.08203 0.03809
0 0.67334 0.17139 0.03809 0.05566
0 0.51611 0.28662 0.0752 0.05176
0 0.35791 0.57471 0.06348 0.03809
0 0.65137 0.84619 0.05078 0.05957
0 0.30273 0.46631 0.06055 0.02832
0 0.69629 0.12061 0.03125 0.06152
0 0.00977 0.31738 0.01953 0.0332
0 0.91357 0.65771 0.03418 0.05176
0 0.50293 0.29199 0.05664 0.04688
0 0.85596 0.06982 0.06543 0.07324
0 0.34766 0.98828 0.14648 0.02344
0 0.18408 0.01904 0.05566 0.03809
0 0.77197 0.96875 0.05762 0.04297
0 0.13916 0.93115 0.04004 0.02441
0 0.3335 0.92871 0.04004 0.04297
0 0.65332 0.30225 0.05859 0.04004
0 0.97559 0.34131 0.04883 0.05566
0 0.92725 0.99121 0.10059 0.01758
0 0.98291 0.98096 0.03418 0.03809
0 0.07715 0.96387 0.0625 0.04883
