0 0.72705 0.33154 0.17871 0.12598
0 0.47754 0.27051 0.19531 0.11914
0 0.86768 0.17236 0.11621 0.1123
0 0.28125 0.97119 0.08008 0.05762
0 0.94092 0.65381 0.11816 0.17285
0 0.76807 0.53467 0.11426 0.16113
0 0.5 0.4917 0.07422 0.1416
0 0.32812 0.35986 0.07812 0.10645
0 0.30713 0.04736 0.16895 0.08887
0 0.1875 0.6084 0.08789 0.07031
0 0.36768 0.71484 0.08496 0.12891
0 0.32715 0.92822 0.09961 0.05957
0 0.56055 0.95361 0.10742 0.09277
0 0.79297 0.93652 0.08594 0.12695
0 0.2124 0.95312 0.10449 0.09375
0 0.57275 0.36182 0.05762 0.0498
0 0.58301 0.15576 0.10352 0.11426
0 0.50586 0.04053 0.08594 0.08105
0 0.7124 0.05615 0.13574 0.1123
0 0.12646 0.10791 0.10254 0.08496
0 0.15088 0.02197 0.1123 0.04395
0 0.07031 0.35889 0.14062 0.0791
0 0.06689 0.43848 0.13379 0.10352
0 0.021 0.50635 0.04199 0.06543
0 0.3667 0.48877 0.05176 0.04004
0 0.35742 0.54492 0.11328 0.05469
0 0.38477 0.59717 0.10156 0.06543
0 0.57129 0.67773 0.08008 0.10938
0 0.4834 0.72412 0.0957 0.05566
0 0.47656 0.76367 0.07812 0.03711
0 0.54248 0.82178 0.06543 0.05566
0 0.66016 0.92334 0.07031 0.07129
0 0.91602 0.87646 0.16797 0.15918
0 0.81445 0.78467 0.07227 0.1123
0 0.09863 0.65039 0.05664 0.08789
0 0.19385 0.74805 0.07324 0.17383
0 0.02637 0.85693 0.05273 0.05762
